GaiaDR3                               RA         DEC   Gmag  Bp-Rp  Voff(km/s) Sep(deg)   3D(pc) Vr(pred)  Vr(obs)    Vrerr Plx(mas)  SpT    FnuvJ  W1-W3    RUWE  XCrate                               RVsrc    PMRApred   PMDecpred        PMRA     PMRAerr       PMDec    PMDecerr
Gaia DR3 2881784280929695360   0.3620977  39.3837942 10.593  0.694       0.000   0.0000   0.0000   -14.21      nan      nan    3.684  nan      nan    nan   0.908     nan                                None      -9.696      -7.823      -9.696       0.010      -7.823       0.010
Gaia DR3 2881715900753580800 358.7077647  39.7547873 18.299  2.848       2.491   1.3281   7.5401   -13.99      nan      nan    3.629  nan      nan    nan   1.002     nan                                None      -9.650      -7.814      -9.170       0.114      -5.969       0.105
Gaia DR3 2880703289200384384   0.8782832  37.7824289 16.035  2.242       2.054   1.6514   7.8310   -14.01      nan      nan    3.680  nan      nan    nan   1.019     nan                                None      -9.656      -8.068     -10.426       0.046      -9.463       0.030
Gaia DR3 2880653261421646720   1.8939851  37.7474906 18.958  2.978       1.064   2.0278   9.6942   -14.18      nan      nan    3.668  nan      nan    nan   1.072     nan                                None      -9.558      -7.944     -10.208       0.199      -7.440       0.164
Gaia DR3 2882219584455171328   0.2155878  41.0403891 16.948  2.678       2.740   1.6604  10.5383   -14.47      nan      nan    3.592  nan      nan    nan   0.998     nan                                None      -9.465      -7.331     -11.092       0.049      -6.042       0.043
 Gaia DR3 384031103454486912   1.1158195  41.1544026 13.138  1.157       2.235   1.8616  11.1939   -14.63      nan      nan    3.594  nan      nan    nan   4.014     nan                                None      -9.415      -7.215      -9.578       0.040      -5.530       0.037
Gaia DR3 1921378088296079744 358.6440428  40.8156681 17.262  2.615       2.043   1.9435  11.3197   -14.17      nan      nan    3.598  nan      nan    nan   0.969     nan                                None      -9.572      -7.557     -10.950       0.083      -6.847       0.063
Gaia DR3 2880644220514403712   1.5728981  37.7272618 16.527  2.563       2.004   1.9080  11.8242   -14.12      nan      nan    3.792  nan      nan    nan   1.076     nan                                None      -9.902      -8.250     -11.415       0.064      -8.778       0.044
Gaia DR3 1920962262446796800 358.1942825  39.8938935 18.868  2.891       2.000   1.7455  13.9086   -13.93      nan      nan    3.844  nan      nan    nan   1.003     nan                                None     -10.252      -8.307      -9.815       0.159      -9.868       0.151
 Gaia DR3 384351645453762560   0.0318435  42.4621655 18.053  2.611       1.334   3.0885  14.9928   -14.67      nan      nan    3.645  nan      nan    nan   1.231     nan                                None      -9.614      -7.180      -8.753       0.292      -7.736       0.168
Gaia DR3 2879998502246710144 356.9683267  38.0229109 18.023  3.185       1.310   2.9774  15.4915   -13.38      nan      nan    3.603  nan      nan    nan   0.941     nan                                None      -9.675      -8.256      -9.968       0.132      -7.305       0.095
Gaia DR3 2880884807402153728   1.7962989  39.0962147 18.183  1.809       2.038   1.1474  15.6801   -14.40      nan      nan    3.495  nan      nan    nan   2.623     nan                                None      -9.112      -7.330      -7.678       0.266      -6.885       0.241
 Gaia DR3 379667588481346816   4.5981099  38.8296940 10.665  0.620       2.077   3.3331  15.7847   -14.82      nan      nan    3.687  nan      nan    nan   1.081     nan                                None      -9.415      -7.493     -11.017       0.018      -7.690       0.012
Gaia DR3 2879998497951332992 356.9637437  38.0226210 18.349  3.019       1.006   2.9807  16.8700   -13.37      nan      nan    3.567  nan      nan    nan   1.032     nan                                None      -9.578      -8.174      -9.625       0.164      -7.419       0.116
Gaia DR3 2879720080990718080 357.4856633  37.1188947 18.220  2.840       2.772   3.1984  17.0136   -13.29      nan      nan    3.587  nan      nan    nan   1.013     nan                                None      -9.604      -8.325     -10.193       0.144      -6.313       0.113
Gaia DR3 2878616209972360320 359.3012691  35.9179377 15.498  1.929       2.273   3.5661  17.7672   -13.38      nan      nan    3.768  nan      nan    nan   0.979     nan                                None      -9.983      -8.777      -8.204       0.032      -9.078       0.025
Gaia DR3 2881603823583073664 358.6466373  38.9063304 13.450  1.155       2.691   1.4135  17.8661   -13.83      nan      nan    3.473  nan      nan    nan   4.892     nan                                None      -9.238      -7.634      -7.370       0.073      -8.258       0.051
 Gaia DR3 384011101791235328   1.2157005  40.8436225 17.414  2.539       1.615   1.5991  18.5327   -14.60      nan      nan    3.469  nan      nan    nan   1.049     nan                                None      -9.080      -7.011      -9.380       0.072      -5.868       0.057
 Gaia DR3 379547638633735808   4.3380599  38.2758143 17.237  2.608       1.482   3.2892  19.5380   -14.68      nan      nan    3.536  nan      nan    nan   1.022     nan                                None      -9.047      -7.318      -9.836       0.060      -8.091       0.051
Gaia DR3 2881065269044404736   1.4149655  39.1957473 16.692  2.281       0.775   0.8363  19.5419   -14.35      nan      nan    3.441  nan      nan    nan   0.989     nan                                None      -8.996      -7.238      -8.721       0.040      -6.747       0.040
 Gaia DR3 383503711533660416   4.3502222  41.6004861 17.810  2.629       1.433   3.7560  20.1959   -15.23      nan      nan    3.566  nan      nan    nan   0.966     nan                                None      -9.123      -6.725      -8.555       0.090      -7.640       0.076
Gaia DR3 2879975137624845312 357.6516243  38.0475597 17.157  2.496       0.985   2.5015  21.1463   -13.50      nan      nan    3.942  nan      nan    nan   0.981     nan                                None     -10.545      -8.949     -11.082       0.083      -8.332       0.054
Gaia DR3 2881406869266913792 358.7589144  38.5278371 17.889  2.899       1.612   1.5122  21.2242   -13.78      nan      nan    3.432  nan      nan    nan   1.060     nan                                None      -9.124      -7.600      -8.039       0.159      -7.173       0.119
Gaia DR3 1918743383559915648 355.4620237  37.4646107 15.798  2.381       0.545   4.2910  21.2371   -13.00      nan      nan    3.611  nan      nan    nan   1.381     nan                                None      -9.770      -8.529      -9.714       0.049      -8.118       0.043
 Gaia DR3 382827718042116608   2.7120126  39.1192979 19.986  2.902       2.980   1.8388  21.6211   -14.55      nan      nan    3.975  nan      nan    nan   1.015     nan                                None     -10.298      -8.229      -9.135       0.340     -10.440       0.287
 Gaia DR3 384627859094622208   1.7085503  43.0664092 17.681  2.813       2.069   3.8192  22.0096   -15.04      nan      nan    3.528  nan      nan    nan   0.933     nan                                None      -9.205      -6.650      -8.056       0.080      -5.626       0.081
Gaia DR3 2881421575235740928 358.8854176  38.9211360 13.643  1.307       2.757   1.2350  22.1690   -13.87      nan      nan    3.415  nan      nan    nan   1.124     nan                                None      -9.073      -7.482      -7.205       0.017      -6.809       0.012
Gaia DR3 2879453827377953152 355.7891831  36.4342494 13.203  1.116       1.000   4.6590  22.5520   -12.86      nan      nan    3.632  nan      nan    nan   0.960     nan                                None      -9.812      -8.723      -9.773       0.013      -7.958       0.012
Gaia DR3 2876737969234739200   1.7459353  35.1215715 17.472  2.603       1.440   4.4021  22.7131   -13.66      nan      nan    3.575  nan      nan    nan   0.991     nan                                None      -9.324      -8.238     -10.409       0.114      -8.283       0.060
 Gaia DR3 383602706236942848   4.3657482  41.7991692 12.277  0.888       1.959   3.8822  22.7158   -15.26      nan      nan    3.519  nan      nan    nan   0.973     nan                                None      -9.002      -6.596     -10.233       0.009      -7.368       0.008
 Gaia DR3 379269217377907072   6.4288820  39.1754697 17.289  2.572       0.955   4.6998  23.0041   -15.17      nan      nan    3.778  nan      nan    nan   1.020     nan                                None      -9.502      -7.413      -9.352       0.079      -6.668       0.074
 Gaia DR3 382993538138799872   4.1766455  40.2199095 18.896 -0.154       0.566   3.0472  23.9840   -14.98      nan      nan    3.969  nan      nan    nan   0.993     nan                                None     -10.170      -7.812     -10.642       0.208      -7.832       0.136
Gaia DR3 1919862682098770560 354.0611744  38.7992670 17.440  2.741       2.480   4.9242  24.2191   -13.01      nan      nan    3.790  nan      nan    nan   0.996     nan                                None     -10.318      -8.864      -9.180       0.108      -7.243       0.074
Gaia DR3 2880104532104405504   0.4930606  36.5609731 19.548  2.732       1.096   2.8247  24.4010   -13.72      nan      nan    3.430  nan      nan    nan   0.986     nan                                None      -9.021      -7.769      -8.234       0.327      -7.857       0.251
Gaia DR3 1923752582439069440 353.9718746  41.4131286 19.788  2.631       1.560   5.2710  25.0034   -13.49      nan      nan    3.724  nan      nan    nan   1.090     nan                                None     -10.143      -8.245      -9.308       0.301      -7.349       0.304
Gaia DR3 1925952056667937408 357.6580130  44.4018893 10.263  0.458       2.768   5.4059  25.6655   -14.61      nan      nan    3.730  nan      nan    nan   2.755     nan                                None      -9.977      -7.240     -11.842       0.040      -8.362       0.039
 Gaia DR3 379605736655671040   5.2428573  38.4138357 19.533  2.610       2.145   3.9198  25.6962   -14.85      nan      nan    3.465  nan      nan    nan   1.005     nan                                None      -8.802      -7.059      -7.684       0.288      -8.157       0.308
Gaia DR3 2881776343830710272   0.3181723  39.1173737 16.846  1.983       2.510   0.2686  25.7424   -14.15      nan      nan    3.365  nan      nan    nan   7.576     nan                                None      -8.860      -7.197      -7.360       0.313      -8.156       0.317
Gaia DR3 1926135499015130240 357.2632515  44.3220488 18.222  2.790       0.952   5.4500  26.0482   -14.53      nan      nan    3.752  nan      nan    nan   0.918     nan                                None     -10.058      -7.347      -9.677       0.106      -7.996       0.105
Gaia DR3 2864287752395778176   5.6784646  35.5643578 12.949  1.031       1.019   5.6892  26.9115   -14.43      nan      nan    3.701  nan      nan    nan   5.205     nan                                None      -9.369      -8.066      -8.616       0.079      -8.322       0.079
 Gaia DR3 378489285676285568   6.9358555  37.0895352 19.201  3.045       1.089   5.6483  27.2311   -14.91      nan      nan    3.631  nan      nan    nan   1.054     nan                                None      -9.092      -7.495      -9.733       0.269      -8.027       0.244
Gaia DR3 1920233702851917952 354.6303632  39.0316200 12.803  1.119       2.690   4.4545  27.2597   -13.16      nan      nan    3.473  nan      nan    nan   1.355     nan                                None      -9.432      -8.025      -9.745       0.019      -6.081       0.014
Gaia DR3 2874347218639018496   1.8390871  33.7157961 18.408  2.636       2.691   5.7906  27.3908   -13.41      nan      nan    3.706  nan      nan    nan   1.021     nan                                None      -9.660      -8.790      -7.565       0.208      -8.974       0.124
Gaia DR3 2864147560367649408   4.8947693  34.8354537 18.484  2.844       2.702   5.8080  27.7906   -14.16      nan      nan    3.761  nan      nan    nan   0.986     nan                                None      -9.581      -8.416     -10.166       0.189     -10.477       0.173
 Gaia DR3 380194185830563840   6.7263961  40.3087857 16.034  2.113       2.928   4.9719  27.8481   -15.40      nan      nan    3.913  nan      nan    nan   1.066     nan                                None      -9.817      -7.396      -8.642       0.039      -9.507       0.040
Gaia DR3 1925449300679356160 355.8287811  42.9859830 18.789  3.182       2.846   4.9599  28.2584   -14.08      nan      nan    3.494  nan      nan    nan   1.123     nan                                None      -9.436      -7.251      -7.470       0.192      -7.979       0.175
 Gaia DR3 384703175641408384   2.2631885  43.6141290 17.720  2.577       1.783   4.4632  28.3713   -15.21      nan      nan    3.453  nan      nan    nan   0.966     nan                                None      -8.974      -6.343      -9.810       0.089      -5.351       0.068
 Gaia DR3 384363121605292160   1.3763507  42.0804448 19.949  2.672       2.717   2.8040  28.6176   -14.83      nan      nan    3.373  nan      nan    nan   1.016     nan                                None      -8.819      -6.574     -10.393       0.392      -5.454       0.330
Gaia DR3 1919852172316318720 354.1578646  38.7963664 17.291  2.625       2.925   4.8502  28.8467   -13.03      nan      nan    3.952  nan      nan    nan   2.244     nan                                None     -10.756      -9.233      -9.838       0.262      -6.975       0.156
Gaia DR3 1926566718030495232 356.1813673  44.5655561 15.968  2.237       1.890   6.0404  29.0071   -14.40      nan      nan    3.775  nan      nan    nan   1.004     nan                                None     -10.176      -7.477     -11.642       0.034      -7.812       0.028
Gaia DR3 2875434115946791040   0.0086343  34.6251433 19.367  2.633       2.241   4.7670  29.0501   -13.26      nan      nan    3.965  nan      nan    nan   0.976     nan                                None     -10.460      -9.413     -10.208       0.364      -7.557       0.219
Gaia DR3 1921457837248631040 358.6938489  41.2737645 10.664  0.655       1.622   2.2779  29.1108   -14.26      nan      nan    3.352  nan      nan    nan   0.983     nan                                None      -8.915      -6.955      -9.867       0.011      -7.594       0.009
Gaia DR3 2876512672429801984   3.5743770  36.0308099 15.946  2.509       1.662   4.2066  29.2345   -14.15      nan      nan    4.011  nan      nan    nan   1.293     nan                                None     -10.323      -8.861      -8.927       0.057      -9.029       0.034
 Gaia DR3 378480631317858944   6.7919442  36.9273384 16.842  2.478       2.100   5.6193  29.3499   -14.86      nan      nan    3.880  nan      nan    nan   0.999     nan                                None      -9.728      -8.058     -10.694       0.061      -9.479       0.054
Gaia DR3 2874280900048590592   0.6382960  33.4170644 19.318  2.984       2.827   5.9709  29.4570   -13.13      nan      nan    3.822  nan      nan    nan   1.020     nan                                None     -10.044      -9.238      -9.066       0.316      -7.180       0.198
 Gaia DR3 383523537106557440   5.0715665  41.3938245 17.626  2.946       2.667   4.1109  29.7120   -15.31      nan      nan    3.410  nan      nan    nan   1.053     nan                                None      -8.676      -6.400      -8.183       0.100      -8.253       0.074
 Gaia DR3 384176238989452544   1.5241295  42.0532315 12.796  1.052       1.214   2.8109  29.7892   -14.85      nan      nan    3.358  nan      nan    nan  18.388     nan                                None      -8.772      -6.535      -9.156       0.213      -5.767       0.180
Gaia DR3 1924076667789611520 353.7091869  42.5434798 11.732  0.880       2.896   5.9320  29.8406   -13.65      nan      nan    3.569  nan      nan    nan   1.914     nan                                None      -9.732      -7.730     -11.635       0.020      -8.791       0.023
Gaia DR3 1924146826078398080 353.5625353  42.9237145 18.338  2.748       2.408   6.2211  29.9276   -13.70      nan      nan    3.631  nan      nan    nan   1.062     nan                                None      -9.908      -7.813     -11.096       0.112      -6.403       0.115
