GaiaDR3                               RA         DEC   Gmag  Bp-Rp  Voff(km/s) Sep(deg)   3D(pc) Vr(pred)  Vr(obs)    Vrerr Plx(mas)  SpT    FnuvJ  W1-W3    RUWE  XCrate                               RVsrc    PMRApred   PMDecpred        PMRA     PMRAerr       PMDec    PMDecerr
Gaia DR3 5157183324996790272  42.2477235 -14.5372770 12.089  2.369       0.000   0.0000   0.0000    32.37      nan      nan   26.571  nan      nan    nan   1.546     nan                                None     164.069      46.549     164.069       0.025      46.549       0.027
Gaia DR3 5157183324996789760  42.2500913 -14.5376399 12.371  2.461       1.897   0.0023   0.0444    32.37      nan      nan   26.539  nan      nan    nan   1.525     nan                                None     163.868      46.497     174.433       0.026      45.465       0.029
Gaia DR3 5073246882211822720  44.9016522 -25.2737587  5.599  0.546       1.721  11.0215   8.0582    31.45      nan      nan   30.018  nan      nan    nan   1.106     nan                                None     175.361      93.425     181.303       0.033      84.300       0.047
Gaia DR3 5073247191449468800  44.8502746 -25.2585299 11.917  2.466       1.495  10.9959   8.0892    31.43      nan      nan   30.106  nan      nan    nan   1.456     nan                                None     176.072      93.578     182.880       0.017      86.972       0.022
Gaia DR3 5184015909840284800  41.0030022  -6.0092176 13.626  2.486       0.914   8.6154   8.1981    32.61      nan      nan   23.168  nan      nan    nan   3.580     nan                                None     146.574      16.348     143.863       0.357      19.895       0.253
Gaia DR3 5126981355490260480  40.3452734 -20.7751059 15.747  3.294       2.906   6.4956   8.2125    30.35      nan      nan   22.514  nan      nan    nan   1.127     nan                                None     144.214      54.247     152.583       0.043      65.212       0.044
Gaia DR3 5060193995564745728  50.2136170 -28.2590457 11.325  2.178       2.358  15.5852  10.8381    32.77      nan      nan   30.912  nan      nan    nan   2.017     nan                                None     158.831     114.210     161.289       0.022      99.040       0.028
Gaia DR3 2499907262488342400  35.6032300  -0.9082268 15.199  3.198       1.469  15.1290  11.8851    29.81      nan      nan   23.244  nan      nan    nan   1.153     nan                                None     161.524       1.891     154.482       0.050       3.374       0.038
Gaia DR3 5178187944162427392  38.7199327  -7.2845323 12.117  2.377       0.828   8.0364  12.5317    31.31      nan      nan   38.622  nan      nan    nan   1.464     nan                                None     254.784      31.897     251.548       0.027      37.808       0.023
Gaia DR3 5113129364405368704  51.2284616 -14.0781257 18.820  1.469       2.793   8.7137  14.0089    36.47      nan      nan   20.001  nan      nan    nan   1.376     nan                                None      99.978      38.213      94.175       0.428      27.964       0.400
Gaia DR3 3257976854317036928  60.3534886   1.1229197 16.063  3.854       2.481  23.8002  15.1878    40.85      nan      nan   29.068  nan      nan    nan   1.108     nan                                None     106.916      -5.443     113.662       0.134     -19.066       0.096
Gaia DR3 5044830175990760960  46.5529984 -38.6393273 14.467  3.012       0.778  24.3997  15.9332    27.80      nan      nan   26.483  nan      nan    nan   1.113     nan                                None     149.050     123.540     146.193       0.017     126.808       0.019
  Gaia DR3 15674882579496576  48.0169312  11.3141168 14.111  3.029       2.318  26.4761  16.7881    35.47      nan      nan   30.185  nan      nan    nan   1.397     nan                                None     164.049     -45.756     158.756       0.032     -31.987       0.029
Gaia DR3 2456487788826106112  19.3171829 -13.2631690 10.019  1.998       2.148  22.2862  18.1418    18.88      nan      nan   42.328  nan      nan    nan   1.040     nan                                None     356.979      38.936     364.219       0.020      21.189       0.021
Gaia DR3 4898159654173165824  67.2129564 -22.8889254 18.693  4.355       2.681  25.0319  18.1548    39.33      nan      nan   39.398  nan      nan    nan   1.724     nan                                None     103.312     137.210     119.858       0.286     152.105       0.309
Gaia DR3 3205679721908034688  66.4246420  -2.2324107  7.283  0.769       0.812  26.8508  18.4093    42.45      nan      nan   24.603  nan      nan    nan   1.795     nan                                None      67.556       8.137      63.538       0.052       6.871       0.038
Gaia DR3 2535718905961089280  15.3538701  -1.0997418 12.822  2.783       2.333  29.7785  19.0726    16.56      nan      nan   34.635  nan      nan    nan   4.370     nan                                None     301.184       1.689     290.319       0.379     -11.430       0.157
Gaia DR3 3264085573417690112  51.6447290  -0.4589070 10.850  1.545       2.066  16.8682  19.6408    37.75      nan      nan   19.105  nan      nan    nan   1.046     nan                                None      94.398       0.869     101.529       0.016       5.156       0.018
Gaia DR3 5091733624044580608  64.0044354 -20.3501177 14.545  2.937       2.366  21.5327  19.9680    39.31      nan      nan   20.231  nan      nan    nan   1.106     nan                                None      63.158      61.824      71.657       0.022      67.260       0.020
Gaia DR3 2538666146879278336  17.8969719   2.3303911 11.673  2.214       2.985  29.4325  20.1443    18.36      nan      nan   24.532  nan      nan    nan   1.470     nan                                None     209.315      -4.316     198.386       0.041       6.589       0.028
  Gaia DR3 87839575921925248  39.2160830  19.7434319 15.461  3.522       2.540  34.4102  21.2944    29.93      nan      nan   31.151  nan      nan    nan   1.070     nan                                None     203.697     -71.185     208.563       0.047     -87.140       0.042
Gaia DR3 3272696055134814592  61.1044704   5.1202189 13.889  2.802       2.777  27.1298  21.5594    40.92      nan      nan   21.485  nan      nan    nan   1.217     nan                                None      76.591     -17.012      64.202       0.027     -19.189       0.018
Gaia DR3 5186859453068675456  45.7579138  -2.0864506  7.408  0.646       1.032  12.9243  21.8488    35.13      nan      nan   17.592  nan      nan    nan   1.086     nan                                None     100.830       4.427     104.097       0.032       6.418       0.024
  Gaia DR3 57866609775353728  51.7287405  19.7975367 12.847  2.633       0.858  35.5789  21.9351    35.52      nan      nan   31.350  nan      nan    nan   1.413     nan                                None     154.532     -85.178     153.770       0.041     -90.798       0.027
Gaia DR3 5075243629687810560  48.5772788 -23.1575051 11.326  2.687       1.447  10.4926  22.1929    33.54      nan      nan   62.901  nan      nan    nan   1.855     nan                                None     337.144     189.109     331.237       0.045     170.848       0.050
Gaia DR3 2416890836056732672   4.8096278 -14.9197563 14.208  3.231       0.458  36.1665  22.2357     8.47      nan      nan   31.795  nan      nan    nan   1.172     nan                                None     292.152      14.533     293.647       0.032      11.852       0.022
Gaia DR3 4753165406550235776  43.1830285 -46.7829415 17.933  4.684       1.137  32.2551  22.3520    23.27      nan      nan   24.019  nan      nan    nan   0.984     nan                                None     145.527     124.850     151.214       0.119     125.735       0.154
Gaia DR3 2348766298190529920  11.2954445 -23.4235419 14.090  2.623       2.678  30.5133  22.5662    12.52      nan      nan   22.509  nan      nan    nan   1.173     nan                                None     200.814      25.304     212.145       0.026      31.054       0.022
Gaia DR3 3212075924646082176  77.1823199  -4.4561361  4.981  0.632       2.171  35.8392  22.6309    44.03      nan      nan   39.439  nan      nan    nan   1.084     nan                                None      40.426      27.825      54.278       0.085      16.252       0.063
Gaia DR3 4876208179402504960  76.9054580 -29.4832013 11.786  2.110       2.490  35.2485  22.7019    38.46      nan      nan   26.782  nan      nan    nan   1.228     nan                                None      28.657     122.298      42.699       0.012     121.578       0.015
Gaia DR3 4966691011341090560  34.8795011 -35.4987284 13.845  2.644       0.929  21.9801  22.7471    23.98      nan      nan   18.954  nan      nan    nan   1.134     nan                                None     133.205      67.954     130.131       0.009      65.871       0.015
  Gaia DR3 73113198215612160  34.7868939  12.3526057 14.010  2.662       1.547  27.8870  23.7120    28.64      nan      nan   20.345  nan      nan    nan   1.261     nan                                None     143.190     -27.299     146.917       0.027     -32.786       0.027
Gaia DR3 5180381645953976704  43.7962573  -7.5170536 14.641  2.962       2.500   7.1827  23.8290    33.92      nan      nan   16.474  nan      nan    nan   1.120     nan                                None      98.551      15.249     104.810       0.025      21.265       0.024
Gaia DR3 5025673213100478464  28.4653771 -26.0284455 10.981  1.586       2.555  17.2709  23.9672    22.94      nan      nan   17.500  nan      nan    nan   6.482     nan                                None     134.343      40.997     143.741       0.126      41.725       0.097
 Gaia DR3 111731654357442816  46.9463801  24.9648152 13.289  3.072       1.611  39.7670  24.2815    32.33      nan      nan   38.816  nan      nan    nan   1.580     nan                                None     216.461    -124.043     229.490       0.027    -126.057       0.023
Gaia DR3 5107106033552702208  55.9820537 -19.1101995  6.820  1.124       2.438  13.9124  24.3390    37.27      nan      nan   71.751  nan      nan    nan   0.975     nan                                None     310.282     194.067     310.097       0.020     157.185       0.018
Gaia DR3 4917884583537213184  24.6793699 -48.8428509 14.229  2.987       2.925  37.2190  24.7032    15.22      nan      nan   25.276  nan      nan    nan   1.600     nan                                None     202.581      92.133     206.489       0.021      77.044       0.029
Gaia DR3 2443287533259504640   2.4902575  -6.6041719 13.864  2.945       2.339  39.8185  24.9405     6.94      nan      nan   28.307  nan      nan    nan   1.155     nan                                None     262.005       4.273     250.293       0.026      -3.318       0.015
Gaia DR3 2443300108923745408   2.5004414  -6.5336498 14.316  3.075       2.396  39.8268  24.9612     6.94      nan      nan   28.259  nan      nan    nan   1.117     nan                                None     261.548       4.220     250.297       0.028      -4.559       0.018
Gaia DR3 3294950273559214592  74.5877759  10.9975792 14.336  2.979       2.409  40.9803  25.0822    43.07      nan      nan   30.415  nan      nan    nan   1.226     nan                                None      43.969     -54.273      58.807       0.033     -58.569       0.023
Gaia DR3 4887308058522217728  59.8858620 -30.0015523 15.634  3.181       2.870  22.4237  25.1345    35.31      nan      nan   18.044  nan      nan    nan   1.154     nan                                None      67.634      77.212      78.528       0.025      76.499       0.034
 Gaia DR3 114832620743735040  42.0419493  27.0733345 13.912  3.113       2.913  41.6111  25.5124    29.63      nan      nan   43.449  nan      nan    nan   1.430     nan                                None     269.389    -139.684     279.909       0.034    -115.160       0.032
 Gaia DR3 114832620743735808  42.0395244  27.0681118  7.380  1.004       2.445  41.6059  25.5233    29.63      nan      nan   43.570  nan      nan    nan   2.239     nan                                None     270.155    -140.044     278.469       0.068    -119.187       0.051
 Gaia DR3 116037371954842240  43.9130832  26.8713585  9.261  1.738       2.834  41.4402  25.5624    30.52      nan      nan   44.505  nan      nan    nan   1.235     nan                                None     265.578    -146.096     282.510       0.033    -166.602       0.025
 Gaia DR3 126342377182577408  39.8335940  26.1651909 15.953  0.892       2.940  40.7702  25.7366    28.82      nan      nan   47.929  nan      nan    nan   1.185     nan                                None     309.923    -144.160     316.417       0.060    -173.152       0.049
Gaia DR3 2414888694102153088   0.8829245 -16.7328877 14.609 -0.067       1.487  39.8257  25.7928     5.52      nan      nan   26.258  nan      nan    nan   0.988     nan                                None     244.023       8.691     247.215       0.031       1.104       0.021
  Gaia DR3 47322641158530560  64.6983619  17.5377918 10.790  1.916       2.515  38.9770  25.8604    40.08      nan      nan   25.210  nan      nan    nan  17.850     nan                                None      75.996     -67.852      63.679       0.491     -62.658       0.320
Gaia DR3 2967789386125779200  87.3439702 -17.5784401  8.249  1.107       0.406  43.3464  25.8618    42.28      nan      nan   34.984  nan      nan    nan   1.019     nan                                None     -22.201      98.181     -22.088       0.017     101.175       0.018
Gaia DR3 5096754062856432000  62.4151444 -16.8846912  9.716  1.168       1.535  19.5463  26.1772    39.70      nan      nan   17.118  nan      nan    nan   0.951     nan                                None      57.614      43.188      55.140       0.016      48.142       0.014
Gaia DR3 2978400016930113408  68.1651822 -19.2562619 14.141  2.738       1.852  25.2169  26.3319    40.48      nan      nan   18.203  nan      nan    nan   1.148     nan                                None      45.005      53.954      51.693       0.014      51.546       0.016
Gaia DR3 4963727380827258240  36.0997359 -38.6394261 15.754  2.871       1.816  24.7052  26.4161    23.56      nan      nan   18.046  nan      nan    nan   1.028     nan                                None     124.418      71.276     119.086       0.025      66.880       0.033
Gaia DR3 2980492387558410112  71.9018206 -16.9337031  5.318  0.818       2.098  28.6167  26.7747    41.66      nan      nan   75.529  nan      nan    nan   1.071     nan                                None     141.843     200.666     130.264       0.040     169.338       0.041
Gaia DR3 2346532399800608128   9.3512459 -26.1918235 12.466  1.999       2.747  32.8485  26.8463    10.95      nan      nan   20.386  nan      nan    nan   1.559     nan                                None     183.756      22.753     180.483       0.022      34.096       0.021
Gaia DR3 5177349326028658304  39.8121976  -7.8980395 20.101  2.685       1.252   7.0555  27.3367    31.85      nan      nan   15.554  nan      nan    nan   1.133     nan                                None     100.614      14.211      96.516       0.654      14.431       0.644
Gaia DR3 3387765753776917504  79.8433526  12.4551530 13.937  2.948       1.061  45.9902  27.3955    43.28      nan      nan   32.927  nan      nan    nan   1.200     nan                                None      19.473     -67.010      15.394       0.024     -73.143       0.017
Gaia DR3 3303393870027685120  61.9371922   9.7560517 11.960  2.088       2.729  31.1657  27.4435    40.72      nan      nan   19.403  nan      nan    nan   2.670     nan                                None      66.718     -29.016      68.823       0.077     -18.051       0.050
Gaia DR3 5119361911708565504  38.3778028 -24.2367101  9.959  1.194       2.378  10.3615  27.6334    28.64      nan      nan   15.671  nan      nan    nan   4.118     nan                                None     104.000      42.307     105.477       0.052      50.023       0.057
Gaia DR3 4734408528454063232  50.3503312 -52.8545442  8.243  0.884       2.648  38.8533  27.8237    22.54      nan      nan   22.711  nan      nan    nan   1.013     nan                                None     116.271     141.860     122.977       0.015     131.101       0.019
 Gaia DR3 106051542927008128  33.9427467  25.7826487  5.679  0.595       0.632  41.1227  27.8260    25.93      nan      nan   24.352  nan      nan    nan   0.691     nan                                None     173.591     -64.846     176.818       0.034     -65.175       0.032
  Gaia DR3 69228997297025664  51.9024581  25.6342014 12.873  2.616       2.205  41.2572  27.9683    34.09      nan      nan   24.279  nan      nan    nan   1.251     nan                                None     119.090     -84.282     108.108       0.030     -81.678       0.021
Gaia DR3 3411692668689199744  73.3930898  20.5639165 20.429  2.889       2.909  46.5674  28.2831    40.93      nan      nan   30.162  nan      nan    nan   1.186     nan                                None      49.418     -98.280      65.310       1.367     -88.811       1.109
Gaia DR3 2327661339998868224 355.8967676 -29.7859816 17.900  4.469       1.115  45.2058  28.2931     1.68      nan      nan   27.891  nan      nan    nan   1.001     nan                                None     261.151       5.074     266.538       0.215       8.814       0.176
Gaia DR3 5052062522960859776  44.4725905 -33.2949259 11.265  1.592       2.222  18.8660  28.4182    28.91      nan      nan   16.315  nan      nan    nan   1.482     nan                                None      96.200      64.990      99.612       0.016      58.153       0.025
Gaia DR3 5052876333365036928  44.3608848 -31.0962927 19.888  3.074       1.902  16.6720  28.4452    29.57      nan      nan  102.699  nan      nan    nan   1.162     nan                                None     607.022     384.161     623.388       0.271     346.377       0.449
Gaia DR3 5064833247437181824  42.1399023 -30.4660302 15.465  3.052       0.618  15.9291  28.8221    28.80      nan      nan   15.848  nan      nan    nan   1.052     nan                                None      98.071      56.307      99.552       0.033      54.870       0.034
  Gaia DR3 92327404429225216  30.9692103  17.1180035 14.024  2.678       0.731  33.5550  28.8762    25.83      nan      nan   19.459  nan      nan    nan   1.208     nan                                None     144.664     -33.023     142.127       0.025     -34.620       0.023
Gaia DR3 2999254213453678720  89.1693121 -10.3099368 11.947  2.775       2.945  45.9424  28.9262    43.51      nan      nan   62.840  nan      nan    nan   1.266     nan                                None     -58.573     103.746     -27.809       0.018     127.748       0.017
Gaia DR3 3242017584775479552  77.0438195   8.1238115 14.482  2.959       2.514  41.2839  28.9517    43.69      nan      nan   23.166  nan      nan    nan   1.078     nan                                None      24.267     -30.908      26.555       0.028     -42.967       0.022
 Gaia DR3 139844448691710464  42.4337806  34.2706306 15.401  3.590       2.952  48.8082  28.9730    27.65      nan      nan   32.365  nan      nan    nan   1.360     nan                                None     199.105    -129.340     219.125       0.056    -127.105       0.054
Gaia DR3 2995725777563537792  89.1010328 -14.1670808  3.636  0.539       1.668  45.3096  29.1268    42.89      nan      nan   66.857  nan      nan    nan   4.160     nan                                None     -61.575     151.426     -41.474       0.125     139.222       0.133
Gaia DR3 4749251660551134080  49.6437372 -49.4961301 16.770  3.768       2.120  35.4785  29.2638    24.04      nan      nan   19.951  nan      nan    nan   1.042     nan                                None     104.065     117.883     104.831       0.063     109.001       0.077
Gaia DR3 2633629729219547264 351.0251157  -5.1870518 12.378  2.677       2.371  51.2109  29.3791    -1.87      nan      nan   39.712  nan      nan    nan   1.306     nan                                None     371.840      -2.155     370.208       0.028      17.627       0.021
Gaia DR3 3319586682709428224  87.4967346   3.8609655 11.600  2.188       2.804  48.4680  29.4372    44.21      nan      nan   29.863  nan      nan    nan   1.143     nan                                None     -19.695     -19.344      -6.380       0.021     -30.935       0.018
Gaia DR3 3197056698889857792  62.3425514  -6.4738725 16.436  3.401       2.799  21.3202  29.4412    41.19      nan      nan   16.359  nan      nan    nan   1.060     nan                                None      55.240      15.828      55.022       0.060      25.477       0.044
Gaia DR3 3270483528502735872  56.7222169   2.1788942 12.031  1.973       1.445  22.0222  29.4823    39.64      nan      nan   16.454  nan      nan    nan   1.200     nan                                None      69.382      -5.537      64.771       0.018      -7.503       0.015
Gaia DR3 3215795435043618432  84.8797749  -3.5646944  5.913  0.411       2.256  43.4152  29.5703    44.33      nan      nan   23.999  nan      nan    nan   1.165     nan                                None      -5.567      13.541      -4.309       0.028       2.195       0.024
Gaia DR3 4966236432002531328  37.9056913 -35.0715856 13.631  2.723       2.957  20.9026  29.5785    25.51      nan      nan   16.257  nan      nan    nan   3.494     nan                                None     108.770      61.055     118.881       0.026      60.386       0.040
Gaia DR3 2584858240974364800  15.9500702  13.0992819 11.906  1.961       2.210  37.9700  29.5985    16.53      nan      nan   20.787  nan      nan    nan   1.318     nan                                None     180.003     -17.260     171.861       0.024     -12.011       0.018
Gaia DR3 2968212148344792832  80.9296257 -20.7321284 18.125  4.319       2.823  37.2916  29.9089    41.54      nan      nan   20.286  nan      nan    nan   1.039     nan                                None       8.398      66.887       8.216       0.084      78.958       0.109
 Gaia DR3 144663814316653824  67.4526562  21.7340224 12.714  2.476       2.889  43.8947  29.9970    39.64      nan      nan   23.857  nan      nan    nan   1.186     nan                                None      61.661     -79.988      75.075       0.026     -74.400       0.018
