GaiaDR3                               RA         DEC   Gmag  Bp-Rp  Voff(km/s) Sep(deg)   3D(pc) Vr(pred)  Vr(obs)    Vrerr Plx(mas)  SpT    FnuvJ  W1-W3    RUWE  XCrate                               RVsrc    PMRApred   PMDecpred        PMRA     PMRAerr       PMDec    PMDecerr
 Gaia DR3 415703635408772480   9.4587427  51.2887783 10.984  0.618       0.000   0.0000   0.0000    -0.71    -0.71     0.39    2.688  nan      nan    nan   1.209     nan                            Gaia_DR3      -6.994       2.571      -6.994       0.019       2.571       0.016
 Gaia DR3 415898042806986240   8.1170845  51.5287789 17.630  2.510       4.156   0.8706   6.1198    -0.51      nan      nan    2.706  nan      nan    nan   0.984     nan                                None      -7.091       2.459      -8.210       0.079       0.369       0.086
 Gaia DR3 415908797404940032   8.2486509  51.8533189 10.057  0.342       3.776   0.9404   6.5355    -0.50    -2.21     0.55    2.705  nan      nan    nan   2.167     nan                            Gaia_DR3      -7.086       2.474      -8.777       0.039       1.139       0.036
 Gaia DR3 415536814580198400   9.3050876  50.3607805 19.092  2.823       3.703   0.9331   8.4157    -0.76      nan      nan    2.731  nan      nan    nan   1.058     nan                                None      -7.113       2.590      -9.150       0.225       3.220       0.182
 Gaia DR3 415316293776836736  10.6018731  52.0218330 19.873  2.514       4.707   1.0199  10.9333    -0.80      nan      nan    2.627  nan      nan    nan   1.036     nan                                None      -6.790       2.624      -9.394       0.424       2.757       0.307
 Gaia DR3 414983455290665344  12.1087241  50.3759331 15.318  1.439       2.237   1.9063  12.5722    -1.14      nan      nan    2.674  nan      nan    nan  12.806     nan                                None      -6.846       2.796      -7.294       0.256       1.617       0.194
 Gaia DR3 415780940519527296   8.3661478  51.1308705 19.661  2.662       3.725   0.7024  13.9147    -0.57      nan      nan    2.597  nan      nan    nan   0.972     nan                                None      -6.796       2.381      -6.868       0.382       0.344       0.286
 Gaia DR3 415589011321060608   8.9857199  50.8872585 19.568  2.867       4.383   0.4995  13.9936    -0.67      nan      nan    2.790  nan      nan    nan   1.004     nan                                None      -7.279       2.619      -5.179       0.292       1.124       0.236
 Gaia DR3 391373672168613376   8.5672523  49.1731697 18.851  2.546       1.766   2.1911  14.4874    -0.75      nan      nan    2.670  nan      nan    nan   0.974     nan                                None      -6.982       2.455      -6.697       0.195       1.503       0.144
 Gaia DR3 394786934217706240   6.4030277  50.7537739 17.098  2.396       2.766   1.9950  14.5151    -0.33      nan      nan    2.643  nan      nan    nan   1.065     nan                                None      -6.986       2.237      -7.752       0.061       3.575       0.052
 Gaia DR3 416007130676524928   7.2604712  52.3681952 17.873  2.383       3.864   1.7350  15.0644    -0.33      nan      nan    2.619  nan      nan    nan   0.980     nan                                None      -6.894       2.303      -5.982       0.110       4.232       0.106
 Gaia DR3 418867888134346624   6.3535234  51.8781563 16.536  2.032       4.050   2.0173  15.3613    -0.24      nan      nan    2.633  nan      nan    nan   0.963     nan                                None      -6.960       2.227      -8.286       0.041       0.411       0.046
 Gaia DR3 414692664525982848  10.7490741  49.6009696 19.630  2.765       3.553   1.8771  15.4532    -1.02      nan      nan    2.623  nan      nan    nan   1.064     nan                                None      -6.772       2.612      -5.081       0.319       3.611       0.233
 Gaia DR3 414556118926620672  12.2487737  49.6920391 19.052  3.004       4.612   2.3872  15.5583    -1.22      nan      nan    2.680  nan      nan    nan   1.075     nan                                None      -6.856       2.808      -6.922       0.210       0.203       0.220
 Gaia DR3 390675211705039232   9.9921651  49.2939993 16.039  2.190       4.791   2.0237  17.3428    -0.94      nan      nan    2.610  nan      nan    nan   1.067     nan                                None      -6.771       2.529      -6.974       0.038      -0.099       0.030
 Gaia DR3 415036536787092992  13.4973587  50.6005283 16.708  2.294       1.159   2.6357  17.4923    -1.30      nan      nan    2.718  nan      nan    nan   1.098     nan                                None      -6.893       2.974      -7.266       0.055       2.425       0.056
 Gaia DR3 415998407598156032   7.6959733  52.3840840 18.957  2.528       3.844   1.5446  17.9072    -0.39      nan      nan    2.586  nan      nan    nan   1.936     nan                                None      -6.792       2.315      -8.876       0.386       2.090       0.363
 Gaia DR3 394327235280378624   5.6784121  50.1609840 18.964  2.675       1.388   2.6451  18.2154    -0.27      nan      nan    2.736  nan      nan    nan   1.050     nan                                None      -7.254       2.243      -6.454       0.224       2.246       0.215
 Gaia DR3 394717428765082496   5.3346941  50.4142530 17.186  2.231       4.715   2.7461  18.4945    -0.20      nan      nan    2.656  nan      nan    nan   1.017     nan                                None      -7.053       2.146      -4.614       0.072       3.156       0.056
 Gaia DR3 395066313253520256   4.9867020  51.7544804 18.397  2.706       0.956   2.8208  18.6019    -0.07      nan      nan    2.668  nan      nan    nan   1.009     nan                                None      -7.095       2.124      -7.125       0.135       1.587       0.165
 Gaia DR3 415560076122224256   8.6006314  50.7326828 18.217  2.460       2.915   0.7751  18.7407    -0.63      nan      nan    2.564  nan      nan    nan   1.057     nan                                None      -6.703       2.370      -7.905       0.133       1.352       0.143
 Gaia DR3 417991238073824768   9.1068187  53.6630134 16.902  2.024       4.586   2.3839  18.8040    -0.47      nan      nan    2.615  nan      nan    nan   1.057     nan                                None      -6.818       2.481      -9.343       0.050       2.614       0.057
 Gaia DR3 415310830581230464  10.8297979  51.8051490 19.550  2.741       3.016   0.9968  19.0356    -0.85      nan      nan    2.825  nan      nan    nan   1.001     nan                                None      -7.290       2.842      -9.086       0.298       2.859       0.227
 Gaia DR3 414686003035568768  10.7523411  49.5189545 17.773  2.565       4.938   1.9524  19.9051    -1.03      nan      nan    2.806  nan      nan    nan   1.217     nan                                None      -7.245       2.794      -5.607       0.112       0.375       0.089
 Gaia DR3 414958441399785088  13.2055165  50.6294742 19.918  2.443       2.238   2.4500  20.1724    -1.26      nan      nan    2.604  nan      nan    nan   1.105     nan                                None      -6.617       2.824      -7.665       0.564       3.466       0.471
 Gaia DR3 415794031580789120   8.1343252  51.2386008 17.390  1.177       4.750   0.8302  21.4449    -0.53      nan      nan    2.546  nan      nan    nan   4.539     nan                                None      -6.673       2.315      -6.006       0.333      -0.146       0.366
 Gaia DR3 416052008794051072   9.7347057  51.8209861 16.043  1.805       1.063   0.5592  21.5695    -0.70      nan      nan    2.543  nan      nan    nan   3.957     nan                                None      -6.606       2.460      -6.203       0.152       2.058       0.127
 Gaia DR3 394134756324482176   5.7776695  49.2595173 13.477    nan       3.469   3.1062  22.3843    -0.34    -7.55     2.76    2.623  nan      nan    nan   1.945     nan                            Gaia_DR3      -6.953       2.158      -6.501       0.037       0.293       0.035
 Gaia DR3 402881367022932224  13.6627836  49.6876662 19.660  2.575       2.792   3.1166  22.4236    -1.41      nan      nan    2.764  nan      nan    nan   1.008     nan                                None      -7.003       3.028      -5.431       0.342       3.449       0.351
 Gaia DR3 417444643351151488  12.6429938  54.0998268 15.177  1.579       4.525   3.4090  22.6186    -0.88      nan      nan    2.659  nan      nan    nan   2.114     nan                                None      -6.784       2.868      -4.531       0.039       1.702       0.038
 Gaia DR3 402489395426588928  13.6641971  49.4020555 15.071  0.911       1.826   3.2798  22.8377    -1.44    30.26     8.89    2.634  nan      nan    nan   9.810     nan                            Gaia_DR3      -6.672       2.881      -6.522       0.274       1.879       0.234
 Gaia DR3 414561930019888000  11.8995581  49.6726023 17.363  2.399       4.160   2.2413  22.8776    -1.17      nan      nan    2.824  nan      nan    nan   1.058     nan                                None      -7.241       2.925      -6.591       0.066       0.535       0.057
 Gaia DR3 419585869227704320   7.3685112  54.3216760 12.765  0.696       2.991   3.2852  22.9521    -0.20   -28.23    21.67    2.632  nan      nan    nan  18.800     nan                            Gaia_DR3      -6.925       2.330      -6.073       0.193       0.906       0.232
 Gaia DR3 417951518216424192   9.6050692  54.5330842 19.196  2.804       2.758   3.2455  23.4291    -0.47      nan      nan    2.769  nan      nan    nan   1.009     nan                                None      -7.199       2.682      -7.859       0.177       1.214       0.198
 Gaia DR3 417446876738482432  12.3567063  53.9252489 10.396  1.117       3.575   3.1693  23.8571    -0.86   -20.02     0.16    2.783  nan      nan    nan   1.113     nan                            Gaia_DR3      -7.113       2.971      -9.204       0.013       2.801       0.012
 Gaia DR3 415629006051710080   9.6224597  51.0190932 19.310  2.323       4.875   0.2886  23.8862    -0.75      nan      nan    2.526  nan      nan    nan   1.064     nan                                None      -6.568       2.429      -5.373       0.262       4.734       0.215
 Gaia DR3 394786251321782912   6.3850344  50.6894982 15.875  1.771       1.589   2.0253  24.8965    -0.33      nan      nan    2.545  nan      nan    nan   1.040     nan                                None      -6.727       2.153      -5.875       0.032       2.167       0.027
 Gaia DR3 416302486988677504   8.7912292  52.1486736 19.487  2.889       3.468   0.9542  25.1193    -0.55      nan      nan    2.523  nan      nan    nan   0.980     nan                                None      -6.590       2.358      -8.080       0.350       3.446       0.306
 Gaia DR3 415302893482009600  10.7654162  51.6849979 12.309  0.814       3.825   0.9050  25.2356    -0.85   -14.07     1.56    2.878  nan      nan    nan   9.407     nan                            Gaia_DR3      -7.432       2.889      -6.172       0.117       0.940       0.100
 Gaia DR3 417751785054947328  10.6189042  53.4598445 15.572  1.202       3.386   2.2836  25.3363    -0.68      nan      nan    2.848  nan      nan    nan  11.788     nan                                None      -7.360       2.857      -9.392       0.347       2.847       0.318
 Gaia DR3 390094154169565056  10.0710854  47.5224323 18.285  2.698       1.986   3.7873  25.3516    -1.09      nan      nan    2.650  nan      nan    nan   0.941     nan                                None      -6.870       2.556      -7.845       0.147       3.086       0.112
 Gaia DR3 390315770184683392  12.6527214  48.1824196 18.607  1.425       3.878   3.7289  25.6035    -1.40      nan      nan    2.634  nan      nan    nan   2.346     nan                                None      -6.721       2.776      -8.667       0.340       1.855       0.340
 Gaia DR3 418364213028544768   9.7661855  55.0383601 19.623  3.086       4.337   3.7541  25.7157    -0.45      nan      nan    2.755  nan      nan    nan   0.997     nan                                None      -7.156       2.687      -5.065       0.274       4.091       0.286
 Gaia DR3 395930258814801920   3.4874530  52.4918271 15.608  1.768       1.648   3.8753  25.7307     0.18      nan      nan    2.735  nan      nan    nan   1.021     nan                                None      -7.316       2.026      -7.051       0.023       2.938       0.026
 Gaia DR3 402645938393508480  15.0348234  49.4733174 13.548  1.024       4.528   3.9909  25.9085    -1.62    -4.04     2.59    2.702  nan      nan    nan   0.985     nan                            Gaia_DR3      -6.776       3.080      -8.020       0.013       5.339       0.012
 Gaia DR3 404463053157096320  15.9887742  51.5105158 18.474  2.869       1.775   4.0787  26.5522    -1.54      nan      nan    2.679  nan      nan    nan   1.071     nan                                None      -6.670       3.172      -6.087       0.152       3.988       0.126
 Gaia DR3 405098673959327616  15.5849434  52.7927724 13.280  0.984       4.287   4.0557  26.5555    -1.37   -13.84     2.07    2.669  nan      nan    nan   0.999     nan                            Gaia_DR3      -6.666       3.142      -9.064       0.012       2.880       0.011
 Gaia DR3 418383828140317824  10.1834073  55.3593476 20.069  2.263       4.895   4.0935  27.1421    -0.47      nan      nan    2.736  nan      nan    nan   1.011     nan                                None      -7.090       2.713      -6.040       0.342       0.092       0.434
 Gaia DR3 402802477064965248  14.8267368  49.3234206 18.254  2.831       3.649   3.9504  27.1739    -1.60      nan      nan    2.762  nan      nan    nan   1.035     nan                                None      -6.938       3.127      -5.979       0.155       1.232       0.118
 Gaia DR3 418852941649647232   6.5243156  51.5196411 18.704  2.552       4.740   1.8449  27.5554    -0.29      nan      nan    2.882  nan      nan    nan   1.210     nan                                None      -7.613       2.455      -9.231       0.203       4.837       0.193
 Gaia DR3 402788015908950912  15.2906945  50.3086631 17.068  2.406       1.883   3.8130  27.5680    -1.57      nan      nan    2.785  nan      nan    nan   1.360     nan                                None      -6.972       3.213      -5.988       0.487       3.717       0.168
 Gaia DR3 390990737182666240   7.3498312  47.6523236 13.508  1.043       2.709   3.8857  27.8508    -0.68   -53.38     1.59    2.783  nan      nan    nan   0.987     nan                            Gaia_DR3      -7.323       2.432      -8.832       0.013       1.934       0.010
 Gaia DR3 418339233502655488  10.6085672  55.2918760 19.670  2.078       3.310   4.0615  28.2877    -0.53      nan      nan    2.622  nan      nan    nan   1.085     nan                                None      -6.777       2.641      -7.011       0.291       0.826       0.307
 Gaia DR3 419703349473528832   4.6575708  54.0377934 16.236  1.005       2.943   4.0029  28.2973     0.13      nan      nan    2.615  nan      nan    nan  10.650     nan                                None      -6.965       2.050      -7.925       0.256       0.741       0.261
 Gaia DR3 394774740809430144   6.4843318  50.7065780 15.755  2.077       3.696   1.9602  28.3072    -0.34      nan      nan    2.518  nan      nan    nan   3.227     nan                                None      -6.654       2.139      -6.109       0.104       4.024       0.087
 Gaia DR3 404264621370295424  16.3919645  50.6605569 18.705  2.545       4.718   4.4089  28.6004    -1.68      nan      nan    2.693  nan      nan    nan   1.083     nan                                None      -6.683       3.212      -9.348       0.183       3.476       0.170
 Gaia DR3 415680747523401216   9.3171577  51.2847698 17.796  2.569       0.217   0.0886  28.6653    -0.69      nan      nan    2.913  nan      nan    nan   1.000     nan                                None      -7.584       2.770      -7.692       0.094       2.850       0.090
 Gaia DR3 392521910203593216   6.0958429  47.5448557 16.784  2.196       4.059   4.3352  28.7396    -0.51      nan      nan    2.740  nan      nan    nan   1.023     nan                                None      -7.251       2.276      -5.326       0.051       3.614       0.044
 Gaia DR3 416978003742890240  11.3780994  53.0942830 17.205  1.314       3.557   2.1549  28.7609    -0.81      nan      nan    2.520  nan      nan    nan   4.445     nan                                None      -6.482       2.595      -5.032       0.265       1.382       0.252
 Gaia DR3 391549800186816384   7.7241155  49.2118738 18.586  2.557       4.891   2.3544  28.9804    -0.62      nan      nan    2.523  nan      nan    nan   0.990     nan                                None      -6.626       2.246      -6.731       0.146      -0.353       0.147
 Gaia DR3 389964652314986880   9.9501455  47.0616952 15.040  1.546       4.187   4.2392  28.9850    -1.11   -17.53     5.53    2.631  nan      nan    nan   0.985     nan                            Gaia_DR3      -6.825       2.523      -8.658       0.022       3.948       0.020
 Gaia DR3 414878344551791616  10.5889247  50.8151031 17.770  2.636       3.418   0.8539  28.9881    -0.90      nan      nan    2.497  nan      nan    nan   1.019     nan                                None      -6.456       2.484      -5.432       0.115       1.004       0.096
 Gaia DR3 417664923640685056  11.9609077  55.1258742 18.411  1.527       3.621   4.1187  29.1355    -0.71      nan      nan    2.782  nan      nan    nan   2.231     nan                                None      -7.130       2.940      -5.859       0.219       4.642       0.290
 Gaia DR3 390839446957699712   9.4972540  47.7172347 18.342  2.595       2.757   3.5716  29.4678    -0.99      nan      nan    2.568  nan      nan    nan   1.015     nan                                None      -6.679       2.430      -5.211       0.176       2.696       0.116
 Gaia DR3 389478118420498304   7.2389567  47.3007605 15.360  1.638       2.204   4.2421  29.5370    -0.69      nan      nan    2.620  nan      nan    nan   0.965     nan                                None      -6.896       2.277      -7.815       0.027       1.479       0.020
 Gaia DR3 392775137178473600   4.0019649  48.5543937 19.447  2.585       1.437   4.4500  29.6173    -0.13      nan      nan    2.745  nan      nan    nan   1.030     nan                                None      -7.330       2.086      -7.225       0.334       2.911       0.269
 Gaia DR3 420014403886024320   3.1390747  53.4899087 17.371  2.701       3.387   4.4384  29.8286     0.29      nan      nan    2.754  nan      nan    nan   1.027     nan                                None      -7.377       2.002      -6.304       0.066       3.650       0.071
 Gaia DR3 418349403981668608  10.2085435  54.9902764 12.149  0.686       3.232   3.7287  30.0474    -0.50      nan      nan    2.830  nan      nan    nan   3.965     nan                                None      -7.331       2.806      -8.107       0.072       1.041       0.165
 Gaia DR3 415168993581227520  12.6840591  51.7604447 19.230  2.891       2.563   2.0612  30.3608    -1.09      nan      nan    2.506  nan      nan    nan   0.915     nan                                None      -6.392       2.685      -5.153       0.242       3.229       0.195
 Gaia DR3 419269076741841920   5.3343865  53.1506230 17.147  1.333       4.618   3.1378  30.4512    -0.02      nan      nan    2.538  nan      nan    nan   4.023     nan                                None      -6.739       2.053      -4.572       0.186       0.865       0.215
 Gaia DR3 415447002520452608  10.8535289  52.5280097 18.903  3.002       4.129   1.5086  30.6263    -0.79      nan      nan    2.917  nan      nan    nan   0.960     nan                                None      -7.527       2.944      -7.057       0.202       0.449       0.163
 Gaia DR3 418564044967177600   9.4550177  55.4468672 18.507  2.604       3.625   4.1581  30.6611    -0.37      nan      nan    2.593  nan      nan    nan   1.030     nan                                None      -6.748       2.501      -4.847       0.122       1.939       0.160
 Gaia DR3 414977579775632384  12.5844061  50.5539611 16.949  2.506       2.291   2.1027  30.6962    -1.19      nan      nan    2.905  nan      nan    nan   1.036     nan                                None      -7.414       3.087      -6.644       0.072       1.914       0.054
 Gaia DR3 419443963510537216   7.2789173  53.5006702 19.354  1.148       4.587   2.5808  30.7568    -0.25      nan      nan    2.892  nan      nan    nan   1.293     nan                                None      -7.611       2.548      -4.916       0.283       1.803       0.298
 Gaia DR3 394121557885440896   5.9514253  48.9525461 12.044  0.951       3.309   3.2420  31.0137    -0.39   -41.78     1.11    2.537  nan      nan    nan   2.345     nan                            Gaia_DR3      -6.719       2.101      -7.299       0.026       0.430       0.023
 Gaia DR3 418289029623609984  11.0504106  54.8578430 19.395  2.666       4.355   3.6947  31.0224    -0.62      nan      nan    2.558  nan      nan    nan   1.071     nan                                None      -6.594       2.616      -6.037       0.215       4.897       0.239
 Gaia DR3 415290322110136320  11.2333856  51.5032227 18.474    nan       1.842   1.1278  31.0942    -0.93      nan      nan    2.487  nan      nan    nan   1.054     nan                                None      -6.402       2.535      -6.101       0.162       1.618       0.150
 Gaia DR3 395992205123712384   2.1641027  52.8952840 19.693  2.680       3.494   4.7584  31.3812     0.39      nan      nan    2.740  nan      nan    nan   1.071     nan                                None      -7.362       1.893      -8.807       0.380       0.484       0.365
 Gaia DR3 394860189181746048   5.4593377  51.2334375 17.821  2.434       3.912   2.5030  31.8181    -0.17      nan      nan    2.506  nan      nan    nan   0.966     nan                                None      -6.652       2.038      -7.320       0.086       0.082       0.086
 Gaia DR3 390083154754939008   9.8675520  47.5339933 18.104  2.742       4.513   3.7642  32.1353    -1.06      nan      nan    2.550  nan      nan    nan   1.054     nan                                None      -6.621       2.444      -6.389       0.154       4.859       0.111
 Gaia DR3 392530461481908224   6.1090981  47.7105091 19.737  2.546       2.534   4.1866  32.3040    -0.50      nan      nan    2.574  nan      nan    nan   1.028     nan                                None      -6.812       2.140      -7.638       0.386       1.041       0.306
 Gaia DR3 404556477286140928  14.2592903  51.1400101 17.405  2.861       3.934   3.0102  32.3059    -1.36      nan      nan    2.892  nan      nan    nan   1.002     nan                                None      -7.296       3.248      -5.269       0.086       4.532       0.074
 Gaia DR3 424486396846582912  11.0916500  56.1927641 11.151  0.875       3.725   4.9978  32.4185    -0.51     4.98     1.38    2.692  nan      nan    nan   5.484     nan                            Gaia_DR3      -6.938       2.765      -5.097       0.067       1.726       0.077
 Gaia DR3 394453580334938624   3.9928374  49.8147625 19.163  2.684       4.604   3.7716  32.4578    -0.05      nan      nan    2.548  nan      nan    nan   1.006     nan                                None      -6.802       1.936      -6.127       0.256       4.315       0.194
 Gaia DR3 416229541265269376  10.1450183  53.0757834 17.699  1.332       3.260   1.8359  32.4651    -0.65      nan      nan    2.927  nan      nan    nan   3.718     nan                                None      -7.587       2.884      -5.611       0.257       3.267       0.252
 Gaia DR3 419560687841925376   6.6778795  53.9199050 12.587  0.869       3.734   3.1260  32.6482    -0.14     0.52     0.87    2.891  nan      nan    nan   0.895     nan                            Gaia_DR3      -7.632       2.484      -6.101       0.008       0.800       0.010
 Gaia DR3 389220660900537216   8.5131151  46.5053831 12.882  0.919       2.066   4.8235  32.6587    -0.94    -8.86     4.31    2.768  nan      nan    nan   7.409     nan                            Gaia_DR3      -7.239       2.517      -8.294       0.087       1.935       0.059
 Gaia DR3 390687684290977920   9.2678059  46.6236316 12.882  0.982       1.756   4.6668  32.7012    -1.04   -62.60     1.00    2.610  nan      nan    nan   0.949     nan                            Gaia_DR3      -6.798       2.439      -6.245       0.016       1.647       0.011
 Gaia DR3 390361782170643968  11.3130133  48.3236493 11.030  0.709       4.112   3.1972  32.7041    -1.20      nan      nan    2.889  nan      nan    nan   1.043     nan                                None      -7.435       2.917      -6.541       0.021       0.578       0.017
 Gaia DR3 417807413463719680   9.5470853  53.7105722 19.362  3.089       4.037   2.4224  32.7838    -0.52      nan      nan    2.916  nan      nan    nan   1.236     nan                                None      -7.584       2.814      -7.653       0.327       0.333       0.317
 Gaia DR3 405059503857744640  15.6504925  52.5550916 19.735  2.622       3.296   4.0216  32.9230    -1.40      nan      nan    2.849  nan      nan    nan   0.995     nan                                None      -7.112       3.357      -5.343       0.355       4.245       0.290
 Gaia DR3 394088370676118912   5.7067414  48.5399881 18.445  2.569       3.292   3.6587  33.7661    -0.38      nan      nan    2.530  nan      nan    nan   1.333     nan                                None      -6.708       2.072      -8.222       0.229       1.183       0.201
 Gaia DR3 394091909726018176   6.0750337  48.5884293 18.197  1.757       3.895   3.4683  33.8740    -0.43      nan      nan    2.521  nan      nan    nan   1.090     nan                                None      -6.673       2.097      -4.664       0.143       1.599       0.112
 Gaia DR3 396085216933585408   1.3829919  52.8356633 19.711  2.936       4.661   5.1971  33.9701     0.49      nan      nan    2.731  nan      nan    nan   1.009     nan                                None      -7.357       1.808      -6.696       0.342       4.408       0.303
 Gaia DR3 419099683233283584   5.8095468  53.1065183 12.599  0.849       3.734   2.8816  34.0760    -0.09    -5.67     1.40    2.915  nan      nan    nan   0.873     nan                            Gaia_DR3      -7.725       2.410      -9.090       0.008       0.566       0.010
 Gaia DR3 404507686457998464  14.9036471  50.9959142 15.537  1.572       4.136   3.4278  34.0851    -1.45      nan      nan    2.518  nan      nan    nan   6.492     nan                                None      -6.321       2.881      -6.346       0.168       0.686       0.165
 Gaia DR3 421206961686468608   6.3973378  55.5087619 17.177  2.253       1.684   4.5967  34.0924     0.01      nan      nan    2.823  nan      nan    nan   1.002     nan                                None      -7.461       2.397      -6.476       0.056       2.587       0.063
 Gaia DR3 419064876817553408   5.6539848  52.7039786 19.020  2.896       1.421   2.7364  34.1534    -0.09      nan      nan    2.921  nan      nan    nan   1.052     nan                                None      -7.745       2.397      -7.885       0.175       1.534       0.200
 Gaia DR3 391693806149100800   7.7869215  50.1260314 17.368  2.253       4.494   1.5725  34.3437    -0.57      nan      nan    2.471  nan      nan    nan   0.967     nan                                None      -6.488       2.211      -8.735       0.070       1.553       0.071
 Gaia DR3 417456321362077824  12.4805995  54.0917350 17.757  2.570       2.394   3.3477  34.7509    -0.86      nan      nan    2.905  nan      nan    nan   2.618     nan                                None      -7.419       3.116      -6.125       0.228       3.804       0.247
 Gaia DR3 411270919921695744  16.7031639  54.0594827 20.010    nan       3.434   5.1897  34.8008    -1.38      nan      nan    2.636  nan      nan    nan   1.032     nan                                None      -6.525       3.223      -7.896       0.320       4.551       0.338
 Gaia DR3 390530071873444096   9.9991680  48.4090191 18.098  2.785       3.968   2.9007  34.9782    -1.01      nan      nan    2.494  nan      nan    nan   0.989     nan                                None      -6.468       2.409      -7.420       0.108       0.552       0.086
 Gaia DR3 420156863661608192   3.1725748  54.3209483 11.597  0.728       2.948   4.8585  34.9916     0.34   -40.05     3.44    2.591  nan      nan    nan   1.505     nan                            Gaia_DR3      -6.940       1.885      -7.916       0.018       0.604       0.020
 Gaia DR3 416921065358768640  12.0291738  52.8096829 18.562  2.750       4.674   2.1934  35.0378    -0.92      nan      nan    2.944  nan      nan    nan   0.953     nan                                None      -7.541       3.097      -9.729       0.172       5.000       0.145
 Gaia DR3 423458628361025920  14.0913939  55.4922754 17.559  2.694       2.711   5.0277  35.1898    -0.93      nan      nan    2.605  nan      nan    nan   0.978     nan                                None      -6.580       2.958      -7.380       0.063       1.703       0.085
 Gaia DR3 395693382778553600   0.7508074  51.9115837 12.370  0.782       1.562   5.4413  35.3661     0.52   -23.42     0.79    2.719  nan      nan    nan   2.016     nan                            Gaia_DR3      -7.338       1.741      -6.750       0.023       2.415       0.023
 Gaia DR3 414977579775632768  12.5897692  50.5536050 17.670  2.681       2.620   2.1060  35.3776    -1.19      nan      nan    2.949  nan      nan    nan   0.962     nan                                None      -7.526       3.135      -6.675       0.103       1.746       0.079
 Gaia DR3 418741792191098880   9.7856114  56.6587601 19.789    nan       2.801   5.3734  35.4076    -0.32      nan      nan    2.655  nan      nan    nan   1.055     nan                                None      -6.894       2.597      -6.017       0.382       1.298       0.416
 Gaia DR3 393632760544721408   1.8034088  49.4299448 13.674  1.048       3.912   5.2226  35.5132     0.24     0.22     1.96    2.624  nan      nan    nan   1.004     nan                            Gaia_DR3      -7.059       1.789      -5.613       0.012       3.399       0.013
 Gaia DR3 421695728965481472   7.9656769  56.5678433 18.178  2.367       4.540   5.3514  35.7190    -0.11      nan      nan    2.639  nan      nan    nan   0.966     nan                                None      -6.923       2.399      -6.473       0.103      -0.086       0.134
 Gaia DR3 391351858034556160   8.3206562  49.1038861 19.336  3.053       3.860   2.3031  35.8634    -0.72      nan      nan    2.949  nan      nan    nan   1.078     nan                                None      -7.721       2.686      -6.466       0.342       0.640       0.243
 Gaia DR3 418446710762388480  10.7989599  55.7557467 17.503  2.537       1.843   4.5372  35.9093    -0.51      nan      nan    2.855  nan      nan    nan   1.046     nan                                None      -7.371       2.898      -7.121       0.065       3.979       0.091
 Gaia DR3 396203105197094400   1.3570609  53.2743489 18.600  2.644       4.175   5.3356  36.0995     0.52      nan      nan    2.627  nan      nan    nan   1.084     nan                                None      -7.077       1.734      -5.006       0.136       0.706       0.143
 Gaia DR3 388970178407104768   6.6217397  46.0317194 16.035  0.822       4.504   5.5799  36.1868    -0.69      nan      nan    2.709  nan      nan    nan   4.587     nan                                None      -7.152       2.289      -4.854       0.202       1.135       0.118
 Gaia DR3 418209353695348096   8.1778683  55.0121058 17.752  1.343       3.333   3.8016  36.1961    -0.25      nan      nan    2.901  nan      nan    nan   4.194     nan                                None      -7.601       2.658      -6.444       0.223       0.980       0.249
 Gaia DR3 416833551104106368  13.3992611  53.0696669 17.750  2.652       3.643   3.0010  36.3228    -1.07      nan      nan    2.487  nan      nan    nan   0.995     nan                                None      -6.311       2.740      -5.135       0.096       4.243       0.089
 Gaia DR3 418349403986022272  10.2011700  54.9957239 17.604  2.685       3.164   3.7335  36.6172    -0.50      nan      nan    2.909  nan      nan    nan   1.023     nan                                None      -7.537       2.884      -8.386       0.074       1.139       0.098
 Gaia DR3 418659260106994176   8.7529563  55.9244646 16.082  1.803       1.300   4.6545  36.8107    -0.25      nan      nan    2.860  nan      nan    nan   1.020     nan                                None      -7.469       2.684      -6.788       0.028       3.071       0.034
 Gaia DR3 395892802398437504   1.9413658  52.6873242 18.848  1.909       4.021   4.8334  37.1021     0.40      nan      nan    2.561  nan      nan    nan   1.708     nan                                None      -6.886       1.749      -9.035       0.295       2.053       0.283
 Gaia DR3 389526733152447872   7.1035837  47.4232303 19.319  2.859       3.687   4.1583  37.2103    -0.66      nan      nan    2.521  nan      nan    nan   0.961     nan                                None      -6.641       2.180      -6.492       0.278       0.226       0.189
 Gaia DR3 388918776236427392   6.9501057  45.9082866 16.400  1.483       3.416   5.6296  37.2745    -0.75      nan      nan    2.758  nan      nan    nan   0.996     nan                                None      -7.270       2.360      -6.406       0.103       0.572       0.059
 Gaia DR3 395655136088959744   1.4781023  51.8684153 19.536 -0.263       3.438   4.9907  37.4545     0.42      nan      nan    2.568  nan      nan    nan   1.009     nan                                None      -6.916       1.713      -5.506       0.277       0.499       0.317
 Gaia DR3 394201517294023936   5.1413768  49.4628187 14.960  1.551       3.901   3.3030  37.4914    -0.24   -14.29     5.35    2.936  nan      nan    nan   1.040     nan                            Gaia_DR3      -7.803       2.350      -5.735       0.026       3.597       0.021
 Gaia DR3 395190562368942080   3.6652950  52.7639206 11.807  0.848       4.172   3.8565  37.7110     0.18   -30.86     0.73    2.916  nan      nan    nan   3.563     nan                            Gaia_DR3      -7.795       2.179      -5.572       0.040       3.457       0.050
 Gaia DR3 389294564400082304   7.3246804  46.1905099 19.455  2.651       3.577   5.2883  37.7722    -0.79      nan      nan    2.820  nan      nan    nan   1.047     nan                                None      -7.421       2.451      -8.380       0.344       4.349       0.237
 Gaia DR3 401802131937806848  16.4346494  48.7534974 10.637  0.546       2.174   5.1463  37.7828    -1.87    -9.14     0.91    2.835  nan      nan    nan   0.987     nan                            Gaia_DR3      -7.032       3.350      -7.938       0.016       2.419       0.011
 Gaia DR3 403388761577461504  17.5024621  49.6708136 16.831  2.240       2.246   5.3650  37.7979    -1.92      nan      nan    2.596  nan      nan    nan   1.072     nan                                None      -6.384       3.175      -5.231       0.061       2.749       0.048
 Gaia DR3 388400081627114240   9.2378077  46.1267945 14.275  1.243       1.949   5.1640  37.8121    -1.08    23.01     2.87    2.833  nan      nan    nan   0.908     nan                            Gaia_DR3      -7.382       2.640      -6.840       0.016       1.609       0.014
 Gaia DR3 388918776238776320   6.9501599  45.9087009 13.186  1.163       4.799   5.6292  37.9466    -0.75     4.97     2.91    2.627  nan      nan    nan   1.594     nan                            Gaia_DR3      -6.926       2.248      -5.247       0.019       0.187       0.014
 Gaia DR3 418533984500056960  10.5490787  56.3267039 14.802  1.445       3.829   5.0787  37.9558    -0.43    -4.28     4.10    2.568  nan      nan    nan   1.011     nan                            Gaia_DR3      -6.639       2.585      -6.678       0.017       0.513       0.020
 Gaia DR3 394014119286525952   0.2628079  50.4182841 17.847  1.411       3.044   5.8663  38.0616     0.51      nan      nan    2.690  nan      nan    nan   3.920     nan                                None      -7.269       1.681      -7.079       0.337      -0.034       0.318
 Gaia DR3 402259661916623104  13.6864445  47.9111771 19.623  2.557       2.907   4.3478  38.1803    -1.57      nan      nan    2.521  nan      nan    nan   0.968     nan                                None      -6.386       2.739      -4.896       0.353       3.150       0.273
 Gaia DR3 414500529164930688  12.8200248  49.4380862 19.558  2.410       3.546   2.8319  38.3420    -1.32      nan      nan    2.959  nan      nan    nan   0.957     nan                                None      -7.541       3.154      -9.424       0.347       4.316       0.305
 Gaia DR3 402830514611639936  14.6724125  49.4678902 19.790  2.535       2.595   3.7895  38.3637    -1.57      nan      nan    2.926  nan      nan    nan   1.077     nan                                None      -7.359       3.301      -5.850       0.394       2.769       0.329
 Gaia DR3 421656838034910720   7.6315213  56.1591271 19.860  2.362       1.454   4.9884  38.3722    -0.10      nan      nan    2.556  nan      nan    nan   1.120     nan                                None      -6.716       2.291      -7.205       0.365       1.679       0.413
 Gaia DR3 388914408255789184   7.1148238  45.8195419 18.430  2.408       3.933   5.6842  38.4860    -0.78      nan      nan    2.623  nan      nan    nan   1.015     nan                                None      -6.908       2.258      -6.951       0.140       0.084       0.103
 Gaia DR3 423822738508747264  13.5115888  56.7096975 12.704  0.893       2.453   5.9188  38.5463    -0.75   -10.49     1.37    2.730  nan      nan    nan   1.048     nan                            Gaia_DR3      -6.925       3.053      -8.243       0.010       3.559       0.012
 Gaia DR3 411421896612829184  17.1918238  55.0336240 17.457  2.773       3.464   5.9541  38.6447    -1.34      nan      nan    2.718  nan      nan    nan   0.984     nan                                None      -6.701       3.383      -7.446       0.073       5.223       0.068
 Gaia DR3 402512102915414912  16.1206338  48.3348316 18.394  2.545       1.179   5.2128  38.6862    -1.87      nan      nan    2.844  nan      nan    nan   0.924     nan                                None      -7.073       3.323      -6.478       0.154       2.942       0.125
 Gaia DR3 421584747006370176   4.5407359  56.4342953 18.652  2.827       3.885   5.9032  38.6892     0.30      nan      nan    2.661  nan      nan    nan   1.981     nan                                None      -7.090       2.069      -9.269       0.275       2.125       0.286
Gaia DR3 1944147183105839616 359.8933098  51.9565074 18.217  2.524       2.190   5.9716  38.7939     0.64      nan      nan    2.683  nan      nan    nan   0.994     nan                                None      -7.259       1.632      -6.045       0.130       1.878       0.134
 Gaia DR3 421763696819568768   6.5917936  56.9762589 20.026  2.863       2.478   5.9290  38.8144     0.09      nan      nan    2.663  nan      nan    nan   1.003     nan                                None      -7.033       2.280      -7.731       0.414       3.483       0.432
 Gaia DR3 395912215650033664   3.0753043  52.2393824 18.325  2.631       2.829   4.0620  38.8466     0.22      nan      nan    2.502  nan      nan    nan   0.985     nan                                None      -6.704       1.816      -5.903       0.104       0.557       0.121
 Gaia DR3 421428891234636672   4.9206038  55.9868065 18.889  2.853       4.906   5.4113  38.8784     0.22      nan      nan    2.828  nan      nan    nan   1.039     nan                                None      -7.523       2.241      -7.216       0.162      -0.668       0.177
 Gaia DR3 424604010240817152  10.2775315  57.2867095 18.091  2.556       3.794   6.0168  39.0230    -0.32      nan      nan    2.692  nan      nan    nan   0.973     nan                                None      -6.971       2.686      -5.354       0.102       1.265       0.152
 Gaia DR3 419206851258151936   3.9796874  52.7736450 14.105  1.199       2.934   3.6822  39.0596     0.14     2.36     2.36    2.938  nan      nan    nan   1.016     nan                            Gaia_DR3      -7.846       2.230      -9.502       0.014       2.979       0.015
 Gaia DR3 393777582543384064   2.1032555  50.2755391 18.452  2.734       4.358   4.7576  39.2302     0.24      nan      nan    2.532  nan      nan    nan   1.004     nan                                None      -6.806       1.752      -7.562       0.139      -0.448       0.116
 Gaia DR3 394318649642278400   5.6203794  50.0150198 12.829  0.956       2.418   2.7463  39.2472    -0.27   -14.24     2.60    2.460  nan      nan    nan   5.890     nan                            Gaia_DR3      -6.524       2.012      -7.327       0.067       2.975       0.060
 Gaia DR3 414502723892743040  12.6245109  49.4291981 16.594  2.101       4.812   2.7449  39.3188    -1.29      nan      nan    2.459  nan      nan    nan   1.329     nan                                None      -6.275       2.605      -8.724       0.075       2.128       0.061
 Gaia DR3 377944924341995648  15.1503200  46.7916564 17.651  1.294       3.670   5.8397  39.4464    -1.88      nan      nan    2.623  nan      nan    nan   3.181     nan                                None      -6.574       2.956      -5.112       0.288       1.548       0.205
 Gaia DR3 389145065179400448   8.8466461  45.9921838 19.837  2.920       4.830   5.3120  39.5720    -1.03      nan      nan    2.565  nan      nan    nan   1.018     nan                                None      -6.696       2.356      -4.680       0.384       0.695       0.307
 Gaia DR3 394003295968950528   0.4724802  50.4469937 17.908  2.792       4.292   5.7297  39.6074     0.49      nan      nan    2.806  nan      nan    nan   1.084     nan                                None      -7.579       1.775      -9.739       0.085       0.440       0.084
 Gaia DR3 423766457256531456  13.3024766  56.0795445 18.760  2.106       3.644   5.3021  39.6361    -0.78      nan      nan    2.563  nan      nan    nan   2.424     nan                                None      -6.510       2.841      -4.545       0.371       2.963       0.501
 Gaia DR3 415849144601590016   7.5683793  51.4385696 19.704  2.529       4.041   1.1897  39.7540    -0.44      nan      nan    2.434  nan      nan    nan   1.036     nan                                None      -6.396       2.164      -6.160       0.304       4.224       0.271
 Gaia DR3 402262861670018816  13.6655349  48.1111670 16.601  2.275       2.919   4.1820  39.7881    -1.55      nan      nan    2.925  nan      nan    nan   0.888     nan                                None      -7.410       3.179      -7.552       0.062       1.385       0.044
 Gaia DR3 418384519639969024  10.3388459  55.3623823 10.357  0.547       2.938   4.1073  39.9999    -0.49   -19.67     1.66    2.495  nan      nan    nan   1.350     nan                            Gaia_DR3      -6.458       2.488      -7.552       0.019       1.397       0.024
