GaiaDR3                               RA         DEC   Gmag  Bp-Rp  Voff(km/s) Sep(deg)   3D(pc) Vr(pred)  Vr(obs)    Vrerr Plx(mas)  SpT    FnuvJ  W1-W3    RUWE  XCrate                               RVsrc    PMRApred   PMDecpred        PMRA     PMRAerr       PMDec    PMDecerr
Gaia DR3 1233227944114002688 211.4593402  16.9923686 11.938  1.106       0.000   0.0000   0.0000   -27.11      nan      nan    6.022  nan      nan    nan   1.090     nan                                None     -45.706     -12.183     -45.706       0.019     -12.183       0.012
Gaia DR3 1230719133457650432 209.5040190  13.9944714 14.514  2.059       2.929   3.5407  15.6135   -25.37      nan      nan    5.633  nan      nan    nan  10.352     nan                                None     -43.669     -13.423     -41.170       0.243     -15.841       0.173
Gaia DR3 3745490143886033408 204.9118146  16.9013520 15.515  2.468       0.666   6.2636  18.7604   -23.03      nan      nan    6.243  nan      nan    nan   1.035     nan                                None     -50.543     -14.314     -50.038       0.040     -13.598       0.030
Gaia DR3 1251086697304369280 207.1382113  21.7899530 15.699  2.348       2.086   6.2942  18.8098   -25.24      nan      nan    5.890  nan      nan    nan   1.003     nan                                None     -46.740     -10.337     -47.360       0.037      -7.822       0.028
Gaia DR3 3745490143886032896 204.9090763  16.8973288 16.093  2.625       0.284   6.2663  18.8350   -23.03      nan      nan    6.252  nan      nan    nan   1.062     nan                                None     -50.624     -14.339     -50.280       0.051     -14.191       0.039
Gaia DR3 1253625916329585408 212.0104290  22.5383968 16.999  2.628       1.775   5.5702  21.4828   -28.23      nan      nan    5.572  nan      nan    nan   1.031     nan                                None     -42.026      -7.984     -40.788       0.072      -9.662       0.070
Gaia DR3 1234541899164515200 219.2897968  16.7258804 14.664  2.008       0.647   7.4981  21.9000   -31.56      nan      nan    6.193  nan      nan    nan   1.129     nan                                None     -42.451     -10.932     -42.015       0.031     -11.656       0.032
Gaia DR3 3727191624699751808 208.3606584  11.2422471 16.369  2.458       0.730   6.4873  21.9637   -24.07      nan      nan    5.669  nan      nan    nan   1.027     nan                                None     -44.455     -15.120     -44.816       0.054     -15.913       0.041
Gaia DR3 1245675549611835392 210.8545023  18.4418180 18.472  3.066       2.097   1.5598  22.5763   -26.99      nan      nan    5.316  nan      nan    nan   0.974     nan                                None     -40.618     -10.117     -38.739       0.162     -11.528       0.139
Gaia DR3 1256513641885389184 211.1566988  22.2338811 18.643  3.027       1.408   5.2493  24.1218   -27.70      nan      nan    5.432  nan      nan    nan   1.009     nan                                None     -41.367      -8.188     -40.349       0.190      -6.938       0.163
Gaia DR3 1258331138901662848 210.8509034  25.7880973 16.102  2.358       2.758   8.8139  25.7121   -27.92      nan      nan    5.960  nan      nan    nan   0.985     nan                                None     -45.537      -6.912     -42.363       0.040      -5.523       0.036
Gaia DR3 1443710208094111488 204.4730817  23.0732409 17.258  2.953       0.829   8.9440  25.8205   -23.79      nan      nan    6.079  nan      nan    nan   2.660     nan                                None     -49.400     -10.831     -48.457       0.244     -10.341       0.127
Gaia DR3 3745329821346738176 203.6696810  16.0576821 19.863  3.035       1.965   7.5256  26.6330   -22.06      nan      nan    6.700  nan      nan    nan   1.042     nan                                None     -54.813     -16.168     -56.821       0.447     -14.251       0.319
Gaia DR3 3728883429497093632 208.5052794  13.8346189  7.808  0.398       2.883   4.2519  26.8414   -24.71      nan      nan    5.278  nan      nan    nan   3.675     nan                                None     -41.336     -12.827     -38.497       0.119     -11.332       0.090
Gaia DR3 3726243845676525568 204.9291729  10.1126441 16.799  2.640       2.367   9.3580  27.0741   -21.59      nan      nan    6.178  nan      nan    nan   3.340     nan                                None     -50.016     -17.613     -47.158       0.306     -18.769       0.277
Gaia DR3 1178844213514207232 218.0024140  11.1594695 12.057  1.178       2.969   8.6173  29.3734   -29.87      nan      nan    6.731  nan      nan    nan   1.011     nan                                None     -47.012     -16.374     -43.286       0.014     -18.340       0.012
