GaiaDR3                               RA         DEC   Gmag  Bp-Rp  Voff(km/s) Sep(deg)   3D(pc) Vr(pred)  Vr(obs)    Vrerr Plx(mas)  SpT    FnuvJ  W1-W3    RUWE  XCrate                               RVsrc    PMRApred   PMDecpred        PMRA     PMRAerr       PMDec    PMDecerr
Gaia DR3 3405720400701167104  74.6928607  17.2690507 12.923  1.222       0.000   0.0000   0.0000   -36.30   -36.30     2.75    3.636  nan      nan    nan   0.908     nan                            Gaia_DR3      -0.054     -39.830      -0.054       0.018     -39.830       0.013
Gaia DR3 3404904215179712000  74.1569628  15.6107044 17.946  2.555       3.000   1.7362  10.3868   -34.78      nan      nan    3.557  nan      nan    nan   0.984     nan                                None      -0.188     -39.742       1.123       0.142     -37.914       0.105
Gaia DR3 3408373105647039360  75.1791541  19.8742393 19.120  2.863       1.123   2.6456  13.7578   -38.62      nan      nan    3.571  nan      nan    nan   0.991     nan                                None       0.070     -37.835      -0.682       0.324     -37.449       0.221
Gaia DR3 3409945342850377472  72.5807704  19.2399423 17.285  2.822       2.321   2.8120  14.7497   -38.05      nan      nan    3.721  nan      nan    nan   1.061     nan                                None      -0.612     -39.762      -0.394       0.142     -41.570       0.087
Gaia DR3 3395053209470071552  77.7499864  17.5167651 16.798  2.532       1.602   2.9278  16.4938   -36.50      nan      nan    3.529  nan      nan    nan   0.973     nan                                None       0.712     -38.554       1.903       0.089     -38.584       0.057
Gaia DR3 3392157783037470080  76.2163598  14.6496737 13.184  1.151       2.862   3.0010  20.5413   -33.88   -32.49     2.09    3.456  nan      nan    nan   3.226     nan                            Gaia_DR3       0.322     -39.037       1.314       0.056     -37.202       0.041
Gaia DR3 3406421373724055808  73.3955336  17.2347914 16.433  2.855       2.891   1.2394  26.4261   -36.26      nan      nan    4.012  nan      nan    nan   1.026     nan                                None      -0.428     -43.975       0.803       0.076     -41.862       0.055
Gaia DR3 3414857475471812224  77.4648786  20.9014575 18.614  2.827       2.795   4.4781  27.9781   -39.50      nan      nan    3.423  nan      nan    nan   0.997     nan                                None       0.621     -35.769      -0.574       0.305     -34.144       0.202
Gaia DR3 3391165920469917568  80.9809068  16.4403945 15.590  2.048       2.555   6.0744  29.1057   -35.44      nan      nan    3.654  nan      nan    nan   1.015     nan                                None       1.571     -40.460       3.534       0.045     -40.315       0.030
