GaiaDR3                               RA         DEC   Gmag  Bp-Rp  Voff(km/s) Sep(deg)   3D(pc) Vr(pred)  Vr(obs)    Vrerr Plx(mas)  SpT    FnuvJ  W1-W3    RUWE  XCrate                               RVsrc    PMRApred   PMDecpred        PMRA     PMRAerr       PMDec    PMDecerr
Gaia DR3 2579620343673729408  19.3047811   9.5012623 13.294  2.138       0.000   0.0000   0.0000   -49.46      nan      nan   14.425  nan      nan    nan   1.084     nan                                None      55.489     -28.942      55.489       0.021     -28.942       0.013
Gaia DR3 2579620343673729280  19.2977565   9.5009152 11.055  1.369       1.809   0.0069   1.4316   -49.46      nan      nan   14.729  nan      nan    nan   3.128     nan                                None      56.641     -29.552      56.452       0.069     -23.939       0.045
Gaia DR3 2557639628765715328  12.1397487   8.1879956 14.312  2.467       1.437   7.2003  10.1996   -51.11      nan      nan   13.492  nan      nan    nan   1.070     nan                                None      34.737     -29.516      37.795       0.030     -26.806       0.025
Gaia DR3 2588074866536743680  27.5948529  14.3691387 14.575  2.624       2.825   9.4569  12.0946   -47.06      nan      nan   13.803  nan      nan    nan   1.157     nan                                None      72.360     -17.631      65.356       0.039     -21.932       0.030
Gaia DR3 2551241944269355776  10.5969185   4.1663747  7.684  0.650       1.825  10.1566  12.2282   -50.57      nan      nan   14.716  nan      nan    nan   0.917     nan                                None      33.770     -43.173      28.190       0.034     -44.133       0.026
Gaia DR3 2780995108026780544  10.9572525  14.7523266 16.856    nan       2.211   9.7016  12.6420   -52.20      nan      nan   15.747  nan      nan    nan   0.988     nan                                None      37.169     -14.611      37.427       0.390     -21.945       0.101
Gaia DR3 2751571180435171840   8.6721837  11.1346856  8.054  0.645       1.149  10.5866  12.7735   -52.21      nan      nan   14.886  nan      nan    nan   0.974     nan                                None      28.929     -23.880      31.846       0.030     -21.763       0.023
Gaia DR3 2534593727608586368  19.4939998   0.0962658 14.001  2.470       2.810   9.4069  14.3023   -47.18      nan      nan   16.760  nan      nan    nan   1.339     nan                                None      65.023     -61.749      55.294       0.038     -63.724       0.027
Gaia DR3 2569896125398714240  32.4839298   8.8504669 16.146  3.130       2.299  13.0260  15.6266   -44.01      nan      nan   14.767  nan      nan    nan   1.035     nan                                None      88.836     -33.965      95.609       0.066     -31.655       0.059
Gaia DR3 2570358538757043072  32.6577165  10.4530392 18.311  3.853       1.812  13.1843  15.8162   -44.21      nan      nan   14.894  nan      nan    nan   1.024     nan                                None      89.999     -30.427      84.326       0.244     -29.984       0.227
Gaia DR3 2570358538757545472  32.6573544  10.4548102 13.477  2.495       1.780  13.1841  15.8356   -44.21      nan      nan   15.007  nan      nan    nan   6.189     nan                                None      90.685     -30.654      85.425       0.112     -28.641       0.096
Gaia DR3 2547505189574925568   7.9128365   2.1506203 12.073  1.787       1.814  13.5013  16.1939   -50.50      nan      nan   14.720  nan      nan    nan   1.294     nan                                None      26.556     -48.628      27.044       0.023     -54.237       0.020
Gaia DR3 2567171432505699840  28.2227285   5.6806720 14.752  2.711       1.391   9.6284  16.4632   -45.33      nan      nan   12.494  nan      nan    nan   1.765     nan                                None      66.771     -34.585      68.625       0.057     -37.746       0.039
Gaia DR3 2507484130258715136  29.1967621  -0.3537477 11.985  1.734       1.113  13.9321  16.8842   -43.26      nan      nan   14.321  nan      nan    nan   1.224     nan                                None      78.771     -53.810      77.374       0.028     -50.754       0.017
Gaia DR3 2774268330247832064  11.7583494  10.2512765  9.708  1.087       2.979   7.4721  17.4893   -51.53      nan      nan   18.604  nan      nan    nan   0.934     nan                                None      46.617     -33.398      40.407       0.025     -43.296       0.017
  Gaia DR3 79355057007038208  33.7944332  16.6085883 15.197  2.897       2.824  15.7924  19.4165   -44.44      nan      nan   16.097  nan      nan    nan   1.016     nan                                None     100.060     -17.157      93.987       0.038      -9.745       0.033
Gaia DR3 2476614486611146880  17.8182364  -5.9514509 13.520  2.315       1.825  15.5235  20.4002   -45.59      nan      nan   17.148  nan      nan    nan   1.132     nan                                None      61.512     -81.000      66.479       0.039     -76.656       0.032
  Gaia DR3 24522412129992704  35.8174974  10.6991928 14.627  2.603       0.596  16.2988  21.2305   -42.64      nan      nan   13.327  nan      nan    nan   1.200     nan                                None      86.873     -27.548      87.473       0.035     -25.985       0.031
  Gaia DR3 87088158508222848  34.4819003  19.6804988  8.767  0.806       1.825  17.8488  21.2489   -44.31      nan      nan   15.165  nan      nan    nan   1.547     nan                                None      95.843      -8.906      97.593       0.043     -14.473       0.030
Gaia DR3 2534735633327983104  17.8222332  -0.0889364 14.434  2.434       1.743   9.7031  21.7637   -47.64      nan      nan   11.535  nan      nan    nan   1.197     nan                                None      41.385     -42.870      45.117       0.035     -44.879       0.023
  Gaia DR3 73312072381271808  32.1062936  11.7395898 14.807  2.934       1.657  12.7780  22.1133   -44.68      nan      nan   19.352  nan      nan    nan   2.077     nan                                None     115.292     -35.244     116.196       0.146     -41.943       0.124
Gaia DR3 2766010894844402816   1.7275053  12.0518377 13.796  2.278       2.312  17.4507  22.1212   -53.06      nan      nan   13.570  nan      nan    nan   1.102     nan                                None       8.954     -18.926      14.453       0.027     -15.251       0.024
Gaia DR3 2521867808229983744  33.0205867   8.7806881 13.978 -0.476       2.624  13.5599  22.2906   -43.73      nan      nan   12.100  nan      nan    nan   0.987     nan                                None      73.788     -28.072      80.074       0.057     -25.774       0.043
Gaia DR3 2785462251971780992  16.7733098  19.1522953  9.691  1.192       0.860   9.9570  22.3262   -51.07      nan      nan   20.224  nan      nan    nan   0.975     nan                                None      68.827      -3.569      66.757       0.026      -6.595       0.016
Gaia DR3 2493115922760983552  32.6379383  -3.5372597 11.961  1.779       1.861  18.6151  22.3983   -40.57      nan      nan   16.067  nan      nan    nan   1.331     nan                                None      97.040     -68.078      93.350       0.026     -73.186       0.018
  Gaia DR3 73312072380724864  32.1064898  11.7399828 14.871  2.735       1.763  12.7783  22.4462   -44.68      nan      nan   19.525  nan      nan    nan   2.548     nan                                None     116.326     -35.559     118.187       0.087     -42.572       0.074
  Gaia DR3 19985822858104832  38.6282638   7.8383982 11.471  1.582       0.807  19.1721  22.9354   -40.55      nan      nan   14.651  nan      nan    nan   1.347     nan                                None     101.465     -37.484     103.689       0.029     -36.356       0.020
Gaia DR3 2584174314676824704  15.5768918  12.0315940 13.502    nan       1.081   4.4511  22.9636   -50.89      nan      nan   10.936  nan      nan    nan   1.828     nan                                None      34.899     -16.362      37.391       0.655     -16.371       0.275
Gaia DR3 2492604782997676032  31.0508397  -3.4217736 19.899  2.738       2.606  17.4355  23.1355   -41.38      nan      nan   13.101  nan      nan    nan   1.067     nan                                None      75.904     -55.415      70.488       0.637     -60.157       0.448
Gaia DR3 2747929185607256320   7.7899558   7.0161290 14.672  2.619       2.190  11.6619  23.2248   -51.67      nan      nan   11.572  nan      nan    nan   1.062     nan                                None      20.616     -27.629      16.313       0.032     -24.461       0.025
Gaia DR3 2504229614495819520  28.6429096  -3.4839096 15.238  2.533       1.460  15.9749  24.0044   -42.48      nan      nan   12.313  nan      nan    nan   1.194     nan                                None      66.634     -52.372      63.107       0.047     -50.990       0.034
Gaia DR3 2470609160259281280  18.5367229 -10.5916007 17.456  3.638       2.462  20.1074  24.2388   -43.41      nan      nan   14.385  nan      nan    nan   1.098     nan                                None      53.411     -78.796      45.946       0.145     -78.861       0.174
  Gaia DR3 91690164426711040  27.0901951  17.8704177 15.785 -0.200       1.704  11.2755  24.2642   -47.55      nan      nan   11.349  nan      nan    nan   0.917     nan                                None      58.566      -7.430      60.282       0.087     -11.129       0.050
  Gaia DR3 91690164426524288  27.0920149  17.8723899 11.634  1.451       1.788  11.2782  24.7319   -47.55      nan      nan   11.278  nan      nan    nan   1.057     nan                                None      58.200      -7.380      60.702       0.034     -10.818       0.020
 Gaia DR3 309990093518222208  17.3842217  30.0512655 10.234  1.204       2.605  20.6281  24.8264   -50.15      nan      nan   16.549  nan      nan    nan   1.599     nan                                None      58.102      30.535      64.021       0.032      37.430       0.023
Gaia DR3 2740022116456317312   0.7912962   3.1613459 17.059  3.743       2.130  19.4520  25.0369   -51.45      nan      nan   17.959  nan      nan    nan   1.017     nan                                None       8.723     -55.805      12.464       0.098     -62.948       0.061
Gaia DR3 2531282823219202176  17.6326620  -3.3271109 20.660  2.802       2.654  12.9361  25.1692   -46.62      nan      nan   11.444  nan      nan    nan   1.281     nan                                None      40.679     -48.970      37.262       1.613     -54.383       1.985
Gaia DR3 2475774180554293120  18.4636473  -6.4921653 15.346  2.946       2.445  16.0154  25.1704   -45.18      nan      nan   19.891  nan      nan    nan   1.327     nan                                None      73.603     -95.668      83.556       0.062     -98.131       0.051
Gaia DR3 2569398939984509312  30.4691704   7.8641506  6.948  0.644       0.695  11.1564  25.3560   -44.78      nan      nan   21.506  nan      nan    nan   1.210     nan                                None     122.632     -52.289     122.071       0.025     -49.189       0.020
Gaia DR3 2473717582710202240  12.8079054  -9.9918297 11.406  1.698       0.351  20.5373  25.3635   -45.18      nan      nan   17.324  nan      nan    nan   4.290     nan                                None      46.695     -94.196      45.633       0.086     -94.912       0.083
Gaia DR3 2569398935690514176  30.4713543   7.8657285 16.810  0.601       0.662  11.1583  25.3865   -44.78      nan      nan   21.522  nan      nan    nan   0.972     nan                                None     122.732     -52.324     119.884       0.101     -53.280       0.073
Gaia DR3 2591110240183844224  17.5379140  14.8408600 13.276  1.823       2.430   5.6118  25.8363   -50.65      nan      nan   10.647  nan      nan    nan   0.995     nan                                None      37.668     -10.623      35.153       0.020     -15.463       0.019
Gaia DR3 2773250629157880192 359.1353778  16.5578832 14.053  2.492       2.962  20.8602  26.3850   -53.50      nan      nan   13.496  nan      nan    nan   1.016     nan                                None       2.393      -6.824      -0.168       0.022       1.204       0.014
Gaia DR3 2511863626806636160  29.7850398   3.3534898 16.968  0.150       1.875  12.0889  26.6270   -44.06      nan      nan   11.098  nan      nan    nan   1.096     nan                                None      62.081     -35.100      60.200       0.108     -31.136       0.077
  Gaia DR3 32877944586807936  41.2747779  14.5110928 15.085  2.826       2.129  22.0524  26.6773   -40.17      nan      nan   14.265  nan      nan    nan   1.015     nan                                None     104.039     -23.246      98.472       0.038     -20.084       0.033
 Gaia DR3 316423400476450944  21.5869617  32.0290044 11.591  1.724       1.973  22.6267  26.8048   -48.68      nan      nan   16.308  nan      nan    nan   1.101     nan                                None      69.151      33.567      73.254       0.020      38.969       0.013
 Gaia DR3 316440309763263104  21.4793125  32.1794359  9.622  1.017       2.561  22.7673  26.9390   -48.69      nan      nan   16.264  nan      nan    nan   1.190     nan                                None      68.664      33.983      72.992       0.017      41.621       0.014
Gaia DR3 2591498402148175744  20.1123017  15.8156493 17.816  3.492       2.556   6.3633  27.0948   -49.95      nan      nan   10.539  nan      nan    nan   1.002     nan                                None      42.019      -9.084      47.525       0.143      -7.688       0.095
Gaia DR3 2447899537861508864   1.2702754  -3.4721396 16.726  3.500       0.661  22.1640  27.2445   -49.38      nan      nan   17.676  nan      nan    nan   0.918     nan                                None      10.161     -76.714       9.444       0.074     -74.357       0.054
Gaia DR3 2749428404071465472   5.8322494   9.3486989  8.848  0.695       2.801  13.2907  28.0992   -52.34      nan      nan   11.036  nan      nan    nan   4.604     nan                                None      15.681     -21.335      22.000       0.103     -19.740       0.064
Gaia DR3 2770902347199112192 356.0909003  13.9099272 14.175  2.581       2.264  23.1421  28.4726   -53.31      nan      nan   13.886  nan      nan    nan   1.189     nan                                None      -5.413     -14.273       0.823       0.024     -12.028       0.017
Gaia DR3 2544906734360430720   1.6346073  -1.1874877 14.180  2.402       1.357  20.5892  28.6005   -50.14      nan      nan   12.523  nan      nan    nan   1.062     nan                                None       8.047     -49.105       9.941       0.028     -46.063       0.014
 Gaia DR3 101754651485587968  36.4850892  23.4023453 10.693  1.201       1.184  21.5146  28.7588   -43.42      nan      nan   12.831  nan      nan    nan   1.379     nan                                None      84.899      -0.886      88.039       0.022      -0.253       0.020
Gaia DR3 2647710311349589632 355.3085389   3.3307246 17.550  0.606       2.464  24.6176  29.0714   -51.48      nan      nan   16.756  nan      nan    nan   1.005     nan                                None      -8.972     -51.529     -14.024       0.127     -44.444       0.090
Gaia DR3 2647710350002944384 355.3083574   3.3321637 17.002  3.089       2.245  24.6174  29.1134   -51.48      nan      nan   16.854  nan      nan    nan   1.028     nan                                None      -9.026     -51.828     -14.280       0.104     -45.825       0.081
  Gaia DR3 89400676274884480  37.8291648  22.5237051 17.310  3.461       1.854  22.0160  29.8369   -42.72      nan      nan   12.670  nan      nan    nan   1.017     nan                                None      86.298      -3.419      81.488       0.121      -2.244       0.093
