GaiaDR3                               RA         DEC   Gmag  Bp-Rp  Voff(km/s) Sep(deg)   3D(pc) Vr(pred)  Vr(obs)    Vrerr Plx(mas)  SpT    FnuvJ  W1-W3    RUWE  XCrate                               RVsrc    PMRApred   PMDecpred        PMRA     PMRAerr       PMDec    PMDecerr
Gaia DR3 2579495171146737280  18.3443973   8.9874293 14.793  2.485       0.000   0.0000   0.0000     3.92      nan      nan    9.710  nan      nan    nan   1.098     nan                                None      46.263     -25.650      46.263       0.043     -25.650       0.031
Gaia DR3 2579922056536305664  18.5687918  10.2948489 15.588  2.658       2.162   1.3260   3.4752     3.72      nan      nan    9.480  nan      nan    nan   1.122     nan                                None      45.120     -25.246      43.050       0.055     -29.038       0.036
Gaia DR3 2579921953457090688  18.5670758  10.2893915 14.800  2.461       2.016   1.3203   4.5265     3.72      nan      nan    9.362  nan      nan    nan   1.156     nan                                None      44.560     -24.932      43.978       0.040     -28.869       0.025
Gaia DR3 2581038095198101632  14.2366584   8.8976330 13.037  1.839       1.370   4.0588   7.3474     2.33      nan      nan    9.823  nan      nan    nan   1.000     nan                                None      47.546     -25.412      46.936       0.020     -28.184       0.016
Gaia DR3 2577483648983749632  14.9678227   6.9984794 10.738  1.066       2.565   3.8904   9.1933     3.03      nan      nan   10.334  nan      nan    nan   1.123     nan                                None      49.896     -26.627      47.567       0.021     -31.707       0.015
Gaia DR3 2579032031938047744  21.9717964   9.4282396 17.186  3.086       2.911   3.6077  10.9558     5.23      nan      nan    8.960  nan      nan    nan   0.953     nan                                None      41.903     -24.162      47.169       0.119     -22.581       0.059
Gaia DR3 2557739821763584128  12.2349613   8.6864882 10.171  0.926       2.931   6.0443  11.2055     1.58      nan      nan   10.042  nan      nan    nan   1.028     nan                                None      48.884     -25.701      47.706       0.032     -19.610       0.021
Gaia DR3 2582605066775095808  13.0318786  10.6007610  8.776  0.703       0.656   5.4778  11.3462     1.49      nan      nan   10.326  nan      nan    nan  13.866     nan                                None      50.159     -26.657      49.027       0.412     -25.788       0.267
Gaia DR3 2586456484204613504  21.6161241  12.2436234 15.013  2.827       2.573   4.5761  11.3508     4.46      nan      nan   10.546  nan      nan    nan   1.120     nan                                None      49.422     -28.912      45.590       0.102     -24.666       0.054
Gaia DR3 2582605066773322496  13.0317577  10.6013888  9.277  0.719       1.743   5.4781  11.5624     1.49      nan      nan    9.208  nan      nan    nan   1.022     nan                                None      44.731     -23.773      41.580       0.022     -25.002       0.017
Gaia DR3 2563759579205311488  17.9966090   4.2173718 16.699  2.957       1.196   4.7825  11.9833     4.81      nan      nan    9.010  nan      nan    nan   1.064     nan                                None      42.995     -23.079      44.036       0.087     -25.098       0.059
Gaia DR3 2590457473874376576  20.6760430  14.4150965 15.577  2.910       1.678   5.8880  12.4479     3.61      nan      nan   10.432  nan      nan    nan   1.236     nan                                None      49.140     -28.751      51.891       0.056     -31.210       0.033
Gaia DR3 2552161758756924160  14.7717655   4.5830215 16.071  2.531       2.760   5.6549  12.6471     3.46      nan      nan    9.088  nan      nan    nan   1.013     nan                                None      43.913     -23.141      38.625       0.066     -23.089       0.043
Gaia DR3 2584467020993005696  15.0674258  12.8499963 11.282  1.319       2.372   5.0268  12.6887     1.80      nan      nan   10.676  nan      nan    nan   1.384     nan                                None      51.533     -28.081      47.478       0.036     -31.554       0.026
Gaia DR3 2551938587961067008  15.3605070   4.2488434 14.324  2.366       2.609   5.5888  13.6468     3.76      nan      nan   10.725  nan      nan    nan   1.212     nan                                None      51.716     -27.302      56.689       0.032     -30.475       0.022
Gaia DR3 2582432722618704128  15.0711208  10.6570917 17.396  3.476       2.293   3.6317  13.7806     2.28      nan      nan    8.702  nan      nan    nan   1.065     nan                                None      42.003     -22.746      46.128       0.122     -23.576       0.096
Gaia DR3 2784142112168721280  17.3510386  16.7715334 19.082  0.646       0.456   7.8440  14.8313     1.82      nan      nan    9.367  nan      nan    nan   0.945     nan                                None      44.821     -25.342      44.998       0.291     -24.458       0.248
Gaia DR3 2537489463278998016  14.7452731   1.5821263 15.962  2.808       2.032   8.2258  14.8603     4.08      nan      nan   10.001  nan      nan    nan   0.996     nan                                None      48.326     -25.047      48.409       0.067     -29.331       0.075
Gaia DR3 2750465552773910144   9.7406969  10.0981721 15.173  2.615       2.934   8.5567  16.2985     0.29      nan      nan    9.312  nan      nan    nan   4.050     nan                                None      45.578     -23.556      51.327       0.167     -23.204       0.113
Gaia DR3 2571757529864958592  26.1630491   8.5103516 16.177  3.248       2.111   7.7422  16.7778     7.01      nan      nan    8.970  nan      nan    nan   1.178     nan                                None      40.839     -24.478      41.964       0.076     -28.308       0.059
Gaia DR3 2784584257577192064  15.6293347  16.9515016 16.299  2.678       0.651   8.3913  17.0536     1.12      nan      nan   10.659  nan      nan    nan   0.955     nan                                None      51.346     -28.401      52.450       0.073     -27.442       0.056
Gaia DR3 2584520935718082560  16.7028200  12.2084301 16.977  2.864       2.678   3.6025  17.0944     2.58      nan      nan    8.432  nan      nan    nan   1.066     nan                                None      40.451     -22.385      35.908       0.106     -23.808       0.069
Gaia DR3 2592201608553557248  21.4703700  15.8153033  9.411  0.724       2.220   7.4785  17.7382     3.58      nan      nan    8.793  nan      nan    nan   0.949     nan                                None      41.241     -24.546      39.916       0.023     -28.442       0.011
Gaia DR3 2577440488857060352  16.3473247   7.3926221 16.203  2.726       2.184   2.5398  17.9854     3.49      nan      nan    8.314  nan      nan    nan   1.032     nan                                None      39.943     -21.583      39.911       0.072     -25.410       0.051
Gaia DR3 2510323515958775296  25.0403784   0.9516757 18.837  3.672       2.419  10.4402  18.7949     8.23      nan      nan   10.097  nan      nan    nan   0.981     nan                                None      46.327     -25.332      51.404       0.274     -26.196       0.169
Gaia DR3 2575793940129745152  27.6273619  13.0330667 14.889  2.586       2.095   9.9676  18.9893     6.51      nan      nan   10.539  nan      nan    nan   1.088     nan                                None      47.464     -30.175      50.113       0.039     -26.348       0.035
Gaia DR3 2778657408867151872  13.7228856  16.2132541 14.671  2.739       1.731   8.5160  19.0242     0.55      nan      nan    8.832  nan      nan    nan   1.137     nan                                None      42.819     -23.109      41.175       0.037     -25.882       0.034
Gaia DR3 2778608068282860544  13.9804801  16.1043700 13.757  2.751       1.451   8.2927  19.2075     0.68      nan      nan    8.765  nan      nan    nan   2.382     nan                                None      42.461     -22.985      42.858       0.044     -25.637       0.033
Gaia DR3 2512340604399223680  27.0714853   2.7507038 16.438  2.857       1.778  10.6857  19.3998     8.62      nan      nan    9.558  nan      nan    nan   1.174     nan                                None      43.227     -24.564      44.577       0.105     -27.884       0.062
Gaia DR3 2512340162018120832  27.0618123   2.7112323  8.313  0.652       1.818  10.7012  19.4431     8.62      nan      nan    9.550  nan      nan    nan   0.968     nan                                None      43.194     -24.532      45.102       0.046     -27.655       0.035
Gaia DR3 2549433492451627648  10.7003273   1.3796058 17.646  3.389       2.465  10.7585  19.4628     2.49      nan      nan    9.596  nan      nan    nan   0.999     nan                                None      46.881     -23.924      50.388       0.163     -20.378       0.134
Gaia DR3 2574864195673656192  29.1151887  12.4135176 10.479  0.980       2.091  11.1221  19.8862     7.19      nan      nan    9.808  nan      nan    nan   0.801     nan                                None      43.649     -28.178      46.035       0.019     -24.573       0.014
Gaia DR3 2781725115028467200  13.7833407  16.9090761 13.593  1.438       2.459   9.0815  20.0616     0.42      nan      nan    8.814  nan      nan    nan   1.108     nan                                None      42.724     -23.086      40.498       0.103     -27.076       0.054
Gaia DR3 2573521112156177792  26.0772902  11.3031223  9.078  0.844       2.710   7.9557  20.2315     6.34      nan      nan    8.595  nan      nan    nan  12.470     nan                                None      39.153     -24.033      34.259       0.264     -23.631       0.212
Gaia DR3 2785753175876754560  20.4589253  18.7048567 13.596  2.064       2.015   9.9313  20.3327     2.54      nan      nan    8.982  nan      nan    nan   1.819     nan                                None      42.355     -25.144      46.170       0.035     -25.146       0.022
Gaia DR3 2575356025264264576  26.7958570  12.0929306 15.317  2.790       1.367   8.8690  20.3602     6.42      nan      nan    8.734  nan      nan    nan   1.096     nan                                None      39.580     -24.685      40.210       0.041     -27.122       0.037
Gaia DR3 2549606351999518336  12.5300216   1.3723178 15.350  2.440       1.961   9.5640  20.5446     3.23      nan      nan    8.856  nan      nan    nan   1.044     nan                                None      43.077     -22.111      44.446       0.047     -25.506       0.054
Gaia DR3 2749581511065594240   8.4082808   8.2007452 16.444  2.938       1.235   9.8556  20.5619     0.15      nan      nan    8.925  nan      nan    nan   0.992     nan                                None      43.776     -22.401      41.743       0.076     -23.526       0.051
Gaia DR3 2575981922258429568  28.4868093  13.9989096 15.592  2.664       2.948  11.1274  20.5752     6.59      nan      nan   10.447  nan      nan    nan   1.000     nan                                None      46.730     -30.317      53.096       0.051     -29.036       0.037
Gaia DR3 2575589808924041600  27.4582519  12.6312584 16.661  3.057       0.739   9.6635  20.6203     6.54      nan      nan   11.077  nan      nan    nan   0.963     nan                                None      49.948     -31.573      48.222       0.075     -31.542       0.075
Gaia DR3 2777246082613712256  15.9514250  14.3095184 14.532  2.459       2.142   5.8149  20.6557     1.83      nan      nan   11.817  nan      nan    nan   1.077     nan                                None      56.856     -31.403      59.377       0.030     -26.701       0.022
Gaia DR3 2592764558507113088  22.8705021  17.0693197 15.929  2.680       0.559   9.2045  20.7217     3.81      nan      nan    8.754  nan      nan    nan   1.014     nan                                None      40.729     -24.870      40.106       0.064     -24.048       0.038
Gaia DR3 2537014332521531008  11.7325024  -0.0887874 19.264  3.198       2.610  11.2133  21.4608     3.21      nan      nan    9.197  nan      nan    nan   1.267     nan                                None      44.829     -22.797      47.965       0.549     -18.826       0.423
Gaia DR3 2567912018011466368  29.0003448   6.9256437 18.015  3.681       1.256  10.7520  21.5311     8.42      nan      nan    9.018  nan      nan    nan   2.162     nan                                None      40.170     -24.471      42.509       0.524     -24.954       0.326
Gaia DR3 2578227090642471424  17.1309680   9.0385757 17.099  3.222       2.606   1.1995  21.6132     3.44      nan      nan    8.034  nan      nan    nan   1.103     nan                                None      38.479     -21.101      42.139       0.106     -18.636       0.082
  Gaia DR3 95719088563229056  23.7268837  18.3711114 14.683  2.304       2.087  10.7392  21.8214     3.82      nan      nan    8.963  nan      nan    nan   3.350     nan                                None      41.480     -25.816      41.273       0.106     -21.879       0.071
Gaia DR3 2781725115028210944  13.7840455  16.9099165  7.919  0.334       1.451   9.0819  21.9551     0.42      nan      nan    8.587  nan      nan    nan   0.951     nan                                None      41.624     -22.491      40.504       0.033     -24.867       0.031
Gaia DR3 2776356680785590528  11.2606998  13.6697477 16.187    nan       1.994   8.3746  22.1132     0.14      nan      nan   11.677  nan      nan    nan   1.404     nan                                None      56.982     -29.885      58.431       0.727     -34.574       0.170
Gaia DR3 2749991319665139072   8.6715150   9.3419656 15.210  2.266       1.280   9.5557  22.5539     0.02      nan      nan    8.601  nan      nan    nan   0.986     nan                                None      42.173     -21.621      43.625       0.042     -23.433       0.028
Gaia DR3 2583595971561123968  18.6581557  11.9623577 14.885  2.347       2.042   2.9909  22.7826     3.39      nan      nan    8.001  nan      nan    nan   1.104     nan                                None      38.065     -21.494      38.272       0.034     -18.055       0.028
Gaia DR3 2484530558014124800  24.1323356  -2.3812383 17.412  3.077       1.712  12.7485  23.0234     8.56      nan      nan   10.336  nan      nan    nan   1.013     nan                                None      47.709     -24.876      50.409       0.108     -27.449       0.068
Gaia DR3 2543007362383129472  10.4778238  -0.2463506 17.412  3.521       2.905  12.1099  23.4627     2.74      nan      nan   10.924  nan      nan    nan   1.853     nan                                None      53.396     -27.063      60.082       0.251     -27.328       0.235
  Gaia DR3 94857621202983296  24.6584205  17.6311434 14.795  2.833       0.693  10.6010  23.5611     4.33      nan      nan    8.678  nan      nan    nan   1.825     nan                                None      39.920     -25.100      40.871       0.056     -25.940       0.041
Gaia DR3 2542877963609806208   9.8580285  -0.7292355 10.151  0.826       0.374  12.8796  23.5927     2.58      nan      nan    9.448  nan      nan    nan   1.411     nan                                None      46.237     -23.366      46.325       0.029     -22.627       0.025
Gaia DR3 2560175304442185728  22.3222598   3.8568918 16.815  2.791       2.542   6.4759  23.6454     6.58      nan      nan    8.135  nan      nan    nan   1.007     nan                                None      37.971     -20.980      39.001       0.085     -25.217       0.045
  Gaia DR3 92128117946637056  27.2597023  18.2279079 16.447  3.268       2.490  12.6598  23.6610     5.12      nan      nan    9.295  nan      nan    nan   0.913     nan                                None      41.978     -27.574      43.827       0.072     -23.059       0.067
Gaia DR3 2563228137131909760  21.3686620   4.4697027 14.736  2.881       1.093   5.4245  23.6957     6.08      nan      nan   12.358  nan      nan    nan   1.106     nan                                None      57.994     -31.978      57.300       0.043     -29.215       0.017
Gaia DR3 2484659815054384768  23.0569156  -2.4452773 15.804  2.663       2.886  12.3599  24.1246     8.16      nan      nan    9.058  nan      nan    nan   1.011     nan                                None      42.094     -21.817      45.169       0.049     -17.242       0.028
  Gaia DR3 95719088563228928  23.7264415  18.3724025 15.028  2.352       2.788  10.7401  24.7692     3.82      nan      nan    8.559  nan      nan    nan   1.147     nan                                None      39.610     -24.652      43.723       0.042     -21.758       0.026
Gaia DR3 2512347029670355072  27.0425664   2.8781051 18.731  3.440       2.431  10.5877  25.2404     8.58      nan      nan    8.479  nan      nan    nan   1.146     nan                                None      38.356     -21.825      39.474       0.424     -26.023       0.269
Gaia DR3 2783895001225564544  18.2622881  16.4420045 16.947  3.588       2.678   7.4550  25.3822     2.24      nan      nan    8.085  nan      nan    nan   1.066     nan                                None      38.531     -22.028      38.005       0.102     -26.561       0.092
  Gaia DR3 95168336317001088  26.7668753  18.6768453 16.112    nan       0.791  12.6717  25.6284     4.83      nan      nan   11.316  nan      nan    nan   0.805     nan                                None      51.291     -33.522      49.510       0.141     -34.144       0.186
  Gaia DR3 76797696040078720  31.0798554  13.3154361 11.493  1.215       1.965  13.2193  25.8632     7.67      nan      nan    9.013  nan      nan    nan   1.114     nan                                None      39.442     -26.422      39.959       0.022     -30.121       0.019
Gaia DR3 2505798033473131648  28.2241903  -1.6924064 15.598  2.525       0.604  14.5254  25.8660     9.96      nan      nan   10.172  nan      nan    nan   1.100     nan                                None      45.597     -24.604      46.195       0.047     -25.753       0.032
  Gaia DR3 76797696040078848  31.0764808  13.3146612 13.991  2.433       1.576  13.2159  26.0479     7.67      nan      nan    8.977  nan      nan    nan   1.219     nan                                None      39.283     -26.314      40.739       0.025     -28.917       0.023
Gaia DR3 2578655144263106048  19.3049363   8.4650705 16.452  3.235       2.819   1.0836  26.2710     4.41      nan      nan   13.027  nan      nan    nan   1.144     nan                                None      61.786     -34.463      58.338       0.105     -41.395       0.064
Gaia DR3 2573571857194365184  25.1381536  10.8039178 17.211  0.161       2.241   6.9344  26.4636     6.11      nan      nan   12.679  nan      nan    nan   0.909     nan                                None      58.139     -35.128      52.574       0.121     -32.912       0.078
Gaia DR3 2481193024827708672  25.8509722  -3.1536291 14.728  2.860       0.394  14.2617  26.6573     9.37      nan      nan   10.914  nan      nan    nan   1.106     nan                                None      49.798     -25.917      49.977       0.032     -25.029       0.031
Gaia DR3 2570063349950105344  33.2703209   9.5707520 17.005  3.566       1.996  14.7410  26.7132     9.34      nan      nan   10.593  nan      nan    nan   1.078     nan                                None      45.409     -30.158      48.715       0.158     -27.170       0.129
  Gaia DR3 74041426547687936  33.1277582  12.9028409 10.455  0.978       2.187  15.0288  26.7946     8.49      nan      nan    9.836  nan      nan    nan   0.821     nan                                None      42.224     -29.059      46.560       0.022     -30.387       0.016
Gaia DR3 2548130536813330048   4.5421691   2.3210110 14.573  2.613       1.921  15.2599  27.1336    -0.20      nan      nan   10.193  nan      nan    nan   3.766     nan                                None      50.154     -25.281      48.625       0.107     -21.446       0.077
  Gaia DR3 97272526694897664  27.8874429  21.0735016 15.148  2.495       2.951  15.1862  27.6104     4.63      nan      nan    9.500  nan      nan    nan   1.529     nan                                None      42.695     -28.824      48.478       0.095     -27.609       0.087
Gaia DR3 2511970382513700352  26.5279867   1.8939072 14.074  2.406       2.845  10.7981  27.9281     8.59      nan      nan    8.241  nan      nan    nan   1.116     nan                                None      37.417     -20.940      38.010       0.030     -25.847       0.021
Gaia DR3 2782384684565877248   9.0651200  16.4426150 15.862  2.862       1.397  11.7206  28.1768    -1.30      nan      nan   12.201  nan      nan    nan   1.048     nan                                None      59.790     -30.559      60.361       0.044     -34.106       0.037
Gaia DR3 2755704347723526144   6.1022808  12.7624331 13.014  1.703       1.373  12.5979  28.2542    -1.71      nan      nan    8.500  nan      nan    nan  20.040     nan                                None      41.794     -20.919      41.826       0.469     -23.379       0.362
Gaia DR3 2553790509141196800   9.2557800   3.7481351 18.075  3.349       1.171  10.4392  28.2656     1.42      nan      nan   12.493  nan      nan    nan   1.026     nan                                None      61.199     -31.290      58.138       0.168     -31.663       0.127
Gaia DR3 2791513929611320960  14.6466732  22.3350358 14.061  2.353       1.370  13.8117  28.3152    -0.43      nan      nan    8.768  nan      nan    nan   1.314     nan                                None      42.382     -23.178      43.133       0.029     -20.760       0.027
Gaia DR3 2484589313166873088  23.3959472  -2.7573105 14.094  2.007       2.559  12.7786  28.3260     8.35      nan      nan    8.527  nan      nan    nan   1.038     nan                                None      39.545     -20.447      37.259       0.023     -16.455       0.012
Gaia DR3 2572370713755787136  27.3403076   9.7648276 15.721  2.753       1.692   8.9094  28.5196     7.16      nan      nan    7.976  nan      nan    nan   1.040     nan                                None      35.996     -22.142      38.739       0.053     -21.384       0.041
Gaia DR3 2751792044834661888   2.1847967   7.7408914 10.906  1.087       0.065  16.0348  28.7837    -2.26      nan      nan   10.573  nan      nan    nan   0.812     nan                                None      52.004     -25.775      52.110       0.020     -25.675       0.017
  Gaia DR3 92434263215477376  30.8591897  17.7300464 14.691  2.381       2.501  14.9775  28.9756     6.50      nan      nan    9.014  nan      nan    nan   1.105     nan                                None      39.521     -27.421      44.073       0.034     -26.057       0.028
Gaia DR3 2521355882487944064  32.6581917   7.7503831 16.313  3.139       2.506  14.2142  29.0029     9.55      nan      nan    8.769  nan      nan    nan   1.139     nan                                None      37.816     -24.350      38.393       0.069     -28.948       0.056
  Gaia DR3 92434572453122432  30.8643767  17.7318445 14.187  2.353       2.166  14.9826  29.0856     6.51      nan      nan    8.993  nan      nan    nan   1.099     nan                                None      39.430     -27.361      43.208       0.026     -25.753       0.022
Gaia DR3 2795487770792553088   9.5886503  19.7049101  8.260  0.658       2.168  13.6587  29.3666    -1.77      nan      nan    8.581  nan      nan    nan   0.948     nan                                None      42.014     -21.453      38.211       0.023     -20.500       0.020
Gaia DR3 2484341476374002560  24.2227309  -3.0480966 14.891  2.286       2.686  13.3861  29.3692     8.73      nan      nan    8.523  nan      nan    nan  14.638     nan                                None      39.317     -20.329      35.831       0.723     -16.991       0.383
Gaia DR3 2765839955146995840   1.6961687  11.5645382 15.413  2.947       1.596  16.5793  29.3855    -3.22      nan      nan   10.140  nan      nan    nan   1.135     nan                                None      49.859     -24.256      48.840       0.043     -27.512       0.037
Gaia DR3 2524360744688210560  13.5183758  -6.5707411 19.864  2.993       1.826  16.2848  29.3868     5.23      nan      nan    9.588  nan      nan    nan   1.134     nan                                None      46.510     -22.714      45.258       0.806     -26.187       0.646
Gaia DR3 2795393934347265664   9.5820892  19.7049472 14.509  2.140       2.177  13.6627  29.3920    -1.78      nan      nan    8.579  nan      nan    nan   1.110     nan                                None      42.003     -21.446      38.067       0.026     -21.559       0.019
Gaia DR3 2529026487921670400  12.1411611  -3.4014286 12.291  1.505       0.763  13.8464  29.4558     4.05      nan      nan    8.612  nan      nan    nan   1.583     nan                                None      41.933     -20.955      42.799       0.028     -22.036       0.024
Gaia DR3 2786588942152571008  21.0155193  20.4737379 13.533  2.331       1.281  11.7721  29.4866     2.33      nan      nan   12.480  nan      nan    nan   1.075     nan                                None      58.679     -35.327      55.562       0.023     -36.610       0.016
Gaia DR3 2586351515203805824  21.5780827  11.6069607 15.317  2.478       2.317   4.1210  29.9199     4.59      nan      nan    7.593  nan      nan    nan   1.070     nan                                None      35.589     -20.730      32.352       0.038     -18.920       0.024
Gaia DR3 2514871542727754112  34.4282661   3.4771323 18.129  3.668       2.351  16.9051  29.9680    11.13      nan      nan   10.269  nan      nan    nan   0.961     nan                                None      43.508     -26.976      47.374       0.186     -30.287       0.160
