GaiaDR3                               RA         DEC   Gmag  Bp-Rp  Voff(km/s) Sep(deg)   3D(pc) Vr(pred)  Vr(obs)    Vrerr Plx(mas)  SpT    FnuvJ  W1-W3    RUWE  XCrate                               RVsrc    PMRApred   PMDecpred        PMRA     PMRAerr       PMDec    PMDecerr
Gaia DR3 3789847707126025600 169.1170240  -3.9754408 14.799  2.094       0.000   0.0000   0.0000    -5.14    -5.14     5.81    5.484  nan      nan    nan   1.071     nan                            Gaia_DR3     -29.055      -1.912     -29.055       0.035      -1.912       0.025
Gaia DR3 3786255430839076608 172.2880677  -4.3465739 16.612  2.877       2.747   3.1844  12.3433    -6.50      nan      nan    5.714  nan      nan    nan   1.488     nan                                None     -29.877      -2.158     -32.952       0.138      -3.380       0.100
Gaia DR3 3789768473568810240 165.7412977  -2.6353722  6.928  1.152       2.542   3.6267  12.5920    -3.69     0.05     0.13    5.652  nan      nan    nan   1.262     nan                            Gaia_DR3     -30.260      -1.745     -30.801       0.028      -4.726       0.025
Gaia DR3 3784983364604324224 169.2457643  -5.6473797 19.751  2.566       1.130   1.6769  14.9456    -5.14      nan      nan    5.096  nan      nan    nan   1.112     nan                                None     -26.986      -1.943     -27.482       0.878      -3.051       0.448
Gaia DR3 3783210844486601088 170.0918302  -8.4107955 17.784  3.013       1.922   4.5399  15.0819    -5.42      nan      nan    5.372  nan      nan    nan   1.034     nan                                None     -28.356      -2.388     -28.873       0.140      -0.273       0.102
Gaia DR3 3591216018125375744 172.4247498  -8.5520925 15.685  2.487       2.727   5.6348  18.5755    -6.41      nan      nan    5.365  nan      nan    nan   1.053     nan                                None     -28.031      -2.570     -26.069       0.045      -0.190       0.036
Gaia DR3 3784564686897731328 166.6459696  -6.7853835 18.074  2.864       2.228   3.7346  18.6012    -3.97      nan      nan    5.095  nan      nan    nan   0.920     nan                                None     -27.210      -1.906     -25.264       0.158      -3.299       0.131
Gaia DR3 3759981329183022464 166.3375776  -9.1457078 17.357  2.861       2.037   5.8610  18.7389    -3.76      nan      nan    5.578  nan      nan    nan   1.003     nan                                None     -29.817      -2.252     -30.386       0.112      -4.579       0.108
Gaia DR3 3801785615968706432 165.5785392  -2.4172981 15.670  2.379       2.669   3.8612  18.8879    -3.62      nan      nan    5.968  nan      nan    nan   0.989     nan                                None     -31.962      -1.821     -29.967       0.049      -4.521       0.042
Gaia DR3 3810917919031517312 169.4803869   2.1973549 16.597  2.925       1.980   6.1835  19.6874    -5.44      nan      nan    5.475  nan      nan    nan   4.289     nan                                None     -28.967      -1.252     -30.890       0.353      -2.487       0.281
Gaia DR3 3592179430829512448 174.3225194  -7.3722802 15.957  2.619       0.823   6.1938  20.3119    -7.27      nan      nan    5.675  nan      nan    nan   1.120     nan                                None     -29.371      -2.686     -29.743       0.057      -1.774       0.038
Gaia DR3 3811366420991631232 168.2141687   2.3270729  9.771  0.679       2.578   6.3668  20.3304    -4.89    11.92     0.23    5.455  nan      nan    nan   0.990     nan                            Gaia_DR3     -28.988      -1.260     -30.970       0.017      -3.464       0.014
Gaia DR3 3784072625380156288 170.5948766  -6.4869988 15.070  1.879       2.048   2.9109  20.3417    -5.70     1.48     6.80    4.995  nan      nan    nan   1.086     nan                            Gaia_DR3     -26.309      -2.053     -24.282       0.035      -2.786       0.027
Gaia DR3 3760320970901419776 164.8852176  -8.3766975 17.522  2.887       2.375   6.0879  20.6914    -3.15      nan      nan    5.300  nan      nan    nan   0.959     nan                                None     -28.435      -1.979     -27.344       0.122      -4.398       0.118
Gaia DR3 3592762859187134208 173.1721000  -8.0086432 16.247  2.708       2.608   5.7030  21.2570    -6.75      nan      nan    5.871  nan      nan    nan   1.064     nan                                None     -30.568      -2.793     -31.265       0.066      -5.945       0.042
Gaia DR3 3811503825585124992 167.2321743   2.4448637 11.645  0.929       2.650   6.6909  21.5706    -4.46    13.01     0.74    5.410  nan      nan    nan   0.867     nan                            Gaia_DR3     -28.844      -1.259     -29.717       0.019      -4.152       0.015
Gaia DR3 3810917923326574080 169.4813482   2.1991809 15.966  2.667       0.875   6.1853  21.7622    -5.44      nan      nan    5.817  nan      nan    nan   1.011     nan                                None     -30.775      -1.330     -30.037       0.048      -2.110       0.039
Gaia DR3 3797803189149015552 170.8576026  -0.4747062 16.697  2.782       1.956   3.9089  22.4656    -5.99      nan      nan    4.984  nan      nan    nan   0.992     nan                                None     -26.227      -1.411     -24.641       0.086      -2.720       0.067
Gaia DR3 3760390278789557248 165.7295423  -8.0344388 17.005  1.679       1.852   5.2745  23.1240    -3.53      nan      nan    5.063  nan      nan    nan   4.881     nan                                None     -27.108      -1.926     -29.014       0.571      -1.400       0.453
Gaia DR3 3792473821929257472 174.3100727  -3.2679611 16.767  2.648       2.229   5.2307  23.4785    -7.40      nan      nan    5.047  nan      nan    nan   1.011     nan                                None     -26.120      -1.828     -24.166       0.094      -3.172       0.058
Gaia DR3 3805512792883810304 165.8722611   1.9805315 13.538  1.614       0.846   6.7815  24.1162    -3.85    -5.14     2.41    5.876  nan      nan    nan   0.981     nan                            Gaia_DR3     -31.445      -1.438     -31.040       0.021      -0.471       0.014
Gaia DR3 3797647981915034624 172.7695379   0.9079623 19.309  2.709       1.846   6.0968  25.0576    -6.85      nan      nan    5.071  nan      nan    nan   1.021     nan                                None     -26.452      -1.266     -24.646       0.403      -2.061       0.301
Gaia DR3 3591258795999652864 172.4645226  -8.2963092 17.016  2.740       2.906   5.4536  25.1385    -6.44      nan      nan    6.124  nan      nan    nan   0.995     nan                                None     -31.991      -2.900     -28.325       0.104      -3.698       0.070
Gaia DR3 3776472801008583040 161.4569745  -5.8896203 14.345  2.043       2.180   7.8677  25.5223    -1.70   -23.91     2.99    5.705  nan      nan    nan   4.979     nan                            Gaia_DR3     -30.794      -1.775     -33.117       0.106      -2.991       0.091
Gaia DR3 3814551598802402176 166.0274418   2.5302632 18.331  3.054       2.216   7.2012  25.6274    -3.93      nan      nan    5.195  nan      nan    nan   0.992     nan                                None     -27.792      -1.227     -26.494       0.180       0.824       0.134
Gaia DR3 3808496077167444992 164.4836742   2.2801749 12.330  1.094       0.785   7.7830  25.7632    -3.24    25.95     1.26    5.319  nan      nan    nan   0.987     nan                            Gaia_DR3     -28.561      -1.306     -27.757       0.018      -1.665       0.015
Gaia DR3 3590066616157555584 173.0916953  -9.7576087 16.186  2.358       0.895   6.9994  25.7753    -6.65      nan      nan    5.154  nan      nan    nan   6.114     nan                                None     -26.842      -2.668     -26.674       0.335      -1.710       0.240
Gaia DR3 3814769233384970752 166.4823029   3.4932280 10.902  0.909       2.455   7.9191  26.0584    -4.15    18.20     0.47    5.333  nan      nan    nan   2.757     nan                            Gaia_DR3     -28.492      -1.171     -29.701       0.054       1.310       0.048
Gaia DR3 3788760629427837952 164.5547636  -5.2537068 18.677  2.814       2.128   4.7236  26.0909    -3.09      nan      nan    4.925  nan      nan    nan   1.014     nan                                None     -26.440      -1.644     -27.696       0.265      -3.462       0.237
Gaia DR3 3776535400156320128 160.9603280  -5.6543595 18.184  0.086       2.614   8.2992  26.4470    -1.49      nan      nan    5.464  nan      nan    nan   0.915     nan                                None     -29.508      -1.666     -32.360       0.160      -0.699       0.163
Gaia DR3 3776534884760180864 160.9342450  -5.6851695 12.439  1.121       1.526   8.3307  26.5332    -1.48    11.51     1.17    5.620  nan      nan    nan   1.153     nan                            Gaia_DR3     -30.354      -1.714     -31.947       0.018      -0.860       0.017
Gaia DR3 3588777473134717824 175.7812764  -8.8055961 16.258  2.473       1.185   8.1954  27.0739    -7.82      nan      nan    5.318  nan      nan    nan   1.057     nan                                None     -27.299      -2.827     -28.173       0.076      -3.827       0.053
Gaia DR3 3586985337900497280 174.5829649 -10.6149601 17.502  2.871       2.175   8.5699  27.1712    -7.24      nan      nan    5.541  nan      nan    nan   1.040     nan                                None     -28.639      -3.123     -27.521       0.123      -5.404       0.072
Gaia DR3 3757888614958310144 164.0805143 -10.7771270 18.898  3.593       2.000   8.4368  27.2001    -2.72      nan      nan    5.700  nan      nan    nan   1.076     nan                                None     -30.632      -2.204     -31.086       0.416      -4.564       0.287
Gaia DR3 3566038816756206464 166.5231252 -12.1646115 18.840  3.241       2.441   8.5817  27.2571    -3.73      nan      nan    5.597  nan      nan    nan   0.947     nan                                None     -29.903      -2.511     -27.198       0.299      -3.504       0.247
Gaia DR3 3795589597364128000 176.8162516  -0.1590461  9.442  0.759       2.761   8.5874  27.7239    -8.55   -32.66     0.34    5.390  nan      nan    nan   1.865     nan                            Gaia_DR3     -27.500      -1.496     -27.909       0.038       1.614       0.023
Gaia DR3 3778103647335321984 160.8621165  -4.0366132 18.243  3.419       0.679   8.2349  27.7665    -1.48      nan      nan    5.847  nan      nan    nan   0.895     nan                                None     -31.583      -1.727     -32.381       0.227      -1.477       0.145
Gaia DR3 3787147852028038912 172.6706048  -3.6418391 18.449  3.093       1.025   3.5614  28.0093    -6.69      nan      nan    6.395  nan      nan    nan   1.005     nan                                None     -33.377      -2.321     -34.292       0.251      -3.358       0.149
Gaia DR3 3797227457372384000 172.7720094  -0.2726157 18.567  3.194       2.149   5.2007  28.1892    -6.82      nan      nan    6.299  nan      nan    nan   1.057     nan                                None     -32.860      -1.760     -30.012       0.315      -1.926       0.287
Gaia DR3 3589248888744933120 177.1208311  -8.0720450 13.896  1.623       1.976   8.9503  28.4144    -8.42   -19.39     2.12    5.502  nan      nan    nan   0.970     nan                            Gaia_DR3     -28.017      -2.900     -26.648       0.018      -1.063       0.013
Gaia DR3 3586727193186797952 174.9525710 -10.9511625 18.216  2.910       2.748   9.0607  28.7593    -7.38      nan      nan    5.504  nan      nan    nan   1.060     nan                                None     -28.391      -3.186     -27.029       0.178      -0.303       0.108
Gaia DR3 3814567271138553728 165.8311314   2.6260200 19.309  2.869       2.249   7.3731  29.5659    -3.85      nan      nan    5.028  nan      nan    nan   1.025     nan                                None     -26.910      -1.185     -24.528       0.384      -1.278       0.298
Gaia DR3 3792282605689572096 175.0255731  -3.4193577 13.005  1.584       0.489   5.9224  29.7682    -7.71    10.44     1.48    6.317  nan      nan    nan   1.749     nan                            Gaia_DR3     -32.571      -2.339     -32.830       0.042      -1.741       0.025
