GaiaDR3                               RA         DEC   Gmag  Bp-Rp  Voff(km/s) Sep(deg)   3D(pc) Vr(pred)  Vr(obs)    Vrerr Plx(mas)  SpT    FnuvJ  W1-W3    RUWE  XCrate                               RVsrc    PMRApred   PMDecpred        PMRA     PMRAerr       PMDec    PMDecerr
Gaia DR3 2581741400387500544  12.8452973   8.8675444 11.901  0.885       0.000   0.0000   0.0000   -20.67   -20.67     0.52    3.054  nan      nan    nan   0.866     nan                            Gaia_DR3       7.132     -21.445       7.132       0.023     -21.445       0.015
Gaia DR3 2580907695695765248  13.7100974   8.5162448 18.801  2.922       4.514   0.9242   5.6561   -20.30      nan      nan    3.073  nan      nan    nan   1.028     nan                                None       7.326     -21.679       5.044       0.301     -23.508       0.205
Gaia DR3 2557961506499144576  11.3322026   8.9675998 12.496  0.914       2.454   1.4981   9.4414   -21.01   -19.50     1.13    3.018  nan      nan    nan   0.982     nan                            Gaia_DR3       6.789     -21.143       8.063       0.023     -20.241       0.019
Gaia DR3 2581944329002517248  13.5902463   9.8159231 19.302  3.119       1.676   1.1999   9.4891   -21.08      nan      nan    2.994  nan      nan    nan   0.999     nan                                None       7.119     -20.825       8.098       0.418     -21.225       0.304
Gaia DR3 2582660115367289088  13.2775554  11.1541206 11.762  0.917       2.886   2.3259  13.6079   -21.90    -8.45     0.52    3.029  nan      nan    nan   1.181     nan                            Gaia_DR3       7.148     -20.738       8.077       0.027     -22.330       0.019
Gaia DR3 2557778850129913856  10.6921542   8.1206197 12.197  0.869       4.772   2.2567  13.6407   -20.64   -42.65     1.27    3.015  nan      nan    nan   1.110     nan                            Gaia_DR3       6.671     -21.307       7.115       0.024     -24.307       0.016
Gaia DR3 2557778850129927552  10.6917857   8.1196446 18.281  1.450       4.737   2.2574  15.6085   -20.64      nan      nan    2.976  nan      nan    nan   0.939     nan                                None       6.585     -21.032       7.734       0.331     -23.773       0.162
Gaia DR3 2750011965572124160   9.7649664   8.4563678 19.132  3.045       2.830   3.0728  17.9086   -21.00      nan      nan    3.092  nan      nan    nan   0.986     nan                                None       6.674     -21.752       4.865       0.387     -21.393       0.250
Gaia DR3 2553327649103704832  13.6198747   6.2000344 19.788  2.438       4.767   2.7758  18.0671   -18.95      nan      nan    2.978  nan      nan    nan   1.095     nan                                None       7.086     -21.508       7.453       0.640     -18.538       0.433
Gaia DR3 2552953746430944256  12.8451332   5.6617997 18.632  2.759       4.435   3.2057  18.6969   -18.78      nan      nan    3.094  nan      nan    nan   1.033     nan                                None       7.227     -22.449       5.573       0.250     -24.823       0.222
Gaia DR3 2557420551074029184   9.6580083   7.6860897 16.954  2.362       1.829   3.3680  19.2767   -20.57      nan      nan    3.070  nan      nan    nan   0.993     nan                                None       6.609     -21.782       6.880       0.097     -22.934       0.072
Gaia DR3 2577390976474049536  16.5492787   7.3483946 18.291  2.736       3.544   3.9691  22.7450   -19.04      nan      nan    3.043  nan      nan    nan   0.965     nan                                None       7.728     -21.778       9.800       0.225     -22.714       0.145
Gaia DR3 2557885507053407360  10.6473749   8.7649256 17.002  2.437       2.943   2.1744  22.8416   -21.02      nan      nan    2.887  nan      nan    nan   0.983     nan                                None       6.380     -20.257       6.078       0.092     -18.491       0.073
Gaia DR3 2774467857248508672  12.0003546  10.9974426 15.330  1.867       4.429   2.2867  23.1006   -22.05   -14.69     4.20    3.245  nan      nan    nan   0.974     nan                            Gaia_DR3       7.424     -22.226       5.367       0.046     -24.451       0.033
Gaia DR3 2774576945122399488  10.1699809  10.7143162 18.529  2.507       4.212   3.2187  23.5140   -22.23      nan      nan    2.927  nan      nan    nan   0.995     nan                                None       6.389     -20.077       6.422       0.237     -22.676       0.159
Gaia DR3 2582230962235155840  12.7037989  10.5137209 15.803  1.989       1.231   1.6521  23.8043   -21.65      nan      nan    3.274  nan      nan    nan   0.980     nan                                None       7.619     -22.565       7.144       0.057     -23.269       0.046
Gaia DR3 2775320081839718656  12.9794859  12.9588338 19.398  2.746       3.062   4.0934  23.9483   -22.97      nan      nan    3.014  nan      nan    nan   1.076     nan                                None       7.061     -20.174       8.921       0.437     -19.607       0.334
Gaia DR3 2750568696412986624   9.9721617  10.6939322 19.382  2.629       2.170   3.3692  24.2344   -22.25      nan      nan    3.203  nan      nan    nan   1.028     nan                                None       6.954     -21.971       6.952       0.482     -23.437       0.297
Gaia DR3 2582130047683507840  12.4745635   9.8500575 18.623  2.842       4.584   1.0484  24.9103   -21.31      nan      nan    2.844  nan      nan    nan   1.058     nan                                None       6.583     -19.750       3.972       0.249     -18.894       0.198
Gaia DR3 2555811175288493952  11.1391920   5.0112326 17.164  2.565       3.096   4.2117  24.9224   -18.71      nan      nan    3.125  nan      nan    nan   0.995     nan                                None       6.994     -22.790       4.962       0.126     -22.962       0.118
Gaia DR3 2774226475791069312  11.4111489   9.7773880 19.123  2.948       1.569   1.6824  25.6168   -21.47      nan      nan    3.294  nan      nan    nan   1.041     nan                                None       7.425     -22.869       6.447       0.370     -23.348       0.360
Gaia DR3 2578074533404226304  16.6799100   8.2950637 10.317  0.766       3.606   3.8346  25.9211   -19.57    17.65     0.26    3.196  nan      nan    nan   1.032     nan                            Gaia_DR3       8.138     -22.659       5.743       0.023     -23.068       0.019
Gaia DR3 2775680442479682560   9.4724765  12.0254070 14.006  1.391       4.599   4.5794  26.2579   -23.09    12.15     2.35    3.041  nan      nan    nan   3.435     nan                            Gaia_DR3       6.513     -20.508       4.184       0.077     -18.701       0.069
Gaia DR3 2581478891986117888  14.3690650   9.3723801 17.910  2.930       4.831   1.5869  26.3024   -20.67      nan      nan    2.841  nan      nan    nan   0.949     nan                                None       6.876     -19.868       8.161       0.190     -22.460       0.131
Gaia DR3 2774864712226631808  12.4120501  11.4112783 14.650  1.624       4.546   2.5792  27.2818   -22.21    -0.53     3.97    3.288  nan      nan    nan   3.642     nan                            Gaia_DR3       7.598     -22.416       8.200       0.117     -25.508       0.070
Gaia DR3 2582935165072833920  16.9406890  10.5477508 16.803  2.249       1.742   4.3723  27.4165   -20.82      nan      nan    3.173  nan      nan    nan   0.978     nan                                None       8.122     -21.967       7.052       0.081     -22.428       0.060
Gaia DR3 2583278247060453760  17.1448538  11.3134127 12.144  0.765       4.594   4.8885  27.9070   -21.22   -15.23     1.06    3.067  nan      nan    nan   0.923     nan                            Gaia_DR3       7.884     -21.058       8.032       0.017     -18.091       0.013
Gaia DR3 2555714998085147648   8.7234086   6.6400997 17.563  2.698       0.655   4.6519  28.0071   -20.11      nan      nan    2.983  nan      nan    nan   0.982     nan                                None       6.256     -21.380       5.913       0.142     -21.608       0.102
Gaia DR3 2581508480016419840  14.3243722   9.7067411 15.777  2.073       3.429   1.6837  28.2157   -20.87      nan      nan    3.324  nan      nan    nan   0.934     nan                                None       8.039     -23.165       7.387       0.048     -20.852       0.035
Gaia DR3 2750335256350741248   9.4324508   9.5312371 18.692  2.811       4.710   3.4337  28.7778   -21.68      nan      nan    2.874  nan      nan    nan   0.933     nan                                None       6.149     -19.973       8.896       0.229     -19.203       0.179
Gaia DR3 2577823393781372416  16.5043003   7.6351678 18.123  2.704       2.370   3.8250  28.8579   -19.22      nan      nan    3.248  nan      nan    nan   0.969     nan                                None       8.239     -23.175       8.087       0.191     -24.791       0.126
Gaia DR3 2776211339092944768  10.2870727  12.9536911 15.692  1.891       0.800   4.7962  28.9845   -23.46      nan      nan    2.978  nan      nan    nan   1.047     nan                                None       6.519     -19.865       6.449       0.053     -19.367       0.033
Gaia DR3 2584580373770405120  16.5481816  12.5197212 16.600  2.114       1.709   5.1549  29.4341   -22.02      nan      nan    3.074  nan      nan    nan   1.053     nan                                None       7.805     -20.794       6.841       0.074     -20.249       0.066
Gaia DR3 2775545786665289728  10.9045267  12.0615602 17.599  2.780       3.065   3.7206  30.1727   -22.85      nan      nan    3.275  nan      nan    nan   1.031     nan                                None       7.286     -22.113       7.445       0.130     -24.223       0.088
Gaia DR3 2554256190968407424  10.8088814   4.4768403 19.113  2.800       4.248   4.8340  30.3505   -18.44      nan      nan    3.188  nan      nan    nan   1.003     nan                                None       7.076     -23.367       7.371       0.362     -20.527       0.329
Gaia DR3 2774997856212722944  12.9007009  11.9252103 15.230  1.800       3.134   3.0582  30.4139   -22.41   -33.33     8.42    3.310  nan      nan    nan   0.992     nan                            Gaia_DR3       7.741     -22.443       5.596       0.040     -22.019       0.032
Gaia DR3 2776304106091235840  10.7223233  13.5228243 17.837  2.553       2.805   5.0996  30.9835   -23.69      nan      nan    3.169  nan      nan    nan   0.974     nan                                None       7.017     -20.997       5.266       0.128     -21.662       0.098
Gaia DR3 2750792653188019072   7.3120918   9.5284876 18.184  2.639       4.921   5.5018  31.5657   -22.04      nan      nan    3.099  nan      nan    nan   0.993     nan                                None       6.240     -21.496       7.717       0.175     -18.641       0.132
Gaia DR3 2576720274380648192  17.8678863   6.6710215 18.104  2.810       2.831   5.4394  31.7095   -18.36      nan      nan    3.008  nan      nan    nan   1.057     nan                                None       7.847     -21.685       7.813       0.184     -19.890       0.131
Gaia DR3 2577202822546339072  15.2638437   6.1661969 18.879  2.694       2.832   3.6118  31.8325   -18.60      nan      nan    2.848  nan      nan    nan   1.006     nan                                None       7.035     -20.598       7.291       0.353     -18.916       0.224
Gaia DR3 2584533472727127680  16.9628308  12.4972956 17.585  2.832       4.120   5.4351  32.0504   -21.92      nan      nan    2.993  nan      nan    nan   1.109     nan                                None       7.666     -20.266       6.557       0.129     -17.915       0.106
Gaia DR3 2557006722384953472   9.2965344   6.4474646 12.840  0.911       4.655   4.2691  32.3485   -19.90   -29.28     1.10    2.875  nan      nan    nan   1.045     nan                            Gaia_DR3       6.128     -20.656       6.879       0.026     -17.937       0.019
Gaia DR3 2749846729590350336   7.9681481   8.6726665 18.235  3.073       4.798   4.8240  33.2549   -21.43      nan      nan    3.250  nan      nan    nan   1.085     nan                                None       6.672     -22.781       6.038       0.239     -26.007       0.168
Gaia DR3 2579541488074009472  17.8549238   9.2127963 14.421  1.505       4.859   4.9594  33.6122   -19.86   -12.43     3.02    2.904  nan      nan    nan   2.143     nan                            Gaia_DR3       7.574     -20.416       5.000       0.067     -18.927       0.047
Gaia DR3 2554607033962009728   9.6623953   5.3195029 19.431  0.124       4.078   4.7499  33.6739   -19.16      nan      nan    2.888  nan      nan    nan   1.003     nan                                None       6.216     -20.985       6.008       0.372     -18.512       0.317
Gaia DR3 2577668225203244544  15.6434189   7.8911466 18.081  2.538       3.169   2.9354  33.9174   -19.55      nan      nan    3.361  nan      nan    nan   1.052     nan                                None       8.369     -23.901       6.405       0.187     -22.813       0.135
Gaia DR3 2553483577891872640  13.9649699   6.6135897 17.019  2.526       2.704   2.5122  34.1525   -19.13      nan      nan    2.792  nan      nan    nan   0.990     nan                                None       6.696     -20.086       8.155       0.110     -20.722       0.074
Gaia DR3 2754657269056171008   7.8323051  11.5262243 11.266  1.076       3.024   5.6041  34.3404   -23.08    10.03     0.32    2.955  nan      nan    nan   1.908     nan                            Gaia_DR3       6.042     -20.017       5.137       0.040     -18.365       0.032
Gaia DR3 2584152358804649728  15.8615321  11.8122917 18.131  2.840       2.531   4.1802  34.6567   -21.76      nan      nan    3.317  nan      nan    nan   0.995     nan                                None       8.299     -22.606       9.951       0.170     -21.972       0.141
Gaia DR3 2780979783584339072  11.2503574  14.6855815 17.333  1.707       3.276   6.0237  34.7462   -24.23      nan      nan    3.023  nan      nan    nan   4.644     nan                                None       6.786     -19.734       4.734       0.562     -19.353       0.369
Gaia DR3 2552729239900223872  11.8896129   4.6798537 18.497  2.594       4.461   4.2938  35.0361   -18.37      nan      nan    2.844  nan      nan    nan   1.019     nan                                None       6.489     -20.818       4.809       0.293     -18.736       0.286
Gaia DR3 2579597765030109696  18.9463834   9.2621357 12.586  0.896       2.702   6.0377  35.1622   -19.65    -5.55     5.30    3.139  nan      nan    nan   0.989     nan                            Gaia_DR3       8.366     -22.083       7.468       0.017     -23.629       0.014
Gaia DR3 2554871264645629440   8.0825436   4.9072636 18.054  2.898       1.567   6.1670  35.2451   -19.19      nan      nan    3.092  nan      nan    nan   0.955     nan                                None       6.368     -22.544       7.036       0.230     -21.771       0.160
Gaia DR3 2551137868617615616  10.3739956   3.9276947 12.766  0.881       3.060   5.5163  35.9637   -18.19   -17.70     1.26    2.913  nan      nan    nan   0.976     nan                            Gaia_DR3       6.391     -21.451       5.534       0.019     -19.779       0.017
Gaia DR3 2555828934977533312  11.6480991   5.1580544 17.879  2.400       2.623   3.8951  36.2992   -18.70      nan      nan    2.814  nan      nan    nan   1.026     nan                                None       6.381     -20.500       4.980       0.149     -19.821       0.152
Gaia DR3 2579504443980799872  18.5652427   9.1721026 17.818  2.836       4.690   5.6574  36.3410   -19.68      nan      nan    2.919  nan      nan    nan   1.054     nan                                None       7.722     -20.547       9.595       0.165     -18.351       0.111
Gaia DR3 2776965088673620096  13.7655933  13.6882913 19.283  3.038       1.534   4.9044  36.7020   -23.22      nan      nan    2.857  nan      nan    nan   1.438     nan                                None       6.820     -18.972       5.939       0.648     -19.250       0.430
Gaia DR3 2540009097253289088  16.9781343   4.4764021 18.361    nan       3.914   6.0103  37.0615   -17.23      nan      nan    3.209  nan      nan    nan   0.864     nan                                None       8.222     -23.586       5.577       0.851     -23.717       0.297
Gaia DR3 2580683846295622016  14.2300954   8.1209237 16.014  2.184       2.426   1.5599  37.1883   -19.97      nan      nan    3.434  nan      nan    nan   1.007     nan                                None       8.284     -24.333      10.001       0.055     -23.961       0.040
Gaia DR3 2778287869881099392  13.8864537  15.4240857 15.329  1.830       4.072   6.6350  37.8485   -24.14      nan      nan    3.083  nan      nan    nan   0.975     nan                                None       7.380     -20.010       5.546       0.046     -18.102       0.034
Gaia DR3 2781088429076264832  11.3903973  15.3289571 16.218  2.010       1.996   6.6160  37.9282   -24.55      nan      nan    3.038  nan      nan    nan   3.610     nan                                None       6.844     -19.661       5.805       0.191     -18.916       0.117
Gaia DR3 2775111312069755904  12.3634520  12.0079489 19.719  2.707       3.763   3.1759  38.2528   -22.55      nan      nan    3.410  nan      nan    nan   1.011     nan                                None       7.870     -23.079       7.080       0.638     -25.666       0.446
Gaia DR3 2776947908804193152  14.2932265  13.8840010 16.913  2.478       4.745   5.2133  38.4821   -23.23      nan      nan    3.314  nan      nan    nan   1.050     nan                                None       8.009     -21.970       4.913       0.087     -20.783       0.073
Gaia DR3 2582362903630366976  13.9237372  10.3586748 13.680  1.265       4.174   1.8314  38.6109   -21.32   -33.37     1.76    3.447  nan      nan    nan   0.981     nan                            Gaia_DR3       8.258     -23.832      11.270       0.020     -24.186       0.016
Gaia DR3 2583914383256708608  18.4471288  12.8446867 15.501  1.753       4.919   6.7875  38.7296   -21.81      nan      nan    3.062  nan      nan    nan   1.252     nan                                None       8.081     -20.689      10.474       0.053     -18.603       0.036
Gaia DR3 2754961524539385600   6.9155292  12.4301482 18.781  3.106       2.196   6.8294  38.9413   -23.74      nan      nan    3.073  nan      nan    nan   1.001     nan                                None       6.115     -20.559       6.327       0.298     -19.152       0.213
Gaia DR3 2779538938019575808  10.5343245  14.7586776 19.229  2.591       3.710   6.3101  39.0630   -24.40      nan      nan    2.935  nan      nan    nan   1.001     nan                                None       6.468     -19.123       6.070       0.295     -16.862       0.214
Gaia DR3 2550723249658207744   9.6943697   3.4300786 18.199  2.496       3.043   6.2748  39.8860   -18.01      nan      nan    2.915  nan      nan    nan   1.636     nan                                None       6.280     -21.558       8.144       0.349     -21.411       0.247
