GaiaDR3                               RA         DEC   Gmag  Bp-Rp  Voff(km/s) Sep(deg)   3D(pc) Vr(pred)  Vr(obs)    Vrerr Plx(mas)  SpT    FnuvJ  W1-W3    RUWE  XCrate                               RVsrc    PMRApred   PMDecpred        PMRA     PMRAerr       PMDec    PMDecerr
Gaia DR3 1675511792082576384 197.7312300  61.7448515  9.511  1.022       0.000   0.0000   0.0000     9.88     9.88     0.27   16.811  nan      nan    nan   0.881     nan                            Gaia_DR3       4.571      16.393       4.571       0.013      16.393       0.011
Gaia DR3 1675511792082576128 197.7325732  61.7429613 14.348  2.586       0.862   0.0020   0.2192     9.88    10.11     3.41   16.873  nan      nan    nan   1.666     nan                            Gaia_DR3       4.588      16.455       7.497       0.034      15.484       0.029
Gaia DR3 1578104407710388736 192.2607173  58.5753713 17.289  3.984       1.518   4.1751   9.7260     9.55      nan      nan   19.755  nan      nan    nan   0.931     nan                                None       5.588      21.958      -0.644       0.095      23.011       0.085
Gaia DR3 1691140800116059648 195.2065761  72.9756144 12.656  2.165       2.911  11.2703  12.4123    10.58    -1.51     0.39   18.522  nan      nan    nan   1.026     nan                            Gaia_DR3       5.135      10.410      13.881       0.028      17.671       0.026
Gaia DR3 1673956292367180032 213.5152684  69.1150697 13.392  2.196       1.394   9.8112  12.7203    10.51    11.60     2.26   15.083  nan      nan    nan   1.020     nan                            Gaia_DR3       3.422       9.579      -0.497       0.012       7.509       0.016
Gaia DR3 1573122103912249088 182.3175191  54.4972725 20.292  2.837       0.919  10.8505  13.4518     9.01      nan      nan   19.620  nan      nan    nan   1.195     nan                                None       5.810      25.367       9.233       0.598      27.017       0.628
Gaia DR3 1557775945246424064 196.0262219  52.0663610 20.465  2.893       2.422   9.7223  14.2064     8.94      nan      nan   14.561  nan      nan    nan   1.059     nan                                None       4.013      19.194       9.544       0.602      24.160       0.767
Gaia DR3 1545553602192826240 185.5706206  48.4302637 10.067  1.292       1.590  14.9676  15.8521     8.36   -10.61     0.24   18.670  nan      nan    nan   1.778     nan                            Gaia_DR3       5.465      27.519      -0.312       0.014      29.925       0.020
Gaia DR3 1546741079049767424 181.5639952  49.4077267 18.873  3.132       1.877  15.2634  15.9627     8.42      nan      nan   18.418  nan      nan    nan   5.576     nan                                None       5.466      26.879      -0.084       0.584      22.155       0.967
Gaia DR3 1558960394146787840 207.3552439  50.8319166 19.956  3.194       2.497  12.1206  16.3251     8.96      nan      nan   20.987  nan      nan    nan   4.667     nan                                None       5.177      27.668       8.314       1.254      38.259       1.511
Gaia DR3 1603963134489861120 220.1730787  50.9523586 12.655  2.236       2.386  16.3161  16.7542     9.12     5.15     0.78   17.890  nan      nan    nan   1.434     nan                            Gaia_DR3       3.622      22.812      11.647       0.014      26.881       0.018
Gaia DR3 1503599197710694272 204.7994426  45.9942457 15.594  3.155       2.281  16.2698  17.0566     8.36      nan      nan   18.701  nan      nan    nan   1.222     nan                                None       4.752      27.697       6.574       0.030      18.890       0.034
Gaia DR3 1670119164288959872 214.5840374  66.7882949 12.176  1.817       2.124   8.8423  17.7395    10.39   -18.28     0.60   13.517  nan      nan    nan   1.253     nan                            Gaia_DR3       3.016       9.742      -2.879       0.013      11.111       0.015
Gaia DR3 1080656313325863296 170.9684549  76.6374664 16.158  3.230       1.740  17.3138  18.1378    10.59      nan      nan   16.464  nan      nan    nan   2.083     nan                                None       4.945       8.875       1.726       0.096       3.767       0.099
Gaia DR3 1694429954790332416 227.1494733  70.1468601  7.903  0.685       2.613  14.4106  19.3770    10.64    -9.14     0.13   14.262  nan      nan    nan   0.969     nan                            Gaia_DR3       2.482       7.844      10.144       0.021       9.574       0.022
Gaia DR3 1575207641247796096 182.8522555  56.4102113 15.837  3.425       2.481   9.2889  19.6118     9.22     0.58     4.16   24.036  nan      nan    nan   1.142     nan                            Gaia_DR3       7.105      29.479      12.363       0.035      18.060       0.036
Gaia DR3 1530870796933000320 194.9672632  46.8898169 16.351  2.968       1.482  14.9389  21.3056     8.32      nan      nan   13.838  nan      nan    nan   1.036     nan                                None       3.843      20.572       2.628       0.031      16.424       0.036
Gaia DR3 1072022844944949632 159.7205978  67.6426855 15.185  2.531       1.252  16.9592  21.4683     9.95     8.30     5.43   14.380  nan      nan    nan   1.028     nan                            Gaia_DR3       4.213      13.456       6.106       0.022      10.167       0.022
Gaia DR3 1674458288144270080 209.5678506  69.7259606 14.506  2.649       2.682   9.3106  21.4824    10.52     8.00     2.75   25.319  nan      nan    nan   1.155     nan                            Gaia_DR3       6.073      15.862      20.370       0.021      16.587       0.020
Gaia DR3 1127269077993280896 149.2891222  75.5028840 15.573  3.088       0.568  21.3433  21.7048    10.41    -6.57     8.55   18.565  nan      nan    nan   1.042     nan                            Gaia_DR3       5.125      12.811       4.131       0.033      14.797       0.031
Gaia DR3 1570456170468455168 192.0783851  54.4605621  8.751  0.697       1.165   7.8659  22.0462     9.14   -11.11     0.98   12.592  nan      nan    nan   9.609     nan                            Gaia_DR3       3.566      15.789       0.484       0.118      15.543       0.139
Gaia DR3 1680911012650126720 187.0554523  67.2394595 15.290  1.937       1.783   7.1447  22.0716    10.18   -77.26    17.10   12.528  nan      nan    nan   4.513     nan                            Gaia_DR3       3.644      10.268       0.239       0.278      13.522       0.212
Gaia DR3 1542925567542922624 190.5521591  46.9577059 13.236  2.154       1.795  15.3455  22.3484     8.26   -16.64     0.85   13.656  nan      nan    nan   1.074     nan                            Gaia_DR3       3.902      20.490       1.777       0.008      25.202       0.010
Gaia DR3 1711957097850441856 211.7982987  74.3940123 13.416  2.278       2.582  13.6124  22.8090    10.73   -15.27     1.72   13.189  nan      nan    nan   8.289     nan                            Gaia_DR3       3.068       5.738      -1.702       0.166      11.104       0.158
Gaia DR3 1711957059194919424 211.7980590  74.3909753 17.965  3.714       2.955  13.6097  23.1320    10.73      nan      nan   13.118  nan      nan    nan   1.007     nan                                None       3.052       5.708      -3.203       0.138      10.965       0.126
Gaia DR3 1667354893272951552 218.1332622  63.9848340 13.690  2.728       2.518   9.5260  23.2988    10.24    -3.85     3.69   26.632  nan      nan    nan   1.311     nan                            Gaia_DR3       5.599      21.704      17.686       0.019      29.034       0.016
Gaia DR3 1719232050895728896 198.5809355  82.1974722 12.902  2.131       1.760  20.4538  23.3358    10.88   -21.63     0.81   15.074  nan      nan    nan   1.298     nan                            Gaia_DR3       4.070       2.732       2.985       0.020       8.220       0.022
Gaia DR3 1134618591670426112 178.4599939  83.1825094  9.821  1.183       1.346  21.9260  23.5007    10.83   -63.80     0.16   21.049  nan      nan    nan   0.952     nan                            Gaia_DR3       6.291       5.094      10.965       0.012       8.810       0.013
Gaia DR3 1532202339871415040 186.3412132  39.2320809  9.360  0.955       2.709  23.5700  25.2484     7.15    -4.25     0.31   15.876  nan      nan    nan   1.325     nan                            Gaia_DR3       4.633      27.537      12.659       0.021      23.322       0.026
Gaia DR3 1557003886220801152 198.5506063  51.7335115 11.495  1.407       1.971  10.0212  25.2568     8.94     2.09     0.28   12.252  nan      nan    nan   1.058     nan                            Gaia_DR3       3.309      16.169      -1.711       0.012      17.025       0.014
Gaia DR3 1646863256410666112 241.2100761  69.4502547 11.993  1.826       2.168  19.0248  25.3410    10.67   -15.77     0.44   13.783  nan      nan    nan   7.237     nan                            Gaia_DR3       1.506       7.505      -4.325       0.079       9.888       0.080
Gaia DR3 1569316011271182976 187.3818604  52.7941184  9.984  0.953       2.884  10.5281  26.2320     8.90     6.60     0.21   12.142  nan      nan    nan   0.941     nan                            Gaia_DR3       3.527      16.127      -1.071       0.010      21.903       0.013
Gaia DR3 1047942268986496640 158.5679763  60.0266707 14.465  2.415       2.744  18.8410  26.4795     9.26   -11.61     1.82   13.419  nan      nan    nan   1.087     nan                            Gaia_DR3       3.913      16.248      10.352       0.014      11.912       0.017
Gaia DR3 1522300894066368384 196.6487526  36.4166929 13.179  2.173       1.451  25.3373  26.5876     6.93   -24.62     0.88   16.277  nan      nan    nan   1.061     nan                            Gaia_DR3       4.464      28.913      -0.396       0.008      29.999       0.010
Gaia DR3 1631745972257961088 251.4889655  63.1196536 14.201  2.460       2.672  24.1869  27.3967    10.35    -2.48     2.10   14.975  nan      nan    nan   1.111     nan                            Gaia_DR3       0.862      11.619       8.492       0.018       8.022       0.022
Gaia DR3 1505575741660067712 212.2055291  45.0955519 13.893  2.848       2.124  18.6537  27.3998     8.36    -4.67     1.53   27.290  nan      nan    nan   1.211     nan                            Gaia_DR3       6.312      40.560      17.923       0.014      36.757       0.017
Gaia DR3 1486738869796856448 219.0980604  38.2910871 19.489  3.404       1.238  26.8942  27.4861     7.56      nan      nan   17.048  nan      nan    nan   1.099     nan                                None       3.522      28.441      -0.894       0.256      28.970       0.285
Gaia DR3 1424700575467532160 244.3794226  51.6729923 18.112  4.274       2.520  26.8051  27.6215     9.38      nan      nan   16.757  nan      nan    nan   1.211     nan                                None       1.569      20.126      -7.215       0.175      18.675       0.192
Gaia DR3 1630583547948463744 255.2160281  62.5864555 14.265  2.614       1.407  25.9610  28.5399    10.32   -10.79     1.81   15.346  nan      nan    nan   1.136     nan                            Gaia_DR3       0.588      12.176      -1.554       0.019      16.193       0.021
Gaia DR3 1039344740892636032 137.3257334  60.3137667  9.255  1.081       1.271  28.2340  28.5775     9.06   -33.05     0.61   21.082  nan      nan    nan  14.929     nan                            Gaia_DR3       5.176      27.165      10.798       0.149      26.628       0.213
Gaia DR3 1499378516169037312 210.7091977  43.6141717 15.836  2.504       1.303  19.6789  28.5941     8.15      nan      nan   13.086  nan      nan    nan   1.132     nan                                None       3.091      20.095       3.628       0.028      23.649       0.032
Gaia DR3 1693272581363394304 183.0499921  77.6163303  5.062  0.449       1.178  16.5517  28.7410    10.70     8.52    18.39   29.579  nan      nan    nan   1.161     nan                            Gaia_DR3       8.739      12.993      10.754       0.107      20.059       0.115
Gaia DR3 1499378516169037184 210.7109040  43.6133255 13.245  1.859       1.949  19.6801  28.7968     8.15   -76.14     1.16   13.038  nan      nan    nan   1.050     nan                            Gaia_DR3       3.080      20.021       3.150       0.009      25.379       0.011
Gaia DR3 1541777746119926656 186.2338687  45.6970252 18.412  3.764       2.191  17.3701  28.8316     8.03      nan      nan   12.581  nan      nan    nan   1.034     nan                                None       3.673      19.551       9.052       0.121      21.750       0.123
Gaia DR3 2303283449223469952 293.3229753  85.8346747 12.680  2.326       2.654  28.9348  28.9162    10.95    -9.48     1.03   18.227  nan      nan    nan   1.318     nan                            Gaia_DR3      -2.803      -1.651       7.392       0.016      -1.964       0.019
Gaia DR3 1589000052545923968 225.4740306  47.9402758  8.975  0.805       2.613  20.8268  29.2442     8.85   -13.35     0.37   13.193  nan      nan    nan   1.015     nan                            Gaia_DR3       2.389      17.961      -4.729       0.013      16.494       0.014
Gaia DR3 1021327181287113600 144.4880438  54.1980246 14.203  2.780       1.133  28.3422  29.5400     8.44      nan      nan   16.388  nan      nan    nan   1.142     nan                                None       4.346      23.906       3.432       0.017      27.713       0.017
