GaiaDR3                               RA         DEC   Gmag  Bp-Rp  Voff(km/s) Sep(deg)   3D(pc) Vr(pred)  Vr(obs)    Vrerr Plx(mas)  SpT    FnuvJ  W1-W3    RUWE  XCrate                               RVsrc    PMRApred   PMDecpred        PMRA     PMRAerr       PMDec    PMDecerr
Gaia DR3 2862548428079638912   5.1669528  31.9899727 11.532  0.752       0.000   0.0000   0.0000   -13.90   -13.90     0.59    2.611  nan      nan    nan   1.073     nan                            Gaia_DR3      -4.692      -3.320      -4.692       0.022      -3.320       0.020
Gaia DR3 2862296399398759936   6.5616635  31.7638322 11.503  0.785       4.263   1.2058   8.5068   -14.05   -16.36     0.41    2.593  nan      nan    nan   1.312     nan                            Gaia_DR3      -4.544      -3.268      -5.272       0.033      -1.055       0.026
Gaia DR3 2862247196254449536   6.7619823  31.6485836 18.860  1.994       3.274   1.3976  11.6652   -14.06      nan      nan    2.660  nan      nan    nan   2.169     nan                                None      -4.645      -3.360      -2.973       0.519      -4.121       0.393
Gaia DR3 2862619307924315520   6.8127619  31.6437468 18.777  2.880       3.296   1.4407  12.2471   -14.07      nan      nan    2.664  nan      nan    nan   0.998     nan                                None      -4.648      -3.364      -6.495       0.242      -3.238       0.227
Gaia DR3 2862527090682185088   5.8630938  32.2840675 16.586  0.788       3.926   0.6588  12.4356   -14.02      nan      nan    2.693  nan      nan    nan   5.071     nan                                None      -4.780      -3.353      -3.358       0.393      -1.636       0.211
Gaia DR3 2860815352941342464   4.7619047  30.5803906 19.395  2.344       3.879   1.4515  12.6095   -13.70      nan      nan    2.558  nan      nan    nan   0.926     nan                                None      -4.630      -3.453      -5.910       0.393      -1.799       0.307
Gaia DR3 2862672741613105024   6.6860316  31.8763351 16.160  2.231       1.995   1.2942  13.3077   -14.08      nan      nan    2.682  nan      nan    nan   1.074     nan                                None      -4.690      -3.360      -4.178       0.062      -4.365       0.045
Gaia DR3 2862717581072820096   7.2938798  32.4229042 19.935  2.203       4.897   1.8510  14.1643   -14.21      nan      nan    2.660  nan      nan    nan   1.048     nan                                None      -4.598      -3.230      -5.625       0.456      -0.683       0.435
Gaia DR3 2862663292685201536   7.3325610  32.1632160 16.374  2.260       2.811   1.8431  14.7899   -14.19      nan      nan    2.669  nan      nan    nan   1.225     nan                                None      -4.611      -3.276      -5.525       0.070      -4.567       0.067
Gaia DR3 2864033799569429632   4.7339893  33.9904588 15.560  1.714       0.774   2.0332  15.5661   -14.05      nan      nan    2.562  nan      nan    nan   1.018     nan                                None      -4.639      -3.013      -4.284       0.039      -2.791       0.034
Gaia DR3 2863733662959453056   5.6696966  33.0462928 19.765  1.760       2.879   1.1382  15.7433   -14.07      nan      nan    2.709  nan      nan    nan   1.224     nan                                None      -4.825      -3.275      -3.408       0.511      -4.108       0.441
Gaia DR3 2863204900945715328   4.4956417  31.9635228 19.376  2.438       2.095   0.5701  16.3645   -13.81      nan      nan    2.507  nan      nan    nan   0.968     nan                                None      -4.558      -3.219      -4.746       0.384      -2.128       0.287
Gaia DR3 2863838842413946624   5.5974170  33.7188120 17.905  2.448       4.686   1.7662  18.1206   -14.13      nan      nan    2.522  nan      nan    nan   0.995     nan                                None      -4.497      -2.963      -5.118       0.140      -0.551       0.107
 Gaia DR3 365074659701900288   7.6941169  33.6379118 18.503  2.785       4.368   2.6881  18.9710   -14.38      nan      nan    2.573  nan      nan    nan   0.980     nan                                None      -4.413      -2.943      -6.319       0.219      -4.351       0.168
Gaia DR3 2874079521916909824   1.9299800  32.6589960 14.077  1.189       2.789   2.8158  19.1799   -13.55   -40.35     2.72    2.589  nan      nan    nan   1.356     nan                            Gaia_DR3      -4.910      -3.349      -3.497       0.025      -2.784       0.014
Gaia DR3 2861549998507483392   2.4007522  30.4949775 10.394  0.502       2.471   2.7978  19.7998   -13.38     5.14     1.59    2.570  nan      nan    nan   0.853     nan                            Gaia_DR3      -4.839      -3.580      -5.468       0.017      -2.398       0.017
Gaia DR3 2874036400446030976   2.5050193  32.5331461 18.051  2.435       3.310   2.3155  20.3380   -13.62      nan      nan    2.706  nan      nan    nan   2.067     nan                                None      -5.086      -3.490      -3.235       0.350      -3.117       0.158
Gaia DR3 2858720405333286144   7.1595494  29.3797817 19.729  2.732       4.713   3.1222  20.8765   -13.87      nan      nan    2.609  nan      nan    nan   0.943     nan                                None      -4.522      -3.585      -5.076       0.470      -6.117       0.395
Gaia DR3 2862171875412244608   5.7479556  31.1759084 17.950  2.463       2.977   0.9527  20.9444   -13.89      nan      nan    2.482  nan      nan    nan   0.957     nan                                None      -4.415      -3.236      -5.317       0.164      -4.506       0.108
Gaia DR3 2864249230834227712   5.3593950  35.1553103 19.131  2.625       3.523   3.1694  21.2713   -14.24      nan      nan    2.601  nan      nan    nan   0.988     nan                                None      -4.659      -2.873      -4.634       0.365      -4.804       0.259
Gaia DR3 2859247178776937984   8.2987004  30.3946241 15.564  1.783       2.791   3.1178  21.2857   -14.12      nan      nan    2.645  nan      nan    nan   0.994     nan                                None      -4.484      -3.450      -3.304       0.063      -4.464       0.031
Gaia DR3 2875697277182851456   3.4579369  33.8019985 19.541  2.543       4.556   2.3113  21.7155   -13.87      nan      nan    2.513  nan      nan    nan   1.002     nan                                None      -4.650      -3.037      -2.624       0.387      -1.725       0.339
Gaia DR3 2860624729407237504   4.9727879  30.4966459 19.659  2.743       4.569   1.5025  21.7781   -13.71      nan      nan    2.751  nan      nan    nan   0.959     nan                                None      -4.960      -3.715      -2.963       0.459      -1.974       0.356
Gaia DR3 2863267195151721344   3.8506495  32.3190321 19.377  2.941       3.288   1.1620  21.9522   -13.77      nan      nan    2.478  nan      nan    nan   0.973     nan                                None      -4.556      -3.165      -4.670       0.326      -4.879       0.274
Gaia DR3 2857232491222257152   6.3781017  29.0143098 18.364  2.667       1.504   3.1533  21.9566   -13.73      nan      nan    2.573  nan      nan    nan   1.065     nan                                None      -4.525      -3.613      -4.422       0.221      -4.422       0.181
Gaia DR3 2875984357093470976   2.9537774  34.5600832 19.104  2.905       1.761   3.1667  22.0806   -13.88      nan      nan    2.572  nan      nan    nan   1.250     nan                                None      -4.800      -3.033      -5.753       0.341      -3.078       0.203
Gaia DR3 2864277199661343104   5.3987139  35.3446046 17.676  2.483       4.868   3.3602  22.5589   -14.26      nan      nan    2.631  nan      nan    nan   1.026     nan                                None      -4.708      -2.877      -2.624       0.135      -4.593       0.107
Gaia DR3 2876198001650117888   4.0749805  35.0561072 19.542  2.728       4.993   3.1983  23.5844   -14.07      nan      nan    2.685  nan      nan    nan   1.027     nan                                None      -4.917      -3.042      -5.599       0.365      -0.299       0.421
Gaia DR3 2863046949228668544   6.8683719  33.1813610 19.409  2.694       4.632   1.8640  23.7460   -14.23      nan      nan    2.758  nan      nan    nan   1.031     nan                                None      -4.806      -3.259      -5.184       0.384      -5.925       0.366
Gaia DR3 2874190778749870464   1.0902650  32.7929147 14.220  1.181       2.343   3.5345  23.9243   -13.46   -39.76     3.53    2.590  nan      nan    nan   1.038     nan                            Gaia_DR3      -4.976      -3.372      -5.882       0.018      -4.276       0.012
Gaia DR3 2858783734625913856   6.9286388  29.5677909 15.514  1.659       1.004   2.8561  24.4901   -13.86      nan      nan    2.513  nan      nan    nan   1.000     nan                                None      -4.375      -3.437      -4.698       0.043      -3.015       0.030
Gaia DR3 2860047893824673536   3.6936665  29.0360183 18.058  2.583       3.346   3.2150  24.7092   -13.38      nan      nan    2.701  nan      nan    nan   1.002     nan                                None      -4.979      -3.900      -6.237       0.142      -5.331       0.136
Gaia DR3 2860746118067803520   3.6422339  30.2795422 19.377  2.622       4.057   2.1514  24.8867   -13.52      nan      nan    2.481  nan      nan    nan   1.056     nan                                None      -4.577      -3.431      -6.509       0.344      -2.555       0.315
Gaia DR3 2859964025998941824   3.9752817  28.4064237 14.709  1.644       3.975   3.7285  24.9075   -13.34    -2.36     3.51    2.617  nan      nan    nan   1.807     nan                            Gaia_DR3      -4.801      -3.848      -3.661       0.054      -5.722       0.034
Gaia DR3 2861123972110583552   1.7181840  29.7326498 19.173  1.470       4.780   3.7225  25.0485   -13.19      nan      nan    2.596  nan      nan    nan   1.045     nan                                None      -4.940      -3.742      -2.678       0.274      -5.056       0.182
Gaia DR3 2861380158320883584   2.0197871  30.6367086 19.857  2.226       4.920   3.0099  25.2689   -13.34      nan      nan    2.514  nan      nan    nan   1.030     nan                                None      -4.761      -3.500      -6.287       0.481      -1.385       0.322
Gaia DR3 2863878042580518656   6.5148801  33.8569585 12.308  0.851       3.748   2.1830  25.7790   -14.26    25.47     0.53    2.475  nan      nan    nan   1.129     nan                            Gaia_DR3      -4.342      -2.852      -2.444       0.015      -2.378       0.014
Gaia DR3 2860212751851132288   2.6954708  28.7715205 19.275  2.208       3.126   3.8603  25.8033   -13.21      nan      nan    2.623  nan      nan    nan   1.039     nan                                None      -4.915      -3.863      -4.940       0.406      -2.134       0.320
Gaia DR3 2858485904413818240   9.1279129  30.1362784 17.903  2.200       1.282   3.8659  25.8358   -14.19      nan      nan    2.622  nan      nan    nan   1.042     nan                                None      -4.373      -3.424      -3.745       0.174      -3.751       0.112
Gaia DR3 2876416499522033280   3.2489141  35.3396337 14.674  1.377       2.640   3.7104  26.1394   -13.99    -1.86     3.48    2.674  nan      nan    nan   0.979     nan                            Gaia_DR3      -4.966      -3.032      -6.121       0.023      -3.971       0.014
Gaia DR3 2861337006784812288   1.5217242  30.1787379 13.481  1.023       4.921   3.6088  26.1930   -13.22    -0.61     1.43    2.688  nan      nan    nan   1.026     nan                            Gaia_DR3      -5.131      -3.825      -7.267       0.016      -2.033       0.009
Gaia DR3 2858036028064027264   8.3194309  29.2180135 16.727  2.439       3.756   3.8785  26.2950   -13.99      nan      nan    2.586  nan      nan    nan   0.956     nan                                None      -4.383      -3.531      -5.449       0.092      -5.280       0.051
Gaia DR3 2858068364873151616   8.4455746  29.5066601 13.931  0.835       4.349   3.7554  26.7595   -14.04    33.38     4.66    2.682  nan      nan    nan  19.581     nan                            Gaia_DR3      -4.534      -3.616      -2.313       0.462      -2.560       0.265
Gaia DR3 2859428422102188160   9.5374061  31.5369383 19.392  2.722       4.986   3.7431  26.8263   -14.39      nan      nan    2.685  nan      nan    nan   1.123     nan                                None      -4.440      -3.291      -6.465       0.397      -1.326       0.280
Gaia DR3 2862444519936179072   4.8606111  31.6793938 17.943  2.623       3.772   0.4052  26.9979   -13.83      nan      nan    2.808  nan      nan    nan   1.101     nan                                None      -5.073      -3.629      -2.872       0.149      -3.256       0.130
Gaia DR3 2862264651001457280   6.2075086  31.4628429 19.480  1.787       2.658   1.0301  27.0647   -13.98      nan      nan    2.803  nan      nan    nan   1.601     nan                                None      -4.944      -3.592      -4.212       0.475      -4.982       0.449
Gaia DR3 2857476376647074816   5.5582024  29.3512952 17.696    nan       4.605   2.6600  27.0864   -13.66      nan      nan    2.481  nan      nan    nan   1.031     nan                                None      -4.428      -3.472      -2.925       0.248      -5.354       0.102
Gaia DR3 2864229886301383808   5.4646894  34.9293914 17.228  2.445       3.253   2.9499  27.1829   -14.23      nan      nan    2.492  nan      nan    nan   0.980     nan                                None      -4.456      -2.777      -4.780       0.095      -1.099       0.076
Gaia DR3 2861898204391615872   2.7464509  31.4680813 16.752  1.505       3.849   2.1238  27.1893   -13.53      nan      nan    2.781  nan      nan    nan   7.718     nan                                None      -5.207      -3.723      -3.912       0.523      -1.875       0.444
Gaia DR3 2858496448559212800   9.3574087  30.3563347 18.731  2.910       4.940   3.9396  27.5985   -14.24      nan      nan    2.561  nan      nan    nan   0.934     nan                                None      -4.251      -3.306      -4.442       0.332      -5.967       0.189
Gaia DR3 2858068944693926016   8.4638018  29.5444837 17.905  2.601       4.486   3.7420  28.0110   -14.05      nan      nan    2.706  nan      nan    nan   1.054     nan                                None      -4.573      -3.643      -6.646       0.144      -2.142       0.102
 Gaia DR3 366324976222083584   6.2977768  36.0421468 11.943  0.529       2.312   4.1591  28.1464   -14.43    -5.33     1.52    2.649  nan      nan    nan   6.206     nan                            Gaia_DR3      -4.665      -2.757      -5.113       0.096      -1.545       0.097
Gaia DR3 2859743573917168000   8.1088452  32.2073776 13.289  1.121       3.283   2.5016  28.3743   -14.28     1.18     2.14    2.466  nan      nan    nan  17.796     nan                            Gaia_DR3      -4.196      -2.990      -2.507       0.255      -2.748       0.201
Gaia DR3 2875914812982493184   1.7967203  34.2333821 12.486  0.953       3.393   3.6054  28.4605   -13.70     7.17     0.90    2.724  nan      nan    nan   3.049     nan                            Gaia_DR3      -5.178      -3.315      -7.105       0.041      -3.603       0.024
Gaia DR3 2861033541575911680   1.6044409  29.7574340 16.339  2.069       3.035   3.7856  28.6037   -13.18      nan      nan    2.528  nan      nan    nan   1.000     nan                                None      -4.820      -3.646      -6.352       0.054      -3.130       0.034
Gaia DR3 2858578259095474304   9.9253153  30.7295276 19.586  0.057       4.412   4.2538  28.6947   -14.35      nan      nan    2.591  nan      nan    nan   0.934     nan                                None      -4.250      -3.272      -5.821       0.457      -5.099       0.306
Gaia DR3 2856872852136515072   4.6333846  27.8870832 12.762  0.803       1.876   4.1288  28.8795   -13.36     6.67     2.71    2.560  nan      nan    nan   2.705     nan                            Gaia_DR3      -4.644      -3.805      -5.559       0.045      -3.370       0.040
Gaia DR3 2876438416738996352   4.0459015  35.6122424 17.806  2.694       4.150   3.7400  29.2111   -14.12      nan      nan    2.724  nan      nan    nan   0.901     nan                                None      -4.992      -3.009      -3.045       0.134      -1.634       0.110
Gaia DR3 2860255121701762688   3.4636834  29.3255062 19.782  2.642       4.671   3.0406  29.2983   -13.38      nan      nan    2.767  nan      nan    nan   0.968     nan                                None      -5.120      -3.966      -2.470       0.475      -4.599       0.391
 Gaia DR3 366353838401305600   7.1644558  36.0624594 15.938  2.186       4.689   4.3958  29.6816   -14.53      nan      nan    2.589  nan      nan    nan   2.142     nan                                None      -4.486      -2.651      -5.358       0.069      -5.057       0.066
 Gaia DR3 365654896899113600   8.9317194  35.2327607 15.717  1.804       3.895   4.5099  30.2057   -14.66      nan      nan    2.635  nan      nan    nan   0.956     nan                                None      -4.411      -2.735      -5.463       0.034      -4.626       0.029
Gaia DR3 2877244668000537472   2.8425823  35.9696306 19.617  2.623       4.037   4.4214  30.2706   -14.00      nan      nan    2.665  nan      nan    nan   0.973     nan                                None      -4.982      -2.955      -7.134       0.439      -3.670       0.206
Gaia DR3 2873442110115308288   0.6134552  30.8341987 17.417  2.530       1.780   4.0540  30.3241   -13.17      nan      nan    2.714  nan      nan    nan   0.991     nan                                None      -5.254      -3.818      -4.758       0.102      -2.928       0.063
Gaia DR3 2876875098950399744   2.3610528  35.7827182 16.629  1.690       4.140   4.4503  30.4262   -13.92      nan      nan    2.664  nan      nan    nan   5.013     nan                                None      -5.019      -3.004      -3.037       0.261      -4.221       0.175
 Gaia DR3 361875458827906816  10.2451056  33.3703529 19.845  2.342       1.889   4.4910  30.6099   -14.64      nan      nan    2.578  nan      nan    nan   1.033     nan                                None      -4.200      -2.879      -3.312       0.385      -3.393       0.316
Gaia DR3 2857983663822512640   8.3953665  29.0216491 18.033  2.362       1.475   4.0674  30.6139   -13.98      nan      nan    2.524  nan      nan    nan   0.999     nan                                None      -4.271      -3.469      -3.487       0.161      -3.494       0.106
Gaia DR3 2857964697246873856   8.4120831  28.9219960 18.556  2.708       0.951   4.1513  30.6630   -13.97      nan      nan    2.531  nan      nan    nan   0.941     nan                                None      -4.281      -3.490      -4.659       0.208      -3.829       0.151
 Gaia DR3 361587391071081984  10.4277839  32.6692144 16.873  2.160       4.061   4.4964  30.6973   -14.60      nan      nan    2.663  nan      nan    nan   0.967     nan                                None      -4.324      -3.068      -5.690       0.061      -4.893       0.047
Gaia DR3 2873336350840381312   0.2763982  30.4759980 18.049  2.788       4.273   4.4468  30.9500   -13.08      nan      nan    2.560  nan      nan    nan   1.046     nan                                None      -4.980      -3.661      -2.680       0.150      -3.503       0.100
Gaia DR3 2862013820615669760   3.0900445  32.4216505 19.149  2.590       4.847   1.8096  31.1402   -13.68      nan      nan    2.430  nan      nan    nan   0.924     nan                                None      -4.524      -3.123      -6.696       0.314      -4.326       0.261
Gaia DR3 2873752619070973440   0.0320866  32.0056985 18.461  2.637       3.121   4.3543  31.3156   -13.23      nan      nan    2.541  nan      nan    nan   0.979     nan                                None      -4.961      -3.456      -6.016       0.199      -2.159       0.115
 Gaia DR3 361915247398982144   9.6664418  33.3450850 19.067  2.529       4.515   4.0224  31.3642   -14.58      nan      nan    2.511  nan      nan    nan   1.103     nan                                None      -4.141      -2.831      -2.536       0.356      -1.060       0.211
Gaia DR3 2860239659820783232   2.7383512  29.1344606  9.880  1.068       1.444   3.5391  31.4003   -13.26    -6.40     0.27    2.765  nan      nan    nan  14.483     nan                            Gaia_DR3      -5.178      -4.021      -5.799       0.281      -4.589       0.227
Gaia DR3 2873566943339784448   0.4493534  31.7969768 13.906  1.163       4.634   4.0097  31.5643   -13.26     1.82     2.31    2.737  nan      nan    nan   1.047     nan                            Gaia_DR3      -5.310      -3.729      -7.973       0.018      -3.482       0.011
Gaia DR3 2854977053572790912   1.0002578  28.9395949 16.315  2.044       4.916   4.7112  31.6787   -13.00      nan      nan    2.646  nan      nan    nan   1.013     nan                                None      -5.091      -3.946      -7.815       0.054      -3.643       0.028
 Gaia DR3 366193176560362240   7.8468626  36.2241607 12.491  0.815       2.509   4.7798  31.9278   -14.62   -11.19     1.21    2.614  nan      nan    nan   0.907     nan                            Gaia_DR3      -4.471      -2.622      -3.973       0.010      -3.912       0.010
 Gaia DR3 378414007785129984   5.5483674  36.6330829 11.004  0.788       4.301   4.6538  31.9281   -14.39   -15.03     0.26    2.671  nan      nan    nan   1.201     nan                            Gaia_DR3      -4.767      -2.732      -2.660       0.017      -3.926       0.017
Gaia DR3 2877264905886515200   2.7862023  36.1438572 18.264  2.580       0.784   4.5978  32.0960   -14.01      nan      nan    2.557  nan      nan    nan   1.016     nan                                None      -4.783      -2.815      -4.369       0.157      -2.899       0.114
 Gaia DR3 366382292560441088   7.4014573  36.3165963 14.769  1.425       2.949   4.7048  32.1453   -14.58     5.84     3.59    2.574  nan      nan    nan   0.977     nan                            Gaia_DR3      -4.440      -2.590      -4.810       0.020      -4.146       0.021
Gaia DR3 2874314233290147456   1.3097093  33.3574611 16.031  2.101       4.371   3.5228  32.3586   -13.55      nan      nan    2.777  nan      nan    nan   1.112     nan                                None      -5.318      -3.527      -2.789       0.054      -3.918       0.031
Gaia DR3 2875443427438581760   0.3903612  34.6543849 19.130    nan       1.284   4.7979  32.3906   -13.56      nan      nan    2.588  nan      nan    nan   1.683     nan                                None      -5.025      -3.164      -5.676       0.429      -2.906       0.341
Gaia DR3 2862202146341724672   6.0839411  31.0845013 16.948  2.309       4.408   1.1961  32.5182   -13.92      nan      nan    2.413  nan      nan    nan   1.040     nan                                None      -4.266      -3.144      -5.884       0.099      -4.696       0.069
Gaia DR3 2861341400535001728   1.4296496  30.2701211 11.739  0.786       4.252   3.6318  32.6765   -13.22   -51.49     1.01    2.474  nan      nan    nan   4.143     nan                            Gaia_DR3      -4.730      -3.514      -6.663       0.067      -4.602       0.036
Gaia DR3 2859992162328945152   3.9781816  28.8569995 18.761  2.836       3.325   3.2963  32.8589   -13.39      nan      nan    2.793  nan      nan    nan   1.102     nan                                None      -5.124      -4.045      -3.751       0.237      -5.441       0.220
Gaia DR3 2860414031197270784   4.6256173  29.5030989 18.875  2.775       3.908   2.5300  32.9222   -13.56      nan      nan    2.822  nan      nan    nan   1.078     nan                                None      -5.119      -3.968      -2.860       0.381      -4.518       0.265
Gaia DR3 2858485629535915008   9.1493444  30.1125631 13.263  1.030       4.466   3.8937  32.9891   -14.19   -20.08     1.58    2.764  nan      nan    nan   1.015     nan                            Gaia_DR3      -4.607      -3.611      -4.366       0.021      -6.202       0.013
Gaia DR3 2876902380582508672   1.8963075  35.8132930 15.804  2.180       4.837   4.6883  33.0430   -13.87      nan      nan    2.694  nan      nan    nan   5.876     nan                                None      -5.113      -3.058      -4.228       0.342      -0.457       0.161
Gaia DR3 2876902380581089408   1.8966657  35.8130422 19.229    nan       4.489   4.6879  33.0548   -13.87      nan      nan    2.695  nan      nan    nan   1.049     nan                                None      -5.113      -3.058      -3.378       0.348      -1.191       0.367
Gaia DR3 2863180780409270656   4.3718048  31.8606311 18.956  2.818       4.737   0.6872  33.2425   -13.79      nan      nan    2.857  nan      nan    nan   1.018     nan                                None      -5.205      -3.689      -2.600       0.274      -2.529       0.230
Gaia DR3 2858346949336401024  10.5984039  30.2004798 18.281  2.767       2.183   4.9826  33.3335   -14.37      nan      nan    2.606  nan      nan    nan   1.319     nan                                None      -4.216      -3.339      -4.107       0.258      -4.533       0.176
 Gaia DR3 365049096057254272   9.4265584  34.5602225 18.108  2.667       3.498   4.3911  33.4550   -14.66      nan      nan    2.513  nan      nan    nan   1.577     nan                                None      -4.165      -2.678      -5.027       0.196      -4.318       0.154
Gaia DR3 2874150470481557632   0.9439362  32.3495373 19.107  2.967       4.440   3.5925  33.5301   -13.39      nan      nan    2.787  nan      nan    nan   0.978     nan                                None      -5.367      -3.697      -4.421       0.288      -1.266       0.157
 Gaia DR3 366569308320688128   7.9342320  36.3411120 18.473  2.708       2.639   4.9162  33.5855   -14.64      nan      nan    2.670  nan      nan    nan   1.015     nan                                None      -4.560      -2.658      -3.454       0.220      -1.666       0.155
Gaia DR3 2876942718915329280   1.8794535  36.0099591 16.690  2.030       4.868   4.8560  33.7498   -13.88      nan      nan    2.686  nan      nan    nan   1.044     nan                                None      -5.099      -3.023      -4.741       0.068      -5.756       0.040
 Gaia DR3 360809276140721408  11.0010552  32.2147272 18.770  2.588       4.404   4.9466  33.7819   -14.62      nan      nan    2.573  nan      nan    nan   1.013     nan                                None      -4.125      -3.004      -1.858       0.203      -3.757       0.171
Gaia DR3 2860624072278036224   4.9983882  30.4986170 13.311  1.035       4.110   1.4983  33.8477   -13.72   -26.83     4.62    2.408  nan      nan    nan   1.365     nan                            Gaia_DR3      -4.341      -3.252      -2.735       0.028      -1.919       0.019
Gaia DR3 2876776413486493312   1.0301353  35.1591532 19.101  2.435       3.009   4.6813  34.2420   -13.69      nan      nan    2.527  nan      nan    nan   0.949     nan                                None      -4.860      -2.995      -3.811       0.294      -4.206       0.171
Gaia DR3 2877136537903442304   1.6548863  36.2191122 19.821  2.184       2.743   5.1315  34.3103   -13.87      nan      nan    2.634  nan      nan    nan   1.014     nan                                None      -5.018      -2.948      -6.294       0.487      -2.115       0.258
Gaia DR3 2860115788667443840   2.5747503  28.5908490 17.945  2.425       1.459   4.0695  34.4253   -13.17      nan      nan    2.480  nan      nan    nan   1.004     nan                                None      -4.656      -3.679      -4.280       0.143      -4.342       0.126
Gaia DR3 2855976264828199808   6.7991005  27.0279756 19.137  2.474       3.737   5.1611  34.5925   -13.54      nan      nan    2.643  nan      nan    nan   1.206     nan                                None      -4.611      -3.958      -2.534       0.337      -3.818       0.281
Gaia DR3 2862712319736272896   6.9477870  32.3078871 18.058  2.452       4.716   1.5409  34.6466   -14.16      nan      nan    2.404  nan      nan    nan   0.955     nan                                None      -4.183      -2.947      -6.191       0.139      -1.652       0.119
Gaia DR3 2857567601750956800   8.4755990  27.8578953 15.636  1.740       2.552   5.0288  34.6733   -13.85      nan      nan    2.682  nan      nan    nan   0.965     nan                                None      -4.531      -3.842      -4.918       0.042      -2.452       0.030
Gaia DR3 2857077670536761856   5.5805037  27.9971045 12.415  0.769       3.122   4.0089  34.7261   -13.50    -2.16     1.03    2.778  nan      nan    nan   0.967     nan                            Gaia_DR3      -4.956      -4.075      -3.313       0.017      -4.877       0.012
Gaia DR3 2876108258309298688   2.7013843  35.5203043 17.183  2.505       2.801   4.0819  34.8887   -13.94      nan      nan    2.776  nan      nan    nan   1.028     nan                                None      -5.200      -3.149      -6.839       0.086      -3.138       0.046
Gaia DR3 2875252112412723840   0.6458716  34.5623144 18.462  2.850       4.975   4.5712  34.9165   -13.58      nan      nan    2.741  nan      nan    nan   1.039     nan                                None      -5.302      -3.350      -6.620       0.190      -5.905       0.118
Gaia DR3 2856231214087138048   5.9619012  27.5383433 19.102  2.607       4.417   4.5047  35.3945   -13.50      nan      nan    2.753  nan      nan    nan   1.059     nan                                None      -4.879      -4.086      -2.316       0.300      -4.165       0.248
 Gaia DR3 360821576927081728  11.0767467  32.2644104 19.701  2.649       3.495   5.0117  35.5237   -14.63      nan      nan    2.541  nan      nan    nan   1.035     nan                                None      -4.069      -2.958      -2.628       0.402      -1.762       0.299
 Gaia DR3 364838440796094592   9.1178014  33.5008585 12.051  0.834       2.325   3.6500  35.5475   -14.53   -43.05     1.02    2.806  nan      nan    nan   4.470     nan                            Gaia_DR3      -4.680      -3.165      -3.342       0.067      -2.851       0.053
Gaia DR3 2863076502898830720   7.2556918  33.4460299 16.945  2.071       4.103   2.2821  35.6070   -14.30      nan      nan    2.410  nan      nan    nan   1.055     nan                                None      -4.170      -2.799      -6.240       0.078      -2.551       0.066
Gaia DR3 2858591109637155456   9.4446230  30.4655044 19.641  2.617       4.779   3.9624  35.7130   -14.26      nan      nan    2.463  nan      nan    nan   0.980     nan                                None      -4.080      -3.162      -5.675       0.410      -1.261       0.311
Gaia DR3 2877525872393516160   2.1564763  36.6807526 18.629  2.796       3.842   5.3080  35.7413   -13.98      nan      nan    2.590  nan      nan    nan   1.111     nan                                None      -4.895      -2.812      -4.044       0.385      -0.894       0.319
Gaia DR3 2864278367892443264   5.4507136  35.3283170 19.664  2.527       4.918   3.3467  35.7565   -14.26      nan      nan    2.437  nan      nan    nan   1.180     nan                                None      -4.359      -2.666      -4.992       0.587      -5.112       0.439
Gaia DR3 2854980489546619136   0.8092274  29.0022383 16.867  2.586       1.599   4.7977  35.7602   -12.98      nan      nan    2.734  nan      nan    nan   1.027     nan                                None      -5.276      -4.078      -6.142       0.075      -3.763       0.040
Gaia DR3 2875381305028832896 359.4675487  34.4342470 19.377  2.748       1.187   5.3571  35.7798   -13.41      nan      nan    2.614  nan      nan    nan   1.024     nan                                None      -5.146      -3.271      -4.693       0.312      -3.744       0.211
Gaia DR3 2875102789285512960   0.2837693  33.8499264 17.755  2.658       4.144   4.5006  35.8672   -13.46      nan      nan    2.491  nan      nan    nan   1.006     nan                                None      -4.845      -3.151      -4.011       0.101      -5.161       0.070
Gaia DR3 2857662438924158976   8.2038467  28.3025929 16.594  2.145       3.723   4.5264  35.8994   -13.87      nan      nan    2.493  nan      nan    nan   0.986     nan                                None      -4.234      -3.524      -2.278       0.083      -3.554       0.044
Gaia DR3 2859302390580971264   8.2631695  30.5725146 17.479  2.720       3.447   3.0017  36.0122   -14.13      nan      nan    2.836  nan      nan    nan   0.966     nan                                None      -4.812      -3.675      -2.810       0.148      -4.166       0.083
 Gaia DR3 366561577379593600   8.2289853  36.3702270 19.393  2.825       4.165   5.0592  36.2586   -14.68      nan      nan    2.534  nan      nan    nan   1.039     nan                                None      -4.301      -2.505      -5.196       0.335      -0.468       0.269
Gaia DR3 2876022084084608128   3.3635291  35.0478148 18.889    nan       4.495   3.4073  36.8507   -13.98      nan      nan    2.431  nan      nan    nan   1.071     nan                                None      -4.506      -2.787      -2.340       0.321      -2.001       0.554
 Gaia DR3 361445554071058816   9.7627136  31.9174746 12.913  0.965       4.030   3.8998  36.8743   -14.45    23.36     1.43    2.809  nan      nan    nan   0.991     nan                            Gaia_DR3      -4.623      -3.377      -2.465       0.020      -2.360       0.015
Gaia DR3 2875105258890856192   0.0415391  33.8402674 17.595  2.319       4.262   4.6829  36.9009   -13.43      nan      nan    2.492  nan      nan    nan   1.026     nan                                None      -4.864      -3.164      -3.689       0.088      -5.069       0.061
 Gaia DR3 366185613122885888   7.6399880  36.1075711 17.238  2.412       2.569   4.5988  37.0775   -14.59      nan      nan    2.770  nan      nan    nan   0.920     nan                                None      -4.757      -2.806      -6.253       0.071      -2.701       0.073
Gaia DR3 2858638629155714944   9.9818284  31.0403281 12.306  0.741       3.562   4.2127  37.1342   -14.39    -5.35     1.06    2.462  nan      nan    nan   0.976     nan                            Gaia_DR3      -4.034      -3.066      -2.318       0.019      -3.755       0.011
Gaia DR3 2809675834477817088   9.7861674  28.3795686 15.234  1.535       3.697   5.3819  37.2522   -14.07      nan      nan    2.556  nan      nan    nan   0.974     nan                                None      -4.206      -3.548      -2.267       0.039      -3.092       0.026
Gaia DR3 2877486771013048320   3.6465758  37.3848604 15.482  1.337       4.531   5.5376  37.3452   -14.22      nan      nan    2.587  nan      nan    nan   7.304     nan                                None      -4.772      -2.638      -4.043       0.154      -4.999       0.111
Gaia DR3 2810094125637106176  10.3032481  29.0181943 17.024  2.071       3.457   5.3295  37.4015   -14.21      nan      nan    2.704  nan      nan    nan   1.948     nan                                None      -4.401      -3.644      -2.547       0.187      -2.974       0.126
Gaia DR3 2867276117625182464 359.1934960  29.8112645 18.023  2.899       4.832   5.5683  37.4788   -12.85      nan      nan    2.657  nan      nan    nan   1.029     nan                                None      -5.251      -3.933      -7.939       0.128      -4.238       0.103
Gaia DR3 2862552753112127488   5.0462827  32.0607828 18.019  2.749       2.430   0.1244  37.6350   -13.89      nan      nan    2.895  nan      nan    nan   1.008     nan                                None      -5.214      -3.677      -5.968       0.151      -2.400       0.134
 Gaia DR3 362345328244226688  10.3637010  34.3265064 18.711  2.810       3.827   4.9373  37.7882   -14.74      nan      nan    2.754  nan      nan    nan   1.017     nan                                None      -4.477      -2.929      -2.333       0.192      -2.345       0.142
Gaia DR3 2855262205041469056   0.0697641  29.7070109 19.162  0.761       2.331   4.9349  37.9122   -12.96      nan      nan    2.756  nan      nan    nan   1.110     nan                                None      -5.377      -4.052      -4.496       0.369      -3.024       0.257
Gaia DR3 2877056445353566464   0.4386401  35.9015505 18.182  2.772       3.855   5.5380  37.9765   -13.69      nan      nan    2.564  nan      nan    nan   1.016     nan                                None      -4.976      -2.973      -5.254       0.133      -5.038       0.103
Gaia DR3 2863101138831151616   6.6076010  33.4211792 18.270  2.835       4.260   1.8756  38.0222   -14.22      nan      nan    2.883  nan      nan    nan   0.964     nan                                None      -5.047      -3.383      -6.761       0.156      -1.443       0.135
 Gaia DR3 365582500930344960  10.3085103  35.7815861 11.192  0.775       3.585   5.7075  38.2430   -14.86   -17.04     0.49    2.601  nan      nan    nan   1.074     nan                            Gaia_DR3      -4.232      -2.562      -4.511       0.017      -0.616       0.015
Gaia DR3 2875035787795714560   0.4171538  33.5549351 15.713  1.620       1.714   4.2889  38.2797   -13.45      nan      nan    2.455  nan      nan    nan   0.954     nan                                None      -4.765      -3.135      -5.473       0.035      -3.669       0.024
Gaia DR3 2877472820959027840   2.9741237  37.2141324 10.712  1.224       3.556   5.5267  38.4111   -14.13  -102.17     0.17    2.551  nan      nan    nan   1.078     nan                            Gaia_DR3      -4.759      -2.658      -4.656       0.014      -4.568       0.009
Gaia DR3 2877008410439779456   1.2473136  35.8504963 16.701  2.106       4.509   5.0470  38.4300   -13.79      nan      nan    2.754  nan      nan    nan   1.009     nan                                None      -5.280      -3.156      -3.818       0.055      -0.984       0.038
Gaia DR3 2874700093151690496 359.2607460  33.2991102 14.161  1.174       4.654   5.1418  38.5445   -13.26   -71.50     2.49    2.506  nan      nan    nan   0.943     nan                            Gaia_DR3      -4.948      -3.286      -2.854       0.018      -4.574       0.013
Gaia DR3 2862820037516150144   7.4137568  32.7528418 13.269  1.111       2.747   2.0452  38.5583   -14.26   -52.58     2.98    2.388  nan      nan    nan   1.035     nan                            Gaia_DR3      -4.118      -2.854      -4.654       0.019      -4.128       0.014
Gaia DR3 2873704657171380736 359.2059985  31.7362158 17.870  2.537       4.453   5.0684  38.5735   -13.08      nan      nan    2.755  nan      nan    nan   1.002     nan                                None      -5.443      -3.824      -7.680       0.116      -5.121       0.075
Gaia DR3 2861132669420348032   1.8831952  29.8778308 19.507  2.451       1.872   3.5203  38.6095   -13.23      nan      nan    2.844  nan      nan    nan   1.016     nan                                None      -5.397      -4.071      -6.223       0.458      -3.311       0.286
Gaia DR3 2875283280990969856 359.5249277  33.9750845 13.989  1.166       4.721   5.1312  38.8999   -13.37   -33.09     2.33    2.501  nan      nan    nan   1.107     nan                            Gaia_DR3      -4.918      -3.183      -2.884       0.019      -1.749       0.013
 Gaia DR3 360635209705778304  10.9487279  31.6068012 18.269  2.345       2.804   4.9283  39.0042   -14.55      nan      nan    2.773  nan      nan    nan   1.084     nan                                None      -4.451      -3.331      -3.182       0.149      -2.294       0.107
Gaia DR3 2857513107206226048   5.6757182  29.6316469 19.718 -0.037       4.443   2.3985  39.2513   -13.71      nan      nan    2.389  nan      nan    nan   0.906     nan                                None      -4.256      -3.306      -5.109       0.381      -5.374       0.381
 Gaia DR3 365189459883103744   7.9174629  34.5553998 16.256  2.129       3.706   3.4449  39.3514   -14.49      nan      nan    2.854  nan      nan    nan   1.040     nan                                None      -4.875      -3.115      -3.227       0.046      -4.617       0.042
Gaia DR3 2868439405223641984 358.2315865  31.6341371 19.704  2.792       4.503   5.9033  39.4373   -12.93      nan      nan    2.612  nan      nan    nan   0.989     nan                                None      -5.232      -3.685      -3.010       0.422      -4.785       0.251
Gaia DR3 2877402035601984768   3.2625151  36.8636548 19.273  2.548       3.302   5.1202  39.5884   -14.13      nan      nan    2.766  nan      nan    nan   0.953     nan                                None      -5.135      -2.916      -4.521       0.428      -4.741       0.190
 Gaia DR3 366626311126561536   9.1070767  36.6130790 13.838  1.113       2.006   5.6526  39.5918   -14.80    -5.22     2.09    2.543  nan      nan    nan   1.010     nan                            Gaia_DR3      -4.243      -2.442      -3.733       0.014      -1.495       0.013
Gaia DR3 2855045700033795456 359.8529020  28.5705983 19.908  0.074       3.658   5.7215  39.5923   -12.79      nan      nan    2.698  nan      nan    nan   0.991     nan                                None      -5.281      -4.122      -5.755       0.442      -6.147       0.302
Gaia DR3 2876551120976797184   4.0354026  35.8807290 15.638  2.462       4.520   4.0023  39.7932   -14.14      nan      nan    2.836  nan      nan    nan   5.320     nan                                None      -5.197      -3.093      -7.883       0.259      -2.792       0.159
Gaia DR3 2876078640214871168   2.8938656  35.0884311 17.647  2.639       3.769   3.6315  39.8113   -13.93      nan      nan    2.852  nan      nan    nan   0.991     nan                                None      -5.326      -3.288      -5.352       0.102      -1.023       0.076
Gaia DR3 2810166663340283392  11.4360703  29.4345105 15.987  1.894       3.688   5.9635  39.8644   -14.38      nan      nan    2.609  nan      nan    nan   0.955     nan                                None      -4.144      -3.418      -6.172       0.053      -3.388       0.035
