GaiaDR3                               RA         DEC   Gmag  Bp-Rp  Voff(km/s) Sep(deg)   3D(pc) Vr(pred)  Vr(obs)    Vrerr Plx(mas)  SpT    FnuvJ  W1-W3    RUWE  XCrate                               RVsrc    PMRApred   PMDecpred        PMRA     PMRAerr       PMDec    PMDecerr
Gaia DR3 2554032474712538880   8.7401637   4.3806974  8.772  0.982       0.000   0.0000   0.0000    19.40      nan      nan   21.136  nan      nan    nan   0.811     nan                                None     107.569    -173.334     107.569       0.025    -173.334       0.027
Gaia DR3 2747843836017055488   6.7297579   6.5935181 17.130  0.459       1.473   2.9834  11.2739    17.03      nan      nan   17.168  nan      nan    nan   0.983     nan                                None      90.152    -143.037      90.727       0.097    -137.738       0.077
Gaia DR3 2472891505880590464  13.3775147 -10.3788037 18.512  1.051       2.119  15.4651  12.6209    30.51      nan      nan   22.104  nan      nan    nan   0.994     nan                                None     103.715    -150.668      95.040       0.230    -155.378       0.255
Gaia DR3 2803427825293084160  10.9231722  23.8844799 10.320  1.738       2.347  19.6170  15.9007     6.13      nan      nan   22.810  nan      nan    nan   3.661     nan                                None     111.915    -209.251     111.513       0.078    -197.971       0.049
Gaia DR3 2416788993792424320   4.7761260 -15.1655194 15.393  2.987       2.583  19.9367  16.2077    29.63      nan      nan   21.722  nan      nan    nan   1.092     nan                                None     117.355    -140.197     108.545       0.079    -132.304       0.055
Gaia DR3 2806928739035576320   7.2193638  24.0522546 13.015  2.444       0.556  19.7261  18.2326     4.59      nan      nan   27.982  nan      nan    nan   1.224     nan                                None     145.857    -253.072     148.486       0.021    -255.038       0.017
Gaia DR3 2517738764110377728  31.4620042   3.6018956 15.104  2.920       2.726  22.6792  19.0021    27.50      nan      nan   20.419  nan      nan    nan   1.147     nan                                None      58.733    -168.353      67.004       0.045    -176.679       0.030
Gaia DR3 2798963773725349248   3.1405450  21.7121649 11.015  1.880       2.177  18.1624  20.0934     4.65      nan      nan   31.941  nan      nan    nan   1.373     nan                                None     176.453    -282.855     190.416       0.038    -287.327       0.036
Gaia DR3 2591201534008672256  18.0010424  15.0365098 15.604  3.788       2.234  14.0216  20.8311    15.34      nan      nan   35.077  nan      nan    nan   1.951     nan                                None     149.621    -316.133     166.116       0.155    -316.993       0.095
Gaia DR3 2795238903207622144  11.1139143  19.5834071 14.978  2.779       1.620  15.3778  20.9284     9.45      nan      nan   16.034  nan      nan    nan   1.048     nan                                None      78.405    -145.203      83.840       0.037    -145.872       0.022
Gaia DR3 2795238903207622272  11.1164664  19.5841019 14.190  2.596       1.163  15.3789  20.9855     9.45      nan      nan   16.016  nan      nan    nan   1.143     nan                                None      78.313    -145.041      82.198       0.028    -145.599       0.018
Gaia DR3 2715770081106897408 340.0889580   7.9003456 11.049  1.922       2.010  28.6954  22.7178     2.81      nan      nan   24.212  nan      nan    nan   1.007     nan                                None     162.774    -194.226     160.987       0.017    -204.328       0.018
Gaia DR3 2715770085402308352 340.0889140   7.9007561 15.067    nan       1.949  28.6954  22.7373     2.81      nan      nan   24.667  nan      nan    nan   0.651     nan                                None     165.830    -197.873     161.226       0.244    -206.902       0.117
Gaia DR3 2713576422266676096 346.7706130   8.1759729 11.092  1.503       1.074  22.1594  24.0327     6.25      nan      nan   16.690  nan      nan    nan   1.228     nan                                None     108.163    -135.765     105.794       0.033    -132.823       0.024
Gaia DR3 5150595738518576128  35.6928183 -12.2372462 11.965  2.151       2.742  31.5271  24.8312    38.02      nan      nan   26.180  nan      nan    nan   1.255     nan                                None      62.917    -165.127      58.612       0.028    -150.618       0.021
Gaia DR3 5040416186560252416  20.7128197 -24.6646299 12.891  2.737       2.934  31.2927  25.4693    39.94      nan      nan   29.641  nan      nan    nan   1.239     nan                                None     118.630    -141.826     120.215       0.034    -123.561       0.021
Gaia DR3 5170135262735079552  39.5314512 -14.3372713 11.474  2.197       2.730  35.8124  27.7151    39.77      nan      nan   26.990  nan      nan    nan   1.733     nan                                None      52.968    -161.208      46.247       0.030    -175.211       0.027
Gaia DR3 2490369686312280832  36.4879652  -3.3447181 14.247  2.589       2.794  28.7817  27.7465    33.10      nan      nan   17.449  nan      nan    nan   1.067     nan                                None      40.356    -130.339      32.539       0.021    -123.665       0.020
Gaia DR3 5121861239077445760  30.2720454 -25.1544356 12.829  2.422       1.393  36.1894  28.7600    42.65      nan      nan   22.212  nan      nan    nan   1.507     nan                                None      66.786     -99.143      60.420       0.026     -97.725       0.020
Gaia DR3 2601819483438304896 338.7811740 -11.8871872 14.659  2.894       1.483  33.9431  28.9813    14.81      nan      nan   19.544  nan      nan    nan   9.961     nan                                None     132.110    -144.216     126.194       0.288    -145.746       0.214
Gaia DR3 1888358963841496320 339.3471891  29.9848981 11.400  2.171       2.388  37.7556  29.0269   -12.05      nan      nan   28.112  nan      nan    nan   1.699     nan                                None     189.593    -214.011     202.097       0.019    -220.634       0.026
  Gaia DR3 80705360365289344  34.7602677  18.2737982 17.324  4.132       1.794  28.9812  29.7620    17.40      nan      nan   16.565  nan      nan    nan   1.081     nan                                None      41.557    -157.266      40.165       0.219    -163.374       0.170
Gaia DR3 2824191999305650432 351.8645568  18.5642907 17.084  3.443       0.404  21.7495  29.9548     1.73      nan      nan   14.656  nan      nan    nan   1.037     nan                                None      91.400    -123.381      90.314       0.090    -122.764       0.064
