GaiaDR3                               RA         DEC   Gmag  Bp-Rp  Voff(km/s) Sep(deg)   3D(pc) Vr(pred)  Vr(obs)    Vrerr Plx(mas)  SpT    FnuvJ  W1-W3    RUWE  XCrate                               RVsrc    PMRApred   PMDecpred        PMRA     PMRAerr       PMDec    PMDecerr
Gaia DR3 1711970906169443584 213.0787310  74.4117964 12.033  1.483       0.000   0.0000   0.0000     4.04      nan      nan   10.533  nan      nan    nan   1.124     nan                                None     -79.337      39.668     -79.337       0.014      39.668       0.013
Gaia DR3 1673429145260771328 211.8781968  68.0512474 16.108  2.743       2.785   6.3719  10.5487     2.31      nan      nan   10.542  nan      nan    nan   1.074     nan                                None     -80.142      38.903     -76.043       0.039      43.540       0.037
Gaia DR3 1694923017035769088 221.5173533  69.8054811 16.511  2.925       1.071   5.2745  14.6443     0.84      nan      nan    9.407  nan      nan    nan   0.983     nan                                None     -65.401      45.393     -67.474       0.054      45.861       0.050
Gaia DR3 1691418426801407488 191.9317329  73.5320626 16.287  2.891       0.752   5.8724  15.3901     7.72      nan      nan    9.400  nan      nan    nan   1.134     nan                                None     -77.564       8.961     -76.945       0.044       7.607       0.040
Gaia DR3 1725132064649601920 210.9530356  82.9522749 14.668  2.605       0.988   8.5492  15.6971     6.81      nan      nan    9.925  nan      nan    nan   1.389     nan                                None     -75.958      32.934     -73.895       0.032      32.806       0.028
Gaia DR3 1716823463299825280 193.5719790  78.4328595 18.561  4.107       1.565   6.0417  15.9762     7.85      nan      nan    9.356  nan      nan    nan   1.207     nan                                None     -77.049       9.748     -74.749       0.210      11.806       0.218
Gaia DR3 1129189409410903808 179.7229983  79.1472614 16.691  2.915       2.984   8.7912  16.0647     9.69      nan      nan    9.929  nan      nan    nan   0.980     nan                                None     -81.021      -9.277     -77.855       0.058      -3.894       0.058
Gaia DR3 1716823467595544320 193.5733350  78.4339442 17.495  3.338       0.761   6.0420  17.1437     7.85      nan      nan    9.230  nan      nan    nan   1.061     nan                                None     -76.008       9.618     -74.754       0.088      10.407       0.091
Gaia DR3 1721678807864209408 223.0242766  80.9789085 17.241  3.003       2.525   6.8770  17.6599     5.12      nan      nan    9.279  nan      nan    nan   1.119     nan                                None     -63.395      45.266     -67.955       0.091      43.366       0.082
Gaia DR3 1722858446402102528 245.0455365  82.6743611 14.089  2.334       2.529  10.1259  17.7173     4.46      nan      nan   10.060  nan      nan    nan   1.301     nan                                None     -46.183      70.911     -46.526       0.024      76.264       0.026
Gaia DR3 1664874699983021568 208.0691612  63.4564602 17.729  3.460       2.699  11.0928  18.5960     1.99      nan      nan   10.346  nan      nan    nan   1.041     nan                                None     -80.705      33.721     -77.492       0.126      38.655       0.103
Gaia DR3 1727279101621514752 231.4710673  85.1527833 14.437  2.366       2.459  11.0919  19.0434     6.41      nan      nan   11.392  nan      nan    nan   1.085     nan                                None     -69.211      65.353     -69.018       0.016      59.451       0.018
Gaia DR3 1712883436396564992 200.2738257  75.4999590 15.611  2.638       2.553   3.4891  19.4985     6.46      nan      nan    8.819  nan      nan    nan   1.126     nan                                None     -71.422      18.090     -71.916       0.035      22.811       0.040
Gaia DR3 1697279648411367424 228.7956490  73.5091975 15.205  2.480       0.892   4.4215  20.6984     1.18      nan      nan    8.770  nan      nan    nan   0.931     nan                                None     -55.517      49.234     -56.086       0.025      50.783       0.028
Gaia DR3 1719822866596285568 194.8140596  81.5341638 14.841  2.547       1.648   7.9908  21.5350     7.99      nan      nan   12.987  nan      nan    nan   1.051     nan                                None    -106.725      14.638    -106.419       0.024      10.135       0.021
Gaia DR3 1720408322178387584 224.8904780  78.8656846 13.716  2.044       2.259   5.2019  22.0610     4.06      nan      nan    8.706  nan      nan    nan   1.064     nan                                None     -58.132      44.669     -56.420       0.014      48.445       0.013
Gaia DR3 1077362829323945216 162.4668600  72.8928125 16.885  3.260       1.948  13.8890  23.1964    13.41      nan      nan   11.384  nan      nan    nan   1.044     nan                                None     -84.318     -33.739     -83.482       0.071     -38.339       0.067
Gaia DR3 1715216393912643328 209.0117421  78.9775585 10.262  0.883       1.045   4.6580  23.2424     5.94      nan      nan    8.580  nan      nan    nan   1.045     nan                                None     -66.531      27.057     -66.703       0.017      28.939       0.014
Gaia DR3 1718031315478183424 185.7220678  80.4579180 15.487  2.946       1.189   8.3279  23.3509     8.91      nan      nan   13.321  nan      nan    nan   1.111     nan                                None    -109.926      -1.769    -106.941       0.038      -0.275       0.034
Gaia DR3 1150844943755848320 141.8701801  85.5307638 16.928  3.255       1.678  14.7526  24.8013    10.89      nan      nan   11.590  nan      nan    nan   1.008     nan                                None     -65.416     -68.093     -61.611       0.065     -66.565       0.067
Gaia DR3 1615886582178361088 228.0657408  60.2980030 13.515  2.220       2.679  15.1414  25.0377    -4.74      nan      nan   11.339  nan      nan    nan   1.082     nan                                None     -72.536      61.813     -67.069       0.013      65.147       0.013
Gaia DR3 1699244853647224704 215.9322531  72.8049895 17.197  3.204       2.987   1.7968  25.3490     3.01      nan      nan    8.329  nan      nan    nan   1.039     nan                                None     -61.247      34.503     -60.849       0.082      39.732       0.081
Gaia DR3 1692634589741231872 181.0705418  75.6556535 10.913  1.034       0.560   8.2533  25.5141     9.72      nan      nan    8.656  nan      nan    nan   0.956     nan                                None     -70.882      -5.383     -71.082       0.014      -6.385       0.015
Gaia DR3 1072837308183375744 163.2886914  70.0358027 15.210  2.697       2.552  15.2978  25.8119    13.92      nan      nan   10.224  nan      nan    nan   1.174     nan                                None     -76.257     -27.797     -79.427       0.024     -32.292       0.028
Gaia DR3 1636990951959453184 255.2920524  68.4820821 15.267  2.808       2.011  14.2836  25.9337    -5.10      nan      nan   12.365  nan      nan    nan   1.069     nan                                None     -40.744      95.480     -45.536       0.025      93.353       0.028
Gaia DR3 1636990986319192064 255.3032659  68.4808403  9.978  1.019       1.755  14.2875  25.9677    -5.10      nan      nan   12.375  nan      nan    nan   0.993     nan                                None     -40.760      95.567     -45.029       0.012      93.909       0.014
Gaia DR3 1583383300474806016 185.6050096  62.0389517 14.667  2.704       2.854  15.7269  26.0077     8.69      nan      nan   11.412  nan      nan    nan   1.162     nan                                None     -94.163       5.171     -96.551       0.043      -1.266       0.044
Gaia DR3 1128433254648876928 161.0369981  76.0893457 19.562  1.274       2.054  12.9144  26.0235    12.82      nan      nan   12.908  nan      nan    nan   1.065     nan                                None     -94.392     -42.532     -90.315       0.348     -46.355       0.370
Gaia DR3 1076599905693041280 156.8566523  71.0654880 15.387  2.801       2.474  16.3464  27.1451    14.94      nan      nan   10.429  nan      nan    nan   1.049     nan                                None     -73.138     -36.922     -67.861       0.025     -35.607       0.031
Gaia DR3 2293310058422912640 282.5021734  78.7562207 15.796  2.716       1.035  15.6036  27.1569     0.90      nan      nan    9.932  nan      nan    nan   1.009     nan                                None       5.310      83.883       6.571       0.036      82.121       0.035
Gaia DR3 1075073573100465280 175.6619323  72.8159166 18.752  2.154       1.890  10.4933  27.3435    10.93      nan      nan    8.731  nan      nan    nan   1.000     nan                                None     -70.263     -10.933     -73.605       0.266      -9.969       0.223
Gaia DR3 2260763105490977024 270.7996521  71.6726138 13.765  2.210       2.972  16.3653  27.4354    -3.95      nan      nan   10.290  nan      nan    nan   1.075     nan                                None     -11.824      85.860     -15.280       0.016      80.417       0.015
Gaia DR3 1074040758019758848 162.7783872  71.4256431 16.164  2.741       2.058  14.5972  27.6078    13.71      nan      nan    9.465  nan      nan    nan   0.978     nan                                None     -70.294     -26.995     -71.939       0.035     -23.233       0.037
Gaia DR3 1129335266500506496 161.7410261  77.5267727 15.589  2.740       2.418  12.3814  27.9406    12.33      nan      nan    8.939  nan      nan    nan   0.988     nan                                None     -65.787     -29.265     -68.847       0.031     -32.641       0.038
Gaia DR3 1667940932970858496 212.3155563  64.3137674 14.219  2.593       1.987  10.1014  28.1216     1.05      nan      nan   14.123  nan      nan    nan   1.131     nan                                None    -107.008      53.191    -112.593       0.021      51.243       0.018
Gaia DR3 1075073577395188864 175.6681635  72.8155066 10.687  0.929       2.078  10.4918  28.2297    10.93      nan      nan    8.645  nan      nan    nan   0.991     nan                                None     -69.576     -10.818     -72.916       0.016      -9.034       0.014
Gaia DR3 1127577697163409664 148.7035031  76.5103633 17.060  3.061       0.975  15.4734  28.2896    14.33      nan      nan    9.606  nan      nan    nan   1.008     nan                                None     -60.732     -45.605     -58.829       0.063     -46.135       0.069
Gaia DR3 1676879962504527232 190.5345859  63.9386156 16.856  2.924       1.110  13.0131  28.6989     7.28      nan      nan    8.957  nan      nan    nan   0.991     nan                                None     -73.980       9.230     -73.616       0.055      11.294       0.054
Gaia DR3 1131583183664211712 141.1261502  77.4810670 16.728  3.004       0.462  16.5920  28.8337    14.76      nan      nan    9.920  nan      nan    nan   1.031     nan                                None     -55.207     -55.220     -54.243       0.046     -55.150       0.054
Gaia DR3 1610970528251812992 217.0835785  57.2999020 13.415  2.105       1.923  17.1808  29.0756    -2.72      nan      nan   12.044  nan      nan    nan   1.055     nan                                None     -87.639      51.615     -85.549       0.012      56.028       0.013
Gaia DR3 1661287547592738432 210.9522267  60.7785794 16.720  3.214       2.054  13.6552  29.0900     0.37      nan      nan   13.566  nan      nan    nan   1.084     nan                                None    -103.825      49.037    -102.955       0.062      43.228       0.059
Gaia DR3 1129915632545217920 168.4128392  78.7943773 17.384  3.049       2.990  10.8888  29.3121    11.17      nan      nan    8.590  nan      nan    nan   0.939     nan                                None     -66.540     -21.190     -69.940       0.076     -25.405       0.074
Gaia DR3 1126294494078069248 149.7131250  74.1562806 10.683  1.253       2.552  16.3593  29.3317    15.10      nan      nan   12.651  nan      nan    nan   8.338     nan                                None     -81.155     -57.073     -74.493       0.098     -55.677       0.099
Gaia DR3 1702258958616469888 226.6670689  77.3781572 13.916  1.924       1.572   4.4270  29.5969     3.22      nan      nan    8.108  nan      nan    nan   2.428     nan                                None     -52.889      43.387     -52.664       0.039      40.710       0.034
Gaia DR3 1628886417391824512 248.8590222  63.9485173 17.651  3.659       2.256  16.0341  29.8162    -7.11      nan      nan   12.977  nan      nan    nan   1.256     nan                                None     -53.512      93.934     -59.469       0.150      92.316       0.149
Gaia DR3 2298880802803784832 309.0044873  82.5633169 11.753  1.399       2.309  17.9129  29.8760     4.23      nan      nan   10.346  nan      nan    nan   0.947     nan                                None      43.023      75.717      46.066       0.014      79.729       0.013
Gaia DR3 1119896302773470976 149.7396367  72.4274697 15.880  3.140       1.966  17.3167  29.9288    15.73      nan      nan   12.379  nan      nan    nan   1.921     nan                                None     -79.439     -54.596     -79.357       0.079     -49.466       0.085
Gaia DR3 1716002506070297216 194.8647837  76.5370029 12.153  1.373       0.655   5.0113  29.9334     7.48      nan      nan    8.108  nan      nan    nan   1.007     nan                                None     -66.623      10.351     -65.843       0.014       9.549       0.012
Gaia DR3 1640756981147003264 231.9639578  63.3060916 17.368  3.045       1.610  12.8964  29.9577    -4.28      nan      nan    8.793  nan      nan    nan   1.065     nan                                None     -52.995      51.654     -50.511       0.073      53.307       0.080
