GaiaDR3                               RA         DEC   Gmag  Bp-Rp  Voff(km/s) Sep(deg)   3D(pc) Vr(pred)  Vr(obs)    Vrerr Plx(mas)  SpT    FnuvJ  W1-W3    RUWE  XCrate                               RVsrc    PMRApred   PMDecpred        PMRA     PMRAerr       PMDec    PMDecerr
Gaia DR3 5795534040654879744 227.6586639 -71.3616374 11.081  0.965       0.000   0.0000   0.0000    41.99      nan      nan    6.363  nan      nan    nan   0.834     nan                                None     -25.999     -41.057     -25.999       0.010     -41.057       0.014
Gaia DR3 5798092260617528064 219.5098621 -70.4894083 12.435  1.289       2.589   2.7997   8.6338    42.49      nan      nan    6.214  nan      nan    nan   2.986     nan                                None     -28.027     -37.343     -28.700       0.026     -34.019       0.040
Gaia DR3 5794180026437774080 230.8429152 -74.3894395 10.908  0.961       2.162   3.1686   8.7346    43.26      nan      nan    6.409  nan      nan    nan   0.906     nan                                None     -24.981     -39.672     -24.099       0.010     -36.887       0.012
Gaia DR3 5793243787983610368 221.7311156 -74.4443989 11.938  1.096       2.976   3.5375  10.2225    44.13      nan      nan    6.509  nan      nan    nan   0.811     nan                                None     -28.662     -36.084     -32.604       0.009     -35.022       0.010
Gaia DR3 5819868603793092992 234.0166747 -70.1205989 16.652  2.466       1.768   2.4351  10.3978    40.62      nan      nan    6.709  nan      nan    nan   2.212     nan                                None     -24.806     -47.296     -23.659       0.158     -45.075       0.280
Gaia DR3 5819970205548172416 236.7286708 -69.5832883 15.805  2.660       1.379   3.5098  10.9125    40.02      nan      nan    6.591  nan      nan    nan   1.021     nan                                None     -23.183     -48.046     -22.170       0.022     -46.420       0.031
Gaia DR3 5799330929191436672 225.6514994 -69.2564966 15.489  2.328       0.932   2.2108  14.7690    41.08      nan      nan    6.965  nan      nan    nan   1.013     nan                                None     -29.242     -46.232     -29.589       0.022     -44.908       0.028
Gaia DR3 5782258159295532032 243.6251376 -73.8661666 14.802  2.094       2.675   5.3653  15.7367    41.97      nan      nan    6.169  nan      nan    nan   1.005     nan                                None     -18.663     -43.290     -15.735       0.019     -41.412       0.022
Gaia DR3 5791617545874498816 208.8887416 -72.7205090 11.083  0.909       1.329   5.9181  16.3088    44.80      nan      nan    6.473  nan      nan    nan   0.846     nan                                None     -31.881     -31.190     -32.153       0.012     -29.398       0.014
Gaia DR3 5806336020835103872 245.0862487 -72.7885435 19.078  3.513       2.461   5.5282  16.3230    41.23      nan      nan    6.152  nan      nan    nan   1.021     nan                                None     -17.936     -44.638     -21.126       0.186     -44.517       0.207
Gaia DR3 5806747547416399104 243.4955266 -71.6149247 19.499  3.415       2.668   5.0201  16.4059    40.64      nan      nan    6.042  nan      nan    nan   0.999     nan                                None     -18.337     -44.430     -16.446       0.249     -41.606       0.281
Gaia DR3 5781859758130190976 235.9883173 -75.3371079 17.144  3.049       2.474   4.6274  18.1324    43.34      nan      nan    6.959  nan      nan    nan   1.043     nan                                None     -24.826     -44.277     -28.444       0.058     -44.578       0.063
Gaia DR3 5821235567322401792 242.6591453 -67.8268950 18.926  3.797       1.119   6.2862  18.3387    38.33      nan      nan    6.672  nan      nan    nan   0.944     nan                                None     -20.663     -52.456     -19.144       0.140     -52.869       0.196
Gaia DR3 5794020391094815488 233.3054315 -73.9479338 18.914  3.311       0.552   3.0831  18.6258    42.82      nan      nan    5.762  nan      nan    nan   1.174     nan                                None     -21.571     -36.981     -20.943       0.187     -37.219       0.210
Gaia DR3 5849650005823914496 220.1931045 -65.9328237 11.496  1.049       2.048   6.0612  19.1409    39.99      nan      nan    6.814  nan      nan    nan   4.030     nan                                None     -30.515     -46.008     -32.017       0.100     -43.477       0.152
Gaia DR3 5796049093133844096 232.2458642 -70.0918502 15.361  2.587       1.032   1.9752  20.3228    40.79      nan      nan    7.273  nan      nan    nan   1.057     nan                                None     -27.715     -50.513     -26.179       0.019     -50.131       0.023
Gaia DR3 5821384246224058880 242.7886943 -67.1462809 15.496  2.729       1.562   6.7871  20.3856    37.87      nan      nan    6.080  nan      nan    nan   1.041     nan                                None     -18.773     -48.425     -20.368       0.016     -47.216       0.026
Gaia DR3 5805831615574304256 250.9961805 -72.7784871 19.194  3.736       1.495   7.2735  20.9330    40.84      nan      nan    6.158  nan      nan    nan   0.942     nan                                None     -15.093     -46.314     -16.977       0.174     -46.779       0.207
Gaia DR3 5848605096130480512 222.5550513 -66.8030636 17.465  2.676       2.655   4.9052  20.9983    40.13      nan      nan    5.789  nan      nan    nan   0.995     nan                                None     -25.254     -39.313     -24.763       0.055     -36.110       0.079
Gaia DR3 5786810068717273344 217.4036519 -76.7292053  5.712  1.344       1.001   6.0430  22.1298    45.52      nan      nan    5.848  nan      nan    nan   5.898     nan                                None     -26.934     -28.287     -27.950       0.131     -27.585       0.142
Gaia DR3 5846896008370837504 207.6830731 -70.0484218 10.344  0.780       2.336   6.6971  22.8401    43.85      nan      nan    5.892  nan      nan    nan   0.902     nan                                None     -29.237     -30.381     -32.111       0.012     -30.773       0.013
Gaia DR3 5797936950290554240 218.4336182 -71.3573208 17.685  3.623       0.940   2.9457  22.8682    43.04      nan      nan    7.376  nan      nan    nan   1.062     nan                                None     -33.635     -42.729     -32.773       0.089     -41.549       0.100
Gaia DR3 5777975114826848512 250.9437993 -76.2167653 15.604  2.518       2.987   8.0239  23.0393    42.91      nan      nan    6.730  nan      nan    nan   1.066     nan                                None     -16.524     -47.035     -13.592       0.023     -50.093       0.027
Gaia DR3 5781351715037581312 244.3137901 -74.7957829 11.905  1.049       1.110   5.9083  23.2167    42.46      nan      nan    5.781  nan      nan    nan   0.896     nan                                None     -17.190     -39.934     -15.879       0.010     -39.605       0.010
Gaia DR3 5821858685495717376 242.9803168 -66.2239377 16.323  2.754       0.300   7.5184  23.2947    37.24      nan      nan    6.902  nan      nan    nan   1.004     nan                                None     -21.214     -55.920     -21.649       0.025     -55.884       0.042
Gaia DR3 5802870841219614976 255.3872632 -72.8961498 18.430  3.321       2.994   8.5651  23.6693    40.67      nan      nan    6.292  nan      nan    nan   0.986     nan                                None     -13.146     -48.263      -9.901       0.124     -45.973       0.136
Gaia DR3 5840185585801624448 199.7132132 -72.9872135 16.274  3.120       2.095   8.6239  23.9109    46.03      nan      nan    6.607  nan      nan    nan   1.181     nan                                None     -34.017     -26.440     -34.872       0.066     -23.650       0.078
Gaia DR3 5877219989369479040 219.5694883 -63.0969185 14.735  2.041       0.744   8.8197  24.1630    38.46      nan      nan    6.366  nan      nan    nan   1.407     nan                                None     -28.697     -45.310     -28.852       0.014     -44.323       0.027
Gaia DR3 5838945813430206592 199.1321182 -74.8326646 11.178  0.900       1.095   8.8799  24.4257    46.68      nan      nan    6.325  nan      nan    nan   0.723     nan                                None     -32.624     -23.000     -32.720       0.013     -24.456       0.016
Gaia DR3 5877219989369479296 219.5646807 -63.0969807 15.097  2.172       1.255   8.8203  24.4880    38.46      nan      nan    6.264  nan      nan    nan   3.299     nan                                None     -28.235     -44.577     -29.759       0.041     -43.925       0.077
Gaia DR3 5840185585812497536 199.7140387 -72.9873206 16.481    nan       2.554   8.6237  25.0059    46.03      nan      nan    6.801  nan      nan    nan   1.152     nan                                None     -35.017     -27.217     -34.621       0.065     -23.577       0.097
Gaia DR3 5851909575289520128 209.6298106 -65.8008448  5.938  1.238       1.535   8.5595  25.2346    41.60      nan      nan    6.851  nan      nan    nan   0.781     nan                                None     -33.585     -40.973     -31.599       0.012     -39.988       0.015
Gaia DR3 5779249066547984384 230.9986316 -79.5867970 18.487  3.253       1.353   8.2644  25.6122    45.73      nan      nan    5.966  nan      nan    nan   0.994     nan                                None     -23.198     -31.908     -21.741       0.162     -31.029       0.159
Gaia DR3 5778420069139528064 234.5605073 -80.1355010 18.547  3.597       1.443   8.9217  25.6774    45.78      nan      nan    6.122  nan      nan    nan   0.986     nan                                None     -22.419     -33.589     -22.284       0.174     -31.733       0.161
Gaia DR3 5853368111834055168 215.2499046 -63.3487295 16.396  2.814       1.402   9.2886  25.7105    39.35      nan      nan    6.278  nan      nan    nan   1.762     nan                                None     -29.483     -42.509     -28.255       0.047     -41.119       0.073
Gaia DR3 5777689791559376768 255.8150750 -77.0608089 20.323  2.475       2.678   9.3943  25.7378    43.19      nan      nan    6.536  nan      nan    nan   1.117     nan                                None     -13.421     -46.028     -10.239       0.527     -47.899       0.509
Gaia DR3 5790681036833510144 205.6784702 -75.5628826 16.750  3.003       1.196   7.4664  25.9440    46.21      nan      nan    7.151  nan      nan    nan   1.597     nan                                None     -35.886     -29.137     -34.174       0.076     -28.570       0.075
Gaia DR3 5840048421735789952 196.3043367 -73.6866493 16.327  2.829       1.099   9.5755  26.1564    46.67      nan      nan    6.485  nan      nan    nan   1.042     nan                                None     -33.710     -23.265     -34.984       0.041     -22.468       0.045
Gaia DR3 5802836996877289600 254.9612817 -73.1985769 15.763  2.528       2.075   8.4304  26.3592    40.88      nan      nan    7.009  nan      nan    nan   1.082     nan                                None     -14.893     -53.338     -17.921       0.027     -52.853       0.037
Gaia DR3 5807475389760527744 253.2039774 -71.7019668 17.359  3.026       2.170   8.0388  26.5040    40.03      nan      nan    7.102  nan      nan    nan   1.002     nan                                None     -16.126     -55.168     -13.410       0.050     -56.949       0.062
Gaia DR3 5840747436259165056 205.3660405 -71.5431951 16.737  2.624       0.545   7.0532  26.6481    44.78      nan      nan    5.735  nan      nan    nan   1.044     nan                                None     -28.829     -27.081     -28.746       0.053     -26.427       0.061
Gaia DR3 5807354714059372416 243.8946383 -69.9246550 18.222  3.066       1.982   5.5511  27.0117    39.56      nan      nan    5.594  nan      nan    nan   1.004     nan                                None     -16.811     -42.644     -18.642       0.090     -41.192       0.125
Gaia DR3 5785173445655014400 207.5131620 -80.2175179 10.619  0.922       2.480  10.0169  27.3839    47.49      nan      nan    6.528  nan      nan    nan   2.825     nan                                None     -32.426     -22.375     -35.828       0.052     -22.650       0.072
Gaia DR3 5789377084768528000 197.9032611 -75.3814304 16.925  3.069       1.922   9.2825  27.4973    46.97      nan      nan    6.033  nan      nan    nan   0.916     nan                                None     -31.233     -20.722     -29.043       0.055     -19.635       0.059
Gaia DR3 5808623279903591552 248.2873597 -70.1332406 16.199  2.576       2.728   6.8765  27.6318    39.34      nan      nan    5.673  nan      nan    nan   0.987     nan                                None     -15.132     -44.234     -14.212       0.027     -47.364       0.033
Gaia DR3 5804965582672293888 257.5636751 -70.7962531 10.416  0.802       2.317   9.6143  27.9552    39.19      nan      nan    6.880  nan      nan    nan   1.733     nan                                None     -13.107     -55.392     -11.364       0.017     -52.518       0.026
Gaia DR3 5790868499270912640 199.4308797 -75.3691959 17.292  3.008       2.865   8.9020  27.9618    46.81      nan      nan    7.068  nan      nan    nan   1.054     nan                                None     -36.425     -25.235     -40.272       0.079     -23.383       0.092
Gaia DR3 5844040095636048256 202.2860558 -70.1583697 13.436  1.646       1.130   8.3829  28.1626    44.66      nan      nan    7.188  nan      nan    nan   0.986     nan                                None     -36.654     -33.731     -36.078       0.012     -35.344       0.013
Gaia DR3 5791255703467624576 211.9428370 -73.9031818 15.261  2.210       2.221   5.3130  28.1850    44.92      nan      nan    5.536  nan      nan    nan   1.026     nan                                None     -26.700     -26.974     -24.108       0.022     -26.985       0.030
Gaia DR3 5838541880342332672 196.3303744 -73.8338862 17.650  3.144       2.357   9.5657  28.5275    46.71      nan      nan    6.007  nan      nan    nan   1.012     nan                                None     -31.226     -21.413     -29.450       0.095     -19.013       0.106
Gaia DR3 5808408325379824896 253.1006429 -68.8805108 14.249  1.873       0.580   8.9240  28.7490    38.17      nan      nan    5.865  nan      nan    nan   1.029     nan                                None     -13.368     -47.922     -13.360       0.010     -47.205       0.014
Gaia DR3 5802805970033485568 256.3914938 -73.1233888 15.586  2.415       0.956   8.8468  28.9075    40.76      nan      nan    5.843  nan      nan    nan   1.019     nan                                None     -11.712     -44.816     -11.878       0.022     -43.650       0.030
Gaia DR3 5795466283239278208 229.5344760 -71.8666373 19.398    nan       1.638   0.7778  28.9623    42.06      nan      nan    5.375  nan      nan    nan   0.957     nan                                None     -21.375     -34.939     -22.994       0.469     -34.031       0.477
Gaia DR3 5789758752742817152 202.0818881 -76.6071120 16.476  2.979       2.929   8.6756  29.3095    46.90      nan      nan    5.794  nan      nan    nan   1.000     nan                                None     -29.567     -20.781     -28.470       0.046     -24.186       0.047
