GaiaDR3                               RA         DEC   Gmag  Bp-Rp  Voff(km/s) Sep(deg)   3D(pc) Vr(pred)  Vr(obs)    Vrerr Plx(mas)  SpT    FnuvJ  W1-W3    RUWE  XCrate                               RVsrc    PMRApred   PMDecpred        PMRA     PMRAerr       PMDec    PMDecerr
Gaia DR3 4707634458245031552   4.4471857 -66.3589292  7.606  0.929       0.000   0.0000   0.0000    30.64      nan      nan   12.493  nan      nan    nan   0.978     nan                                None      64.729      -5.138      64.729       0.018      -5.138       0.019
Gaia DR3 4707177503791637504   5.7211543 -66.7532860 14.298  2.428       2.911   0.6422   5.5589    30.87      nan      nan   13.414  nan      nan    nan  59.195     nan                                None      68.819      -3.506      76.938       0.782      -2.161       0.689
Gaia DR3 4705980243000615680  16.4106361 -65.6647837 13.882  2.385       1.479   4.9052   7.4258    32.62      nan      nan   13.009  nan      nan    nan   7.991     nan                                None      59.964       5.791      58.612       0.106       9.617       0.101
Gaia DR3 4705980238705783424  16.4141000 -65.6626591 19.386  1.084       1.243   4.9071   7.5424    32.62      nan      nan   13.057  nan      nan    nan   0.943     nan                                None      60.183       5.813      61.162       0.271       9.091       0.267
Gaia DR3 4902565397264053120  11.1660763 -61.6727497 16.509  3.035       2.654   5.5274  10.8001    31.71      nan      nan   11.464  nan      nan    nan   0.949     nan                                None      56.014      -4.789      49.664       0.049      -3.879       0.050
Gaia DR3 4905552667278031872   0.4180295 -61.7050320 12.218  1.911       2.846   4.9746  11.6477    29.55      nan      nan   14.207  nan      nan    nan   1.203     nan                                None      75.637     -17.897      79.073       0.011     -25.697       0.013
Gaia DR3 4709659513849934080  10.8686255 -64.6085189 20.457  2.528       2.816   3.1858  11.6999    31.72      nan      nan   11.021  nan      nan    nan   1.047     nan                                None      54.009      -1.075      47.665       0.581       0.524       0.748
Gaia DR3 4918806107423681920   4.6915643 -57.6499893 18.511  3.831       2.570   8.7097  12.2373    30.05      nan      nan   12.375  nan      nan    nan   1.007     nan                                None      64.000     -16.912      60.280       0.202     -11.333       0.176
Gaia DR3 6392002262437429248 340.8732407 -66.1198425 13.943  2.532       2.425   9.4451  13.6696    26.30      nan      nan   12.086  nan      nan    nan   1.352     nan                                None      68.098     -30.238      70.155       0.018     -36.065       0.020
Gaia DR3 4702410678501787776   6.9878301 -70.2191070  8.990  0.756       0.072   3.9721  14.3047    31.07      nan      nan   10.749  nan      nan    nan   1.018     nan                                None      54.578       2.568      54.655       0.016       2.423       0.016
Gaia DR3 6385012976257415680 338.2960420 -70.2262227 15.406  2.908       2.296  10.3158  14.3641    26.68      nan      nan   12.852  nan      nan    nan   1.353     nan                                None      72.318     -30.030      67.748       0.040     -34.250       0.039
Gaia DR3 4702410678501787520   6.9753648 -70.2170379 14.782  2.481       0.651   3.9690  14.4538    31.07      nan      nan   10.730  nan      nan    nan   1.023     nan                                None      54.488       2.550      53.019       0.023       2.631       0.020
Gaia DR3 4698134849580226176  30.1122275 -66.7320843 10.355  1.129       2.156  10.1498  14.7671    34.45      nan      nan   13.438  nan      nan    nan  11.204     nan                                None      49.859      20.043      55.087       0.322      16.887       0.325
Gaia DR3 4638531801705611904  26.6558192 -73.8291046 18.422  4.205       2.385  10.5086  15.3624    33.00      nan      nan   11.978  nan      nan    nan   1.095     nan                                None      47.426      25.820      43.893       0.211      20.942       0.209
Gaia DR3 4712416509191886080  22.5218468 -62.4438257 13.472  2.419       1.339   8.6932  15.4031    33.72      nan      nan   11.279  nan      nan    nan   1.148     nan                                None      47.803       5.375      45.498       0.014       3.177       0.014
Gaia DR3 4694994232052653184  33.6074463 -66.7627819 13.222    nan       2.435  11.5004  16.2919    34.85      nan      nan   12.238  nan      nan    nan   1.138     nan                                None      42.159      20.755      45.611       0.069      15.509       0.061
Gaia DR3 4694994232053559552  33.6080800 -66.7625054 11.348  1.397       2.855  11.5007  16.3615    34.85      nan      nan   12.189  nan      nan    nan   0.897     nan                                None      41.989      20.672      48.875       0.017      18.142       0.014
Gaia DR3 4920141983988171520   6.4398138 -54.9466707 16.742  3.392       2.306  11.4525  16.5223    30.14      nan      nan   12.053  nan      nan    nan   2.450     nan                                None      61.482     -18.510      66.593       0.108     -21.372       0.128
Gaia DR3 4706213957941043072  18.3146647 -64.1930706  9.807  1.052       2.137   6.1754  16.8133    32.97      nan      nan   15.352  nan      nan    nan   1.014     nan                                None      69.072       6.211      72.478       0.011       0.192       0.012
Gaia DR3 6382182249212043136 342.7319681 -73.5736330 15.735  3.041       1.582  10.2518  17.2402    27.86      nan      nan   14.481  nan      nan    nan   1.095     nan                                None      81.574     -22.964      77.925       0.034     -19.800       0.037
Gaia DR3 6354299768201561728 343.7487412 -77.3792535 19.156  3.696       2.862  12.6034  17.4692    28.40      nan      nan   12.863  nan      nan    nan   1.039     nan                                None      72.414     -14.080      64.693       0.267     -14.859       0.321
Gaia DR3 4713212899207567360  32.4590979 -61.9886880 10.778  1.215       1.272  12.8310  18.0161    35.24      nan      nan   13.314  nan      nan    nan   0.980     nan                                None      47.048      13.534      43.777       0.012      12.101       0.012
Gaia DR3 6385218172615014784 338.3690760 -69.2957433 11.566  1.461       2.403  10.1813  18.1244    26.51      nan      nan   11.098  nan      nan    nan   1.083     nan                                None      62.451     -26.867      64.484       0.014     -21.626       0.015
Gaia DR3 4910031940211331456  22.9074644 -56.4191890 14.742  2.837       0.650  13.2006  18.4148    33.85      nan      nan   13.212  nan      nan    nan   1.348     nan                                None      55.661      -3.290      56.604       0.024      -4.833       0.022
Gaia DR3 4910019948662644352  22.9506444 -56.4687318 13.020  2.065       0.452  13.1727  18.4205    33.86      nan      nan   13.268  nan      nan    nan   1.070     nan                                None      55.862      -3.187      57.085       0.012      -3.502       0.011
Gaia DR3 4713668715496885376  32.6745012 -61.2606546 14.732  2.771       2.693  13.3162  18.5233    35.33      nan      nan   13.142  nan      nan    nan   1.182     nan                                None      46.223      12.270      39.108       0.024      14.511       0.022
Gaia DR3 4910019948662828544  22.9498167 -56.4683925 18.972    nan       0.682  13.1727  18.6830    33.86      nan      nan   13.533  nan      nan    nan   1.028     nan                                None      56.976      -3.252      58.144       0.335      -4.807       0.286
Gaia DR3 4924930906883506560   9.7367168 -52.5343954  8.117  0.615       2.632  14.0714  19.4692    30.64      nan      nan   12.976  nan      nan    nan   0.943     nan                                None      64.291     -20.400      62.158       0.014     -27.276       0.018
Gaia DR3 6521277994908662272 359.3667059 -53.3313352 13.832  2.594       1.212  13.2646  19.6639    28.09      nan      nan   14.108  nan      nan    nan   1.229     nan                                None      75.576     -31.500      77.468       0.013     -34.569       0.015
Gaia DR3 6380614998466271360 348.9293321 -72.4646827 10.461  1.001       2.952   8.1408  19.7828    28.58      nan      nan   10.477  nan      nan    nan   1.057     nan                                None      58.511     -11.735      60.170       0.014     -18.041       0.016
Gaia DR3 6399421693887022080 328.7012018 -65.1083564 19.756  3.250       2.800  14.5417  20.1073    23.72      nan      nan   12.802  nan      nan    nan   1.021     nan                                None      70.401     -47.065      63.314       0.310     -44.439       0.377
Gaia DR3 4907437951762697216  15.9513409 -57.3016726 13.885  2.151       2.558  10.5237  20.1179    32.48      nan      nan   10.809  nan      nan    nan   1.175     nan                                None      50.101      -6.394      55.351       0.013      -3.863       0.015
Gaia DR3 4924237596082335872   5.0370711 -53.3670783 12.784  1.903       2.349  12.9951  20.3599    29.57      nan      nan   11.427  nan      nan    nan   1.322     nan                                None      58.942     -20.697      54.604       0.012     -24.332       0.015
Gaia DR3 6499176058843494144 349.6819840 -55.0675785 15.629  2.744       2.822  13.3291  20.5001    25.88      nan      nan   11.519  nan      nan    nan   1.073     nan                                None      64.211     -32.383      67.387       0.023     -26.310       0.026
Gaia DR3 4702999226460020736   2.7952884 -69.8724498 16.505  3.069       2.881   3.5667  20.7657    30.46      nan      nan    9.995  nan      nan    nan   1.278     nan                                None      52.403      -1.554      50.104       0.067       4.065       0.062
Gaia DR3 4699094345273900800  30.4646327 -65.3960711  8.919  0.849       2.723  10.5987  20.8088    34.65      nan      nan   10.709  nan      nan    nan   1.115     nan                                None      39.454      14.375      45.425       0.014      12.921       0.013
Gaia DR3 6521528786639968256 357.3465306 -52.8379609 15.136  2.518       0.917  13.9690  21.4666    27.45      nan      nan   11.491  nan      nan    nan   1.046     nan                                None      62.223     -27.979      61.958       0.016     -25.774       0.021
Gaia DR3 6377724897792245632 358.5277798 -75.9338940 11.150  1.150       2.783   9.7523  21.6915    29.91      nan      nan   10.437  nan      nan    nan   0.842     nan                                None      56.168       1.460      50.780       0.014       4.369       0.015
Gaia DR3 4700672900373529472  32.4586118 -64.3920228 13.184  2.102       1.645  11.7326  21.7137    35.01      nan      nan   15.626  nan      nan    nan  17.943     nan                                None      55.217      20.741      51.315       0.216      16.980       0.197
Gaia DR3 6384644708581656704 344.6208256 -69.5421190 13.409  2.437       2.655   8.0488  22.0002    27.57      nan      nan   16.578  nan      nan    nan   1.188     nan                                None      93.254     -30.190      95.666       0.012     -21.230       0.012
Gaia DR3 6355683159989892992 330.9413746 -77.2313979 14.609  2.835       2.896  14.6877  22.2384    27.08      nan      nan   14.634  nan      nan    nan   3.315     nan                                None      81.116     -34.141      73.312       0.122     -38.491       0.136
Gaia DR3 4914402636370132352  19.7737384 -53.8506011  8.754  0.696       2.913  14.5676  22.2696    33.10      nan      nan   11.496  nan      nan    nan   0.952     nan                                None      50.710      -8.728      50.450       0.011     -15.783       0.013
Gaia DR3 6405821955367888256 334.8592556 -63.0914589  9.269  0.763       2.729  12.9134  22.7829    24.37      nan      nan   10.855  nan      nan    nan   1.268     nan                                None      60.777     -36.013      56.945       0.011     -40.943       0.014
Gaia DR3 6399222274261203200 332.5459364 -65.1489633 13.875  2.471       1.373  13.0120  23.0428    24.47      nan      nan   15.716  nan      nan    nan  15.264     nan                                None      87.527     -52.425      83.251       0.233     -50.871       0.316
Gaia DR3 6404837067826891264 339.1422565 -63.8037723 10.297  1.168       2.204  10.8815  23.0444    25.44      nan      nan   16.339  nan      nan    nan   1.009     nan                                None      92.000     -47.004      84.410       0.012     -47.086       0.013
Gaia DR3 6505069131930710144 339.9148245 -55.9810071 14.129  2.591       2.829  15.5519  23.0619    23.55      nan      nan   11.688  nan      nan    nan   3.142     nan                                None      65.841     -41.115      68.792       0.032     -34.801       0.034
Gaia DR3 4702388379031418752   9.1277248 -69.9717592 16.547  2.901       1.803   4.0077  23.8086    31.38      nan      nan    9.710  nan      nan    nan   1.357     nan                                None      48.384       3.759      44.881       0.065       2.599       0.068
Gaia DR3 4633484008246954240  25.0475897 -78.0063531 17.490  3.477       0.838  13.0737  23.8617    32.06      nan      nan   10.694  nan      nan    nan   1.070     nan                                None      43.528      27.235      41.638       0.102      27.271       0.087
Gaia DR3 6401313957694504320 320.8540844 -66.1745206 17.596  3.682       2.396  17.1904  24.1741    22.62      nan      nan   12.279  nan      nan    nan   0.929     nan                                None      64.829     -52.293      69.039       0.082     -56.846       0.102
Gaia DR3 6370813642578833536 323.8735603 -73.1306371 17.059  3.212       2.867  15.1936  24.4045    25.29      nan      nan   11.146  nan      nan    nan   1.023     nan                                None      59.925     -37.683      58.557       0.059     -44.279       0.072
Gaia DR3 4906761820830908032   9.0043935 -59.7173134  6.827  0.495       2.719   6.9511  24.4977    31.18      nan      nan   17.558  nan      nan    nan   1.016     nan                                None      87.593     -14.163      78.007       0.017     -17.228       0.019
Gaia DR3 6493131115712461056 346.5918438 -58.0003706 11.596  1.588       1.260  11.7227  25.0894    25.77      nan      nan   10.259  nan      nan    nan  12.593     nan                                None      57.559     -28.562      58.002       0.106     -25.873       0.116
Gaia DR3 4693035795686287488  29.1140626 -71.4604601 13.607  2.176       1.143  10.1324  25.1585    33.65      nan      nan   10.036  nan      nan    nan  19.336     nan                                None      37.973      20.308      36.704       0.259      18.250       0.277
Gaia DR3 6410756013797265920 327.4125533 -58.5565977 17.227  3.484       2.269  18.4603  25.6679    21.27      nan      nan   12.503  nan      nan    nan   1.014     nan                                None      68.392     -54.118      67.653       0.059     -48.185       0.075
Gaia DR3 6383997955226008576 345.0694723 -71.5134504 13.603  2.058       2.555   8.6013  25.7336    27.92      nan      nan    9.811  nan      nan    nan   1.038     nan                                None      55.165     -15.485      60.384       0.012     -16.318       0.014
Gaia DR3 4702387447023742592   9.2892510 -69.9796654 16.774  0.182       1.290   4.0409  25.8908    31.40      nan      nan    9.514  nan      nan    nan   1.082     nan                                None      47.336       3.817      44.958       0.064       2.797       0.059
Gaia DR3 6506924484787136896 338.5719020 -54.1383184 18.380  3.773       2.425  17.4865  25.9919    22.64      nan      nan   11.601  nan      nan    nan   1.049     nan                                None      65.296     -43.882      66.850       0.133     -49.606       0.166
Gaia DR3 6405809822083607424 335.0527537 -63.3118145 17.049 -0.146       1.483  12.7351  26.1057    24.47      nan      nan   10.276  nan      nan    nan   1.039     nan                                None      57.560     -33.717      54.349       0.051     -33.622       0.069
Gaia DR3 4634887470417123584  16.4520394 -78.6170130 13.541  2.455       0.207  12.7167  26.1059    31.32      nan      nan   17.002  nan      nan    nan   1.104     nan                                None      78.329      33.655      77.588       0.037      33.612       0.032
Gaia DR3 6524294986098158080 358.6609741 -47.6850406 15.832  2.881       1.436  18.9185  26.3865    26.70      nan      nan   12.424  nan      nan    nan   0.960     nan                                None      66.815     -35.455      70.482       0.025     -34.624       0.034
Gaia DR3 4693035795686287360  29.1102955 -71.4601464 17.937  3.106       0.427  10.1311  26.4081    33.65      nan      nan    9.888  nan      nan    nan   0.985     nan                                None      37.415      20.005      38.289       0.119      19.831       0.121
Gaia DR3 6353894735607163008 341.7061284 -77.9681855 15.135  2.847       1.522  13.3334  26.5309    28.26      nan      nan   16.999  nan      nan    nan   1.115     nan                                None      95.781     -20.897      98.990       0.029     -25.307       0.029
Gaia DR3 6356639357148871424 320.5372333 -76.8636696 17.580  3.870       2.827  16.7123  26.5769    25.94      nan      nan   15.779  nan      nan    nan   0.977     nan                                None      83.139     -52.516      80.148       0.089     -61.432       0.090
Gaia DR3 6486216836841052672 357.2797289 -62.6312442 15.163  2.293       2.182   4.8335  27.0932    29.00      nan      nan    9.434  nan      nan    nan   1.094     nan                                None      51.104     -13.397      55.015       0.024     -15.275       0.026
Gaia DR3 4710468655623809152  17.8993165 -61.6190121 13.967  2.765       2.988   7.5413  27.3354    32.95      nan      nan   18.480  nan      nan    nan   1.144     nan                                None      83.594       1.164      90.280       0.017      -8.366       0.015
Gaia DR3 6514902201856451968 344.3893441 -49.3285195 14.399  2.685       0.871  19.8983  27.3371    22.82      nan      nan   13.700  nan      nan    nan   1.149     nan                                None      77.086     -51.184      77.714       0.016     -53.619       0.023
Gaia DR3 4907403037972497792  14.9880560 -57.7009335  9.062  0.934       2.275   9.9402  27.4799    32.30      nan      nan   18.153  nan      nan    nan  33.664     nan                                None      85.108     -11.074      83.947       0.453      -2.446       0.456
Gaia DR3 6510323663640010880 335.1307137 -52.8840486 10.701  1.186       1.087  19.6981  27.7946    21.28      nan      nan   12.189  nan      nan    nan   1.024     nan                                None      68.285     -50.648      66.463       0.011     -52.764       0.013
Gaia DR3 6392767831768063360 341.5253422 -64.2098103 16.382  3.576       1.512   9.7622  27.7963    26.02      nan      nan   18.307  nan      nan    nan   1.048     nan                                None     103.152     -48.105     102.749       0.038     -53.924       0.045
Gaia DR3 6494594806207102848 356.4040573 -58.4314447 16.951  3.111       1.947   8.7437  27.9764    28.23      nan      nan    9.587  nan      nan    nan   1.003     nan                                None      52.156     -18.552      53.989       0.057     -15.071       0.058
Gaia DR3 4910846403449343360  21.6893177 -55.8733564 13.052  1.730       1.557  13.2971  28.0001    33.59      nan      nan   10.102  nan      nan    nan   0.972     nan                                None      43.352      -3.958      40.116       0.010      -3.241       0.010
Gaia DR3 4613644974485983104  49.6321071 -85.2109761 10.489  1.100       1.343  20.5324  28.5984    30.82      nan      nan   12.436  nan      nan    nan   1.000     nan                                None      25.870      58.578      28.981       0.015      56.932       0.016
Gaia DR3 4672884393249547392  54.5995195 -64.5325528  9.888  0.902       2.207  20.3566  28.6106    37.05      nan      nan   12.251  nan      nan    nan   0.973     nan                                None      19.835      27.635      21.128       0.014      33.186       0.012
Gaia DR3 4704698070708068480  18.9075692 -66.8258211 12.017  1.431       0.847   5.7505  28.7921    32.94      nan      nan    9.320  nan      nan    nan   1.411     nan                                None      41.604       7.142      43.241       0.019       7.442       0.014
Gaia DR3 6487502543891437184 358.8782548 -62.5100115 16.894  3.747       2.192   4.5338  29.1526    29.32      nan      nan   19.480  nan      nan    nan   1.020     nan                                None     104.639     -25.314     113.592       0.075     -24.382       0.072
Gaia DR3 6426114370172462464 310.0993585 -65.8509030 14.068  2.760       2.582  21.3259  29.1952    20.67      nan      nan   13.827  nan      nan    nan   2.762     nan                                None      66.646     -71.255      73.556       0.027     -74.235       0.041
Gaia DR3 6377591513288423552 352.3922668 -76.3077397 10.959  1.035       2.021  10.6206  29.2835    29.25      nan      nan    9.618  nan      nan    nan   0.887     nan                                None      53.184      -3.723      52.134       0.014      -7.684       0.014
Gaia DR3 6449773936257822080 318.0198536 -64.1812915 17.123  3.482       2.687  19.0893  29.2895    21.37      nan      nan   11.264  nan      nan    nan   1.027     nan                                None      58.303     -52.435      58.969       0.046     -46.089       0.072
Gaia DR3 4916379691420722432  25.6958047 -51.4464625 14.638  3.317       2.024  18.3175  29.3130    34.21      nan      nan   10.985  nan      nan    nan   6.805     nan                                None      44.225      -7.801      46.139       0.096     -12.079       0.129
Gaia DR3 6422764020803430272 305.6882405 -69.9146365 11.364  1.437       1.900  21.2852  29.4472    21.76      nan      nan   12.600  nan      nan    nan   1.085     nan                                None      57.722     -65.159      52.811       0.011     -63.999       0.014
Gaia DR3 6361337879571615488 300.5180900 -81.0424524 15.663  3.001       0.702  21.1969  29.5301    25.78      nan      nan   14.544  nan      nan    nan   0.976     nan                                None      62.055     -66.654      60.343       0.030     -65.349       0.031
Gaia DR3 4709641852943726208  10.8913422 -64.8040718 13.994  2.702       2.601   3.0825  29.7862    31.72      nan      nan   19.821  nan      nan    nan   1.226     nan                                None      97.114      -1.446      88.719       0.016      -8.351       0.018
Gaia DR3 6450618395546460928 311.6115490 -63.4643839 10.193  1.062       1.802  21.9057  29.8811    19.90      nan      nan   13.276  nan      nan    nan   0.879     nan                                None      64.987     -69.240      61.294       0.009     -65.803       0.010
Gaia DR3 4937816255447913088  32.7948466 -49.8409157 14.098  2.889       0.509  21.9181  29.9153    35.53      nan      nan   13.202  nan      nan    nan  12.449     nan                                None      46.312      -7.326      47.285       0.444      -8.355       0.523
