GaiaDR3                               RA         DEC   Gmag  Bp-Rp  Voff(km/s) Sep(deg)   3D(pc) Vr(pred)  Vr(obs)    Vrerr Plx(mas)  SpT    FnuvJ  W1-W3    RUWE  XCrate                               RVsrc    PMRApred   PMDecpred        PMRA     PMRAerr       PMDec    PMDecerr
Gaia DR3 4728513943538448512  44.2620054 -56.1918623  8.742  1.063       0.000   0.0000   0.0000    -0.05      nan      nan   25.885  nan      nan    nan   0.994     nan                                None     -36.661      50.558     -36.661       0.015      50.558       0.015
Gaia DR3 4728513634300803968  44.2604609 -56.2163662 10.300  1.505       1.464   0.0245   0.0210    -0.06      nan      nan   25.893  nan      nan    nan   1.518     nan                                None     -36.673      50.576     -35.230       0.056      58.438       0.031
Gaia DR3 4728513630006428800  44.2605665 -56.2161244  9.751  1.471       1.149   0.0243   0.2007    -0.06      nan      nan   26.019  nan      nan    nan   1.675     nan                                None     -36.851      50.822     -36.365       0.034      44.539       0.026
Gaia DR3 4754281715793532672  47.3730543 -45.2650076 17.751  4.309       2.126  11.1000   7.8899     1.44      nan      nan   24.665  nan      nan    nan   2.139     nan                                None     -37.047      45.968     -26.650       0.198      49.731       0.259
Gaia DR3 4694260956582093440  26.4133844 -69.2014372 18.304  4.509       2.501  15.2422  10.9203    -1.54      nan      nan   24.221  nan      nan    nan   1.105     nan                                None     -20.653      54.101      -9.539       0.179      47.808       0.153
Gaia DR3 4845158589508752640  59.5840480 -38.2776416 14.013  2.788       1.920  20.6109  14.4283     1.19      nan      nan   24.402  nan      nan    nan   1.200     nan                                None     -43.757      38.912     -35.973       0.013      44.988       0.018
Gaia DR3 4723084452041165440  50.9324253 -59.9129332 15.206  2.987       1.344   5.1241  15.1103    -1.07      nan      nan   18.801  nan      nan    nan   1.071     nan                                None     -29.978      33.776     -35.056       0.026      32.164       0.031
Gaia DR3 4985404248272413440  19.8891119 -39.3623768  7.510  0.776       2.310  23.2441  15.6627     4.24      nan      nan   25.586  nan      nan    nan   0.961     nan                                None     -15.940      55.066      -4.365       0.013      50.451       0.012
Gaia DR3 5481272932860894464  91.3985551 -61.7564050 13.594  2.603       1.792  24.3427  20.3499    -4.44      nan      nan   20.891  nan      nan    nan   1.214     nan                                None     -44.881      11.970     -52.437       0.023       9.686       0.024
Gaia DR3 5481272932860894720  91.4245838 -61.7485363  7.701  0.737       1.604  24.3561  20.3711    -4.44      nan      nan   20.882  nan      nan    nan   0.914     nan                                None     -44.862      11.950     -51.733       0.026      10.318       0.021
Gaia DR3 5070595856597335040  39.3644597 -26.5829041 11.974  2.137       2.298  29.8190  20.4460     5.02      nan      nan   24.681  nan      nan    nan   1.283     nan                                None     -31.422      43.322     -29.442       0.017      55.111       0.021
Gaia DR3 5070595856596619136  39.3630696 -26.5860448 18.334  4.643       2.822  29.8160  20.6044     5.01      nan      nan   24.406  nan      nan    nan   1.146     nan                                None     -31.072      42.842     -25.702       0.154      56.333       0.200
Gaia DR3 4696326084232338688  38.5361192 -66.4006968 14.819  2.531       2.151  10.5621  21.0362    -1.44      nan      nan   17.305  nan      nan    nan   1.082     nan                                None     -21.596      35.343     -19.417       0.026      42.882       0.021
Gaia DR3 5210000011010416256 120.4302959 -77.7076432 12.716  2.399       0.996  32.8412  21.2550    -6.08      nan      nan   27.747  nan      nan    nan   1.338     nan                                None     -52.950     -20.331     -55.229       0.019     -14.967       0.021
Gaia DR3 6502347114801677568 348.4083032 -50.7373400 13.918  2.870       2.147  32.7551  21.2766     2.22      nan      nan   27.425  nan      nan    nan   1.215     nan                                None      14.889      63.185      26.736       0.014      66.887       0.015
Gaia DR3 6502347119097885952 348.4078924 -50.7369803 14.711    nan       1.467  32.7556  21.2897     2.22      nan      nan   27.374  nan      nan    nan   1.251     nan                                None      14.861      63.067      23.244       0.048      61.877       0.056
Gaia DR3 5481108762030796800  93.3379311 -61.8345415 15.469  2.988       2.334  25.2360  23.0236    -4.61      nan      nan   19.595  nan      nan    nan   1.051     nan                                None     -42.115       9.947     -36.250       0.040      17.597       0.031
Gaia DR3 4944569284066691456  34.5129092 -43.5759395 15.757  2.961       2.660  14.0617  23.1352     2.71      nan      nan   17.059  nan      nan    nan   1.096     nan                                None     -19.142      35.103     -16.794       0.024      25.831       0.031
Gaia DR3 4782764259569864448  64.5696959 -48.9309330 17.677  4.044       2.986  14.2434  23.4288    -0.73      nan      nan   16.990  nan      nan    nan   0.987     nan                                None     -32.099      25.360     -42.620       0.118      23.445       0.112
Gaia DR3 4847404513807280512  48.6000836 -44.6856948 16.148  3.431       1.824  11.8273  23.5335     1.42      nan      nan   16.674  nan      nan    nan   2.171     nan                                None     -25.587      30.641     -20.079       0.172      33.920       0.212
Gaia DR3 4828948798818082816  59.6765566 -50.1816272 12.148  1.898       2.922  10.9822  24.1028    -0.40      nan      nan   16.427  nan      nan    nan   1.169     nan                                None     -29.487      26.444     -29.110       0.011      36.557       0.016
Gaia DR3 4847404513806851584  48.6051844 -44.6895568 10.266  1.163       1.431  11.8243  24.2025     1.42      nan      nan   16.479  nan      nan    nan   1.078     nan                                None     -25.290      30.281     -20.458       0.013      29.109       0.016
Gaia DR3 4847404513805672832  48.6003988 -44.6859789 16.327    nan       1.497  11.8271  24.2286     1.42      nan      nan   16.471  nan      nan    nan   1.070     nan                                None     -25.277      30.269     -20.299       0.084      28.777       0.103
Gaia DR3 4746623209285846528  37.5222390 -49.5031819 13.997  2.493       2.636   7.8216  25.1598     1.50      nan      nan   15.904  nan      nan    nan   1.220     nan                                None     -19.352      32.749     -28.106       0.014      31.526       0.016
Gaia DR3 5040058948360482432  19.8283053 -25.0889702 12.499  2.483       2.712  35.7954  25.3452     6.63      nan      nan   23.356  nan      nan    nan  18.284     nan                                None     -14.500      43.567     -27.846       0.370      43.143       0.250
Gaia DR3 4814676450694834816  71.0906434 -43.3932755 11.246  1.655       1.574  21.3090  25.5788    -0.80      nan      nan   17.430  nan      nan    nan  10.685     nan                                None     -34.746      23.504     -36.692       0.157      18.058       0.168
Gaia DR3 4678831750426891904  67.9866233 -59.2949215 11.057  1.730       2.764  12.9610  26.6624    -2.27      nan      nan   15.907  nan      nan    nan   8.566     nan                                None     -30.973      21.353     -37.490       0.116      27.942       0.124
Gaia DR3 5513998895734764544 120.3546451 -50.5740676 14.108  3.165       1.368  43.3843  27.1050    -6.98      nan      nan   29.763  nan      nan    nan  11.249     nan                                None     -56.835      -1.953     -48.457       0.185      -3.814       0.190
Gaia DR3 5490938670862242176 111.8572920 -53.3422905 17.453  4.306       2.923  37.5161  27.2755    -6.13      nan      nan   22.501  nan      nan    nan   1.016     nan                                None     -45.775       2.213     -32.694       0.097      -2.385       0.101
Gaia DR3 4926358176055606912   9.4710665 -50.1944055 15.115  2.769       2.408  21.4322  27.6464     2.49      nan      nan   16.741  nan      nan    nan   1.080     nan                                None      -4.031      39.217       4.348       0.017      40.636       0.021
Gaia DR3 4867026192158206208  71.4201854 -35.7907739 14.936  2.738       2.780  27.4374  27.7984     0.01      nan      nan   17.973  nan      nan    nan   1.147     nan                                None     -35.912      24.306     -41.247       0.020      33.388       0.024
Gaia DR3 5116912852636676864  35.9208567 -26.9551767 17.097  4.013       2.972  29.8464  28.0317     5.27      nan      nan   18.550  nan      nan    nan   5.913     nan                                None     -21.645      33.304     -33.156       0.488      31.710       0.482
Gaia DR3 6405457982659103872 333.4614317 -63.7020232 14.630  4.068       2.776  34.3124  28.2761    -0.73      nan      nan   72.075  nan      nan    nan   1.227     nan                                None      76.463     155.784     116.016       0.031     170.431       0.038
Gaia DR3 5110641302736199424  58.5834057 -14.6269964 15.694  4.402       2.549  42.9899  28.3459     4.27      nan      nan   56.205  nan      nan    nan  10.725     nan                                None     -99.607      76.879     -70.950       0.548      86.403       0.453
Gaia DR3 5247734631601481216 143.7174327 -65.6816990 12.453  2.285       2.244  43.9836  29.2776    -7.98      nan      nan   25.304  nan      nan    nan   1.299     nan                                None     -34.462     -26.915     -22.507       0.020     -26.347       0.016
Gaia DR3 6476635898675746304 315.5764333 -52.2910535  8.995  1.281       3.000  48.3054  29.3280     0.10      nan      nan   32.273  nan      nan    nan   0.975     nan                                None      51.109      58.740      57.492       0.012      78.123       0.010
Gaia DR3 5531642728763228032 114.6309660 -45.6517312 15.835  3.402       2.795  43.5433  29.9627    -6.34      nan      nan   23.942  nan      nan    nan   1.094     nan                                None     -47.848       4.806     -57.300       0.038      15.276       0.036
Gaia DR3 5531644957847166848 114.8419833 -45.6397324 11.537  1.992       2.764  43.6633  29.9985    -6.36      nan      nan   23.995  nan      nan    nan   0.884     nan                                None     -47.882       4.697     -57.107       0.014      15.203       0.013
