GaiaDR3                               RA         DEC   Gmag  Bp-Rp  Voff(km/s) Sep(deg)   3D(pc) Vr(pred)  Vr(obs)    Vrerr Plx(mas)  SpT    FnuvJ  W1-W3    RUWE  XCrate                               RVsrc    PMRApred   PMDecpred        PMRA     PMRAerr       PMDec    PMDecerr
Gaia DR3 1491634483976350720 216.9234720  41.9529721  9.659  1.121       0.000   0.0000   0.0000     1.17      nan      nan   18.167  nan      nan    nan   1.083     nan                                None     -92.254    -101.233     -92.254       0.010    -101.233       0.012
Gaia DR3 1585341977360165376 224.5771239  42.3408589 14.191  2.639       2.704   5.6859  13.6733    -1.50      nan      nan   14.856  nan      nan    nan   1.188     nan                                None     -82.504     -75.690     -79.105       0.016     -67.933       0.017
Gaia DR3 1608550262641074048 216.7469558  54.5001349 14.142  2.771       1.792  12.5477  13.8988    -4.55      nan      nan   21.438  nan      nan    nan   1.319     nan                                None    -108.604    -118.030    -104.392       0.020    -124.948       0.020
Gaia DR3 1588454729138639488 228.4965914  48.1448285 15.116  3.233       2.336  10.2381  14.2550    -5.16      nan      nan   22.831  nan      nan    nan   1.067     nan                                None    -131.485    -108.412    -120.745       0.027    -111.733       0.028
Gaia DR3 1613609390518656128 224.1760736  57.3066080 11.159  1.834       1.257  16.0344  16.2071    -7.58      nan      nan   21.146  nan      nan    nan   1.210     nan                                None    -116.959    -103.048    -111.708       0.022    -105.005       0.023
Gaia DR3 1277969103769348736 228.9794703  31.8641143 13.600  2.556       1.977  13.9263  16.3588     1.17      nan      nan   22.816  nan      nan    nan   1.220     nan                                None    -131.935    -110.368    -134.688       0.011    -119.469       0.012
Gaia DR3 1274165721250305152 234.5398952  31.6906572 12.867  2.151       2.627  17.3835  17.5890    -1.08      nan      nan   17.016  nan      nan    nan   1.224     nan                                None    -102.487     -77.174     -95.423       0.012     -83.412       0.016
Gaia DR3 1283149109210434688 223.3420365  31.2966568 13.974  2.343       2.764  11.8271  19.4771     3.64      nan      nan   14.336  nan      nan    nan   1.070     nan                                None     -78.610     -73.443     -72.974       0.009     -67.276       0.016
Gaia DR3 1466112654431603968 198.0334077  31.4300786 14.676  2.883       1.547  18.3766  20.2204    11.78      nan      nan   23.890  nan      nan    nan   1.103     nan                                None     -84.546    -147.662     -81.821       0.021    -140.362       0.019
Gaia DR3 1664725583013974144 207.7560778  62.6910030 14.760  2.937       2.401  21.4321  20.7555    -6.61      nan      nan   17.743  nan      nan    nan   1.956     nan                                None     -77.897    -105.984     -68.915       0.039    -106.075       0.034
Gaia DR3 1215044431268200448 230.0106973  22.0155646 16.028  3.052       2.056  22.7564  21.6721     4.61      nan      nan   18.248  nan      nan    nan   0.961     nan                                None    -106.410     -85.488    -113.609       0.042     -88.765       0.050
Gaia DR3 1460794110529927424 195.3412894  27.8376769 13.281  2.288       1.305  22.5267  22.4376    14.26      nan      nan   17.092  nan      nan    nan   0.979     nan                                None     -56.131    -104.054     -60.213       0.015    -101.717       0.020
Gaia DR3 1239833367592897664 215.4210348  19.3620834  8.465  0.753       1.552  22.6268  22.8075    11.82      nan      nan   16.870  nan      nan    nan   0.996     nan                                None     -83.910     -85.927     -80.087       0.019     -81.946       0.018
Gaia DR3 1533568375694548480 187.7910672  39.4055054 18.501  0.905       2.032  22.1319  23.4271     9.59      nan      nan   16.158  nan      nan    nan   1.059     nan                                None     -40.922    -110.058     -47.398       0.126    -107.612       0.177
Gaia DR3 1693691701450961792 224.1012547  67.9663516 19.926  3.053       1.432  26.2976  24.4716   -11.71      nan      nan   19.460  nan      nan    nan   1.061     nan                                None    -107.552     -87.567    -102.891       0.541     -91.143       0.469
Gaia DR3 1660787991356809856 209.2056075  59.7373094 13.294  2.188       2.946  18.4106  25.0962    -5.41      nan      nan   14.219  nan      nan    nan   1.343     nan                                None     -64.088     -84.464     -70.513       0.015     -78.405       0.013
Gaia DR3 1532904927801387136 184.2815641  39.9619416 13.970  2.330       2.619  24.5821  27.6216     9.80      nan      nan   15.266  nan      nan    nan   1.094     nan                                None     -33.089    -105.690     -36.246       0.017     -97.873       0.019
Gaia DR3 1178675026162099968 220.1255614  12.5589660 19.015  3.624       2.374  29.5260  28.0174    12.65      nan      nan   24.457  nan      nan    nan   1.041     nan                                None    -129.340    -114.224    -138.299       0.337    -122.567       0.352
Gaia DR3 1204040621979138048 237.6067055  19.9248637 15.668  3.048       2.416  28.1232  28.0811     1.88      nan      nan   16.868  nan      nan    nan   1.058     nan                                None    -103.425     -73.806    -107.702       0.033     -66.354       0.036
