GaiaDR3                               RA         DEC   Gmag  Bp-Rp  Voff(km/s) Sep(deg)   3D(pc) Vr(pred)  Vr(obs)    Vrerr Plx(mas)  SpT    FnuvJ  W1-W3    RUWE  XCrate                               RVsrc    PMRApred   PMDecpred        PMRA     PMRAerr       PMDec    PMDecerr
Gaia DR3 2296342614570999552 282.7952590  82.2454137 11.361  0.785       0.000   0.0000   0.0000     1.59     1.59     0.52    2.887  nan      nan    nan   0.846     nan                            Gaia_DR3       2.966      -4.657       2.966       0.014      -4.657       0.014
Gaia DR3 2296423149501898112 286.7837288  82.2267285 16.886  2.379       2.427   0.5390   5.9707     1.63      nan      nan    2.929  nan      nan    nan   1.029     nan                                None       2.667      -4.921       2.688       0.065      -3.422       0.065
Gaia DR3 2295947370204763904 277.6603895  81.4025110 18.516  2.571       2.629   1.1145   7.1581     1.63      nan      nan    2.867  nan      nan    nan   0.955     nan                                None       3.355      -4.331       2.178       0.145      -5.399       0.147
Gaia DR3 2296538362000649088 280.5956302  83.0015191  9.742  0.622       2.017   0.8070   8.7755     1.46   -22.86     0.24    2.828  nan      nan    nan   1.128     nan                            Gaia_DR3       3.081      -4.459       2.909       0.020      -3.269       0.018
Gaia DR3 2295648822733741568 289.7225425  81.8437086 18.103  2.691       2.436   1.0387  10.1065     1.71      nan      nan    2.955  nan      nan    nan   1.098     nan                                None       2.428      -5.087       1.952       0.136      -3.645       0.136
Gaia DR3 2301639133880461568 293.0538841  82.2195415 17.509  2.313       2.611   1.3849  10.2443     1.69      nan      nan    2.839  nan      nan    nan   0.946     nan                                None       2.039      -5.020       3.269       0.080      -4.055       0.081
Gaia DR3 2296816431066819328 273.6193042  83.8342524 19.234  2.913       0.814   1.9345  12.1145     1.28      nan      nan    2.862  nan      nan    nan   1.674     nan                                None       3.653      -4.116       3.577       0.420      -4.601       0.435
Gaia DR3 2296093025431422720 270.5026466  81.3793246 16.531  2.120       2.976   1.9481  13.1670     1.52      nan      nan    2.840  nan      nan    nan   1.011     nan                                None       3.844      -3.846       2.657       0.045      -2.518       0.044
Gaia DR3 2296258566354868992 271.5862802  82.2763316 18.294  2.915       2.588   1.5074  17.6556     1.43      nan      nan    2.767  nan      nan    nan   1.139     nan                                None       3.672      -3.830       2.659       0.169      -2.711       0.163
Gaia DR3 2294184749986514560 279.8702884  79.3906490 19.844  3.104       2.277   2.8918  18.2940     1.92      nan      nan    2.937  nan      nan    nan   1.078     nan                                None       3.259      -4.524       4.180       0.391      -3.458       0.360
Gaia DR3 2301609442770486528 298.9646182  83.0900034 17.349  2.378       2.762   2.2204  19.3687     1.60      nan      nan    3.011  nan      nan    nan   4.807     nan                                None       1.592      -5.531       2.466       0.381      -7.051       0.370
Gaia DR3 1710979284119821312 265.1510960  82.5791167 17.230  2.509       2.812   2.3441  20.6919     1.30      nan      nan    2.769  nan      nan    nan   1.043     nan                                None       4.089      -3.404       2.804       0.071      -4.425       0.071
Gaia DR3 2303455557153707776 283.6219247  85.7835236 19.169  2.817       2.508   3.5391  21.4082     1.12      nan      nan    2.884  nan      nan    nan   1.016     nan                                None       2.894      -4.744       1.522       0.189      -4.078       0.222
Gaia DR3 2295511074542728320 288.1946351  81.2196379 15.186  1.596       2.515   1.2854  22.0556     1.79      nan      nan    2.725  nan      nan    nan   1.059     nan                                None       2.366      -4.619       3.551       0.027      -3.793       0.026
Gaia DR3 2295653182124819328 289.0952984  81.9207840 18.110  2.800       2.908   0.9259  22.5816     1.70      nan      nan    2.716  nan      nan    nan   1.166     nan                                None       2.283      -4.652       1.624       0.143      -3.123       0.148
Gaia DR3 2302128828870401920 307.1362864  84.2301414 19.544  2.936       1.407   3.4437  23.1410     1.45      nan      nan    2.810  nan      nan    nan   1.100     nan                                None       0.727      -5.337       0.221       0.342      -6.000       0.327
Gaia DR3 2301836113965246464 293.4785301  83.2681022 19.575  2.803       0.799   1.6870  25.0845     1.54      nan      nan    3.093  nan      nan    nan   1.018     nan                                None       2.180      -5.504       2.257       0.314      -4.988       0.333
Gaia DR3 2302727886614692224 286.1082787  84.6034264  9.026  0.604       2.956   2.3874  25.2962     1.29   -28.86     0.39    3.074  nan      nan    nan   1.056     nan                            Gaia_DR3       2.860      -5.170       2.900       0.020      -3.254       0.023
Gaia DR3 2298881524358556032 308.1337667  82.4812346 18.170  2.640       2.639   3.3483  26.1267     1.73      nan      nan    3.037  nan      nan    nan   0.990     nan                                None       0.684      -5.751       0.639       0.139      -7.440       0.118
Gaia DR3 2293077339912992768 291.0574251  78.1422305 16.600  2.081       2.124   4.3275  26.7736     2.26      nan      nan    2.847  nan      nan    nan   1.047     nan                                None       2.222      -4.877       3.420       0.076      -4.440       0.062
Gaia DR3 2291838293389388160 304.4222262  79.2940742 15.689  2.203       2.504   4.5060  27.5105     2.21      nan      nan    2.930  nan      nan    nan   1.039     nan                                None       1.023      -5.426       2.238       0.034      -4.469       0.030
Gaia DR3 2292996143556542336 286.9137882  77.7852344 20.378  1.813       2.507   4.5142  27.7454     2.24      nan      nan    2.853  nan      nan    nan   1.003     nan                                None       2.587      -4.708       2.400       0.732      -6.205       0.573
Gaia DR3 2296510732474858880 280.8909755  82.7422657 20.241  2.647       2.027   0.5556  27.8614     1.50      nan      nan    2.674  nan      nan    nan   0.975     nan                                None       2.891      -4.227       1.751       0.554      -4.154       0.617
Gaia DR3 2294609165770328448 291.0226469  78.7507093 16.934  2.182       1.837   3.7407  27.9492     2.17      nan      nan    2.762  nan      nan    nan   0.963     nan                                None       2.158      -4.742       1.450       0.055      -3.942       0.055
Gaia DR3 2303663502290095744 311.7472537  84.6390793 17.883  2.635       0.679   4.0099  28.1218     1.39      nan      nan    2.779  nan      nan    nan   1.017     nan                                None       0.287      -5.325       0.310       0.097      -5.722       0.097
Gaia DR3 1709928773773991936 267.5677914  81.4068534 14.421  1.317       2.876   2.3133  28.6580     1.46    29.31     7.61    2.695  nan      nan    nan   1.483     nan                            Gaia_DR3       3.834      -3.460       3.394       0.033      -5.034       0.032
Gaia DR3 2293760274073688320 273.8339088  77.9156302 15.882  1.843       2.975   4.5840  28.7970     1.98      nan      nan    2.831  nan      nan    nan   1.024     nan                                None       3.597      -3.984       5.368       0.042      -3.855       0.039
Gaia DR3 2293928014021174656 275.3571487  79.0372529 17.909  2.696       1.785   3.4221  29.0259     1.88      nan      nan    3.073  nan      nan    nan   1.067     nan                                None       3.784      -4.449       3.372       0.137      -3.368       0.123
Gaia DR3 2295860818023551616 283.4928651  80.7546168 19.617  2.355       2.974   1.4943  29.1241     1.79      nan      nan    2.674  nan      nan    nan   1.113     nan                                None       2.693      -4.321       2.492       0.339      -5.985       0.346
Gaia DR3 1709367473089378688 254.3857759  79.9312978 15.931  1.355       0.810   4.9012  29.7138     1.32      nan      nan    2.875  nan      nan    nan   9.241     nan                                None       4.846      -2.651       5.305       0.554      -2.825       0.501
Gaia DR3 2298755213664519424 316.1669133  82.6334794 16.011  2.045       1.108   4.3460  29.7454     1.71      nan      nan    3.017  nan      nan    nan   1.010     nan                                None      -0.139      -5.754      -0.045       0.035      -5.055       0.033
