GaiaDR3                               RA         DEC   Gmag  Bp-Rp  Voff(km/s) Sep(deg)   3D(pc) Vr(pred)  Vr(obs)    Vrerr Plx(mas)  SpT    FnuvJ  W1-W3    RUWE  XCrate                               RVsrc    PMRApred   PMDecpred        PMRA     PMRAerr       PMDec    PMDecerr
Gaia DR3 1404488390652463872 237.9241043  52.3063081 11.322  1.097       0.000   0.0000   0.0000    -8.78      nan      nan    8.592  nan      nan    nan   0.897     nan                                None     -10.255      -1.404     -10.255       0.013      -1.404       0.015
Gaia DR3 1404650366755641728 238.5258639  51.9638247 16.609  3.131       1.110   0.5037   1.1086    -8.81      nan      nan    8.624  nan      nan    nan   1.310     nan                                None     -10.201      -1.420      -9.390       0.057       0.429       0.077
Gaia DR3 1597089159591345152 237.6528474  52.8394075  9.741  0.808       2.742   0.5580   1.1447    -8.77      nan      nan    8.580  nan      nan    nan   4.986     nan                                None     -10.282      -1.293     -14.560       0.076       1.217       0.088
Gaia DR3 1404937579808394112 237.7889902  52.9072511  8.936  0.652       0.779   0.6065   1.3256    -8.78      nan      nan    8.556  nan      nan    nan   1.423     nan                                None     -10.233      -1.251     -10.586       0.044       0.109       0.049
Gaia DR3 1597169011623359488 237.6240119  53.4640415 14.819  2.427       0.686   1.1718   2.4623    -8.77      nan      nan    8.640  nan      nan    nan   1.086     nan                                None     -10.358      -1.132     -11.389       0.020      -1.836       0.022
Gaia DR3 1596773531035098880 236.6474646  52.8681089 16.795  3.108       0.799   0.9577   2.8462    -8.71      nan      nan    8.442  nan      nan    nan   1.048     nan                                None     -10.262      -1.407     -11.170       0.059      -0.313       0.062
Gaia DR3 1404937579808393984 237.7918788  52.9069734  6.882  0.104       2.738   0.6060   4.0963    -8.78      nan      nan    8.891  nan      nan    nan   5.770     nan                                None     -10.632      -1.299      -8.600       0.134      -6.011       0.163
Gaia DR3 1405026605890315776 240.2784591  53.4163974 10.209  0.833       0.680   1.8034   4.1254    -8.93      nan      nan    8.738  nan      nan    nan   1.132     nan                                None     -10.061      -0.776     -10.235       0.016       0.464       0.017
Gaia DR3 1597431279506511232 237.3900539  54.4385429 13.416  1.847       1.544   2.1559   4.3935    -8.77      nan      nan    8.571  nan      nan    nan   0.963     nan                                None     -10.310      -0.887     -12.585       0.012      -2.503       0.014
Gaia DR3 1403763988584783232 240.5100842  51.3353324 11.162  1.044       1.140   1.8701   4.6996    -8.92      nan      nan    8.396  nan      nan    nan   1.222     nan                                None      -9.632      -1.289     -10.134       0.014       0.666       0.018
Gaia DR3 1596940450643796992 235.0902368  53.3043311 16.977  3.058       0.725   1.9824   5.1476    -8.62      nan      nan    8.841  nan      nan    nan   1.050     nan                                None     -10.977      -1.586     -11.173       0.059      -0.250       0.076
Gaia DR3 1596948112865456640 235.0594359  53.5257058 16.139  2.986       1.082   2.1141   5.3166    -8.62      nan      nan    8.372  nan      nan    nan   1.136     nan                                None     -10.399      -1.448     -12.308       0.039      -1.468       0.050
Gaia DR3 1403666505711218176 240.8144720  51.2347706 20.451  2.550       2.446   2.0848   5.4419    -8.94      nan      nan    8.352  nan      nan    nan   1.021     nan                                None      -9.533      -1.270     -13.308       0.631      -3.344       0.905
Gaia DR3 1403082909850677504 238.6498092  49.3954510  9.778  0.747       0.942   2.9467   6.0062    -8.77      nan      nan    8.564  nan      nan    nan   0.886     nan                                None     -10.113      -2.105     -11.692       0.011      -1.473       0.014
Gaia DR3 1597524939857051904 238.3841940  54.7106793 17.775  3.391       0.970   2.4199   6.0973    -8.83      nan      nan    8.875  nan      nan    nan   0.898     nan                                None     -10.521      -0.690     -10.179       0.111       1.092       0.124
Gaia DR3 1598320543895403648 236.4881535  55.1407246 16.789  3.142       2.281   2.9588   6.3109    -8.72      nan      nan    8.748  nan      nan    nan   1.116     nan                                None     -10.658      -0.843     -14.809       0.062      -1.527       0.070
Gaia DR3 1404114487979918336 237.3815481  50.8705946 12.698  1.543       0.433   1.4747   6.3979    -8.72      nan      nan    8.196  nan      nan    nan   1.122     nan                                None      -9.860      -1.791     -10.598       0.014      -1.911       0.015
Gaia DR3 1427884658062303488 243.4489786  53.0162042 17.952  3.369       1.038   3.4244   7.2117    -9.10      nan      nan    8.467  nan      nan    nan   1.051     nan                                None      -9.242      -0.443     -10.676       0.107      -1.616       0.145
Gaia DR3 1403763988584402432 240.5100391  51.3347518 16.928    nan       0.849   1.8704   7.6324    -8.92      nan      nan    9.115  nan      nan    nan   1.505     nan                                None     -10.456      -1.399     -11.717       0.185      -2.433       0.187
Gaia DR3 1428060790377370624 242.3104341  53.4455057 15.205  2.560       1.468   2.8814   7.7379    -9.04      nan      nan    8.243  nan      nan    nan   1.052     nan                                None      -9.178      -0.458     -10.797       0.028      -2.429       0.026
Gaia DR3 1598183070581618688 234.6885557  55.2686801 18.183  3.439       0.939   3.5247   7.7985    -8.62      nan      nan    8.844  nan      nan    nan   0.913     nan                                None     -11.040      -1.098     -12.699       0.122      -0.538       0.165
Gaia DR3 1402913963017184512 238.4773805  48.8256564 16.067  2.741       0.881   3.4983   7.8071    -8.75      nan      nan    8.855  nan      nan    nan   1.033     nan                                None     -10.483      -2.363     -10.351       0.046      -0.725       0.045
Gaia DR3 1598228528516035200 236.4767089  54.6921417 15.011  2.591       1.021   2.5363   7.8385    -8.72      nan      nan    9.060  nan      nan    nan   1.025     nan                                None     -11.040      -1.006     -12.785       0.021      -1.875       0.023
Gaia DR3 1404652153462037248 238.5986331  52.0739936 16.914  3.010       0.764   0.4743   7.9785    -8.82      nan      nan    8.045  nan      nan    nan   1.023     nan                                None      -9.506      -1.286     -10.584       0.053      -2.006       0.066
Gaia DR3 1400270771423889152 242.1446294  49.5255053 13.687  2.002       0.455   3.8475   8.2032    -8.99      nan      nan    8.429  nan      nan    nan   1.139     nan                                None      -9.411      -1.587      -9.634       0.018      -0.809       0.017
Gaia DR3 1598572710014890624 235.0621102  55.7030931 15.093  2.523       0.762   3.7897   8.2370    -8.65      nan      nan    8.834  nan      nan    nan   1.102     nan                                None     -10.974      -0.916     -11.541       0.024       0.386       0.030
Gaia DR3 1595201774867484032 232.6668750  51.2738302 19.454  3.336       0.746   3.4109   9.2970    -8.43      nan      nan    9.092  nan      nan    nan   1.020     nan                                None     -11.642      -2.594     -11.958       0.247      -1.199       0.281
Gaia DR3 1404056763619103744 237.1329470  50.5354762 18.919  3.314       0.744   1.8382   9.6302    -8.70      nan      nan    7.987  nan      nan    nan   0.957     nan                                None      -9.642      -1.864     -10.404       0.177      -0.869       0.233
Gaia DR3 1597061946678694016 236.0591604  53.8736193 17.263  3.147       0.536   1.9262   9.7548    -8.69      nan      nan    9.312  nan      nan    nan   0.998     nan                                None     -11.412      -1.345     -12.369       0.076      -1.781       0.073
Gaia DR3 1599397515534523392 230.8466234  53.6070606 16.062  2.996       0.860   4.4554   9.8277    -8.36      nan      nan    8.913  nan      nan    nan   1.041     nan                                None     -11.659      -2.191     -12.813       0.036      -1.059       0.043
Gaia DR3 1405053814507528832 239.0612810  53.2501253 18.237  3.521       0.533   1.1679   9.9246    -8.86      nan      nan    9.369  nan      nan    nan   1.105     nan                                None     -10.994      -1.068     -11.837       0.122      -1.699       0.162
Gaia DR3 1599606143569639552 231.2863313  54.6303066 18.738  3.696       1.917   4.5813  10.1307    -8.41      nan      nan    8.330  nan      nan    nan   2.109     nan                                None     -10.842      -1.717     -12.540       0.396       1.189       0.436
Gaia DR3 1599397756052692096 230.8454523  53.6087946 16.048  3.003       0.929   4.4565  10.2894    -8.36      nan      nan    8.998  nan      nan    nan   1.297     nan                                None     -11.770      -2.212     -13.330       0.046      -1.393       0.053
Gaia DR3 1400566677489835776 241.8482169  50.6733894 19.624  3.120       0.928   2.9381  10.3114    -8.99      nan      nan    8.022  nan      nan    nan   1.083     nan                                None      -9.002      -1.241     -10.374       0.371      -2.005       0.469
Gaia DR3 1599579755290918144 231.0091683  54.4391430 17.860  3.287       1.563   4.6414  10.3569    -8.38      nan      nan    8.952  nan      nan    nan   0.998     nan                                None     -11.689      -1.944     -14.607       0.097      -2.375       0.115
Gaia DR3 1599791690453354240 230.8153491  54.8481454 14.707    nan       1.668   4.9236  10.3640    -8.38      nan      nan    8.834  nan      nan    nan   0.976     nan                                None     -11.559      -1.839     -10.852       0.066       1.185       0.091
Gaia DR3 1601522630992809088 232.4060089  56.3123348 17.372  3.232       0.856   5.1360  10.5178    -8.50      nan      nan    8.734  nan      nan    nan   0.997     nan                                None     -11.219      -1.162     -12.162       0.073       0.101       0.103
Gaia DR3 1596427940786153728 232.8091457  53.4601278 11.342  1.160       0.681   3.2943  10.5925    -8.48      nan      nan    9.260  nan      nan    nan   0.933     nan                                None     -11.837      -1.989     -12.220       0.013      -0.715       0.017
Gaia DR3 1398044741413959424 237.9308624  46.7126339 16.490  2.739       0.868   5.5937  11.4289    -8.66      nan      nan    8.531  nan      nan    nan   0.973     nan                                None     -10.181      -2.926     -11.741       0.043      -2.849       0.049
Gaia DR3 1599791690453687168 230.8161718  54.8482257 10.950  1.046       0.969   4.9232  11.7680    -8.38      nan      nan    9.112  nan      nan    nan   0.812     nan                                None     -11.924      -1.897     -13.641       0.015      -1.177       0.016
Gaia DR3 1599573501818510080 231.0105254  54.3697608 17.306  3.501       0.913   4.6123  12.1291    -8.38      nan      nan    9.234  nan      nan    nan   0.983     nan                                None     -12.056      -2.025     -12.664       0.062      -0.354       0.075
Gaia DR3 1597911456849873024 235.5181075  54.6494577 17.197  3.183       0.453   2.7457  12.3156    -8.66      nan      nan    9.499  nan      nan    nan   1.013     nan                                None     -11.727      -1.227     -12.634       0.063      -1.253       0.067
Gaia DR3 1398970049168323456 242.7846291  47.2252156 16.688  2.896       0.878   5.9697  12.4677    -8.99      nan      nan    8.867  nan      nan    nan   1.013     nan                                None      -9.792      -2.263     -10.847       0.046      -1.006       0.051
Gaia DR3 1600587290194879488 229.0333944  55.5401377 12.379  1.441       2.149   6.1468  12.5911    -8.28      nan      nan    8.510  nan      nan    nan   1.164     nan                                None     -11.354      -1.878     -15.090       0.011      -2.823       0.012
Gaia DR3 1599320820302927872 228.7962492  54.0100499 18.687  3.692       2.816   5.7274  12.6551    -8.23      nan      nan    9.026  nan      nan    nan   1.015     nan                                None     -12.073      -2.453     -15.128       0.166       1.951       0.198
Gaia DR3 1428873776146641024 241.5449117  53.6596666 15.095  2.438       1.739   2.5654  13.1320    -9.00      nan      nan    7.792  nan      nan    nan   1.054     nan                                None      -8.789      -0.471     -10.973       0.023      -2.312       0.028
Gaia DR3 1400123058908995456 241.7839300  49.0830793  7.578  0.328       1.644   4.0444  13.1395    -8.96      nan      nan    9.448  nan      nan    nan   1.017     nan                                None     -10.613      -1.968     -13.861       0.021      -2.386       0.027
Gaia DR3 1599260415882717440 228.9693808  53.6724876 19.428  3.357       1.323   5.5567  13.2714    -8.24      nan      nan    9.188  nan      nan    nan   1.076     nan                                None     -12.267      -2.561     -13.497       0.301      -0.312       0.319
Gaia DR3 1595101826683842176 234.4599689  51.5376836 10.877  1.041       1.288   2.2702  13.3153    -8.55      nan      nan    9.633  nan      nan    nan   0.929     nan                                None     -12.060      -2.371     -11.810       0.011       0.233       0.013
Gaia DR3 1600477923147759232 229.1525911  54.6682187 14.664  2.493       1.012   5.7235  13.5012    -8.27      nan      nan    9.181  nan      nan    nan   1.197     nan                                None     -12.235      -2.249     -13.227       0.021      -0.561       0.029
Gaia DR3 1601555616341574784 232.5282017  56.8808369 16.011  2.828       1.111   5.5370  13.5252    -8.51      nan      nan    9.233  nan      nan    nan   1.026     nan                                None     -11.842      -1.042     -13.803       0.039      -1.955       0.037
Gaia DR3 1601006405987904768 229.4501004  57.0293414 20.362  2.415       2.900   6.7970  13.7896    -8.33      nan      nan    8.606  nan      nan    nan   1.119     nan                                None     -11.431      -1.438     -14.608       0.577       2.756       0.779
Gaia DR3 1600815335778533888 228.2411689  56.0464322  7.498  0.246       0.818   6.7809  13.9329    -8.24      nan      nan    8.827  nan      nan    nan   1.162     nan                                None     -11.875      -1.947     -13.189       0.024      -1.180       0.031
Gaia DR3 1600815335778533760 228.2396211  56.0460305 10.961  0.838       0.475   6.7814  14.0178    -8.24      nan      nan    8.864  nan      nan    nan   1.566     nan                                None     -11.924      -1.956     -12.771       0.026      -1.687       0.047
Gaia DR3 1599057800800877824 229.6393321  53.4654482 16.320  2.705       0.525   5.1285  14.1631    -8.28      nan      nan    7.966  nan      nan    nan   1.015     nan                                None     -10.560      -2.171     -10.005       0.039      -1.485       0.047
Gaia DR3 1601415394249322752 231.4372105  56.1596318 16.279  2.921       0.967   5.4016  14.3036    -8.44      nan      nan    9.374  nan      nan    nan   1.098     nan                                None     -12.179      -1.461     -13.902       0.042      -2.284       0.043
Gaia DR3 1600709159890974848 229.3624959  56.0368770 17.841  3.377       0.973   6.2404  14.4323    -8.31      nan      nan    9.195  nan      nan    nan   0.957     nan                                None     -12.225      -1.832     -14.110       0.100      -1.874       0.101
Gaia DR3 1402811704140244736 234.9250908  50.4261534 15.854  2.814       1.378   2.6530  14.7045    -8.56      nan      nan    9.748  nan      nan    nan   2.483     nan                                None     -12.130      -2.664      -9.317       0.423      -2.990       0.194
Gaia DR3 1401952440098841984 234.1347227  48.2797016 11.234  1.123       2.616   4.6968  14.9484    -8.45      nan      nan    9.571  nan      nan    nan   0.962     nan                                None     -12.033      -3.384      -6.757       0.012      -3.268       0.015
Gaia DR3 1600900204332290048 229.2852154  56.2036039 16.197  2.843       0.703   6.3686  15.0583    -8.31      nan      nan    9.266  nan      nan    nan   1.055     nan                                None     -12.330      -1.812     -13.205       0.035      -0.754       0.041
Gaia DR3 1430035581979997824 249.0275252  55.2573852 16.649  2.865       2.530   7.1833  15.0849    -9.38      nan      nan    8.372  nan      nan    nan   0.933     nan                                None      -8.188       0.884      -3.926       0.057      -0.447       0.067
Gaia DR3 1431445774362178688 247.4461953  57.5502073 16.126  2.761       2.622   7.5658  15.5447    -9.28      nan      nan    8.476  nan      nan    nan   1.039     nan                                None      -8.571       1.369      -5.881       0.049      -2.467       0.059
Gaia DR3 1427744612064776064 242.3564801  52.2806675 15.717  2.950       1.934   2.7106  15.5650    -9.04      nan      nan    7.644  nan      nan    nan   1.854     nan                                None      -8.504      -0.716     -10.784       0.051      -2.840       0.058
Gaia DR3 1395617397696717568 231.6709753  45.9695649 14.561  2.180       1.276   7.5363  15.6356    -8.19      nan      nan    8.928  nan      nan    nan   1.018     nan                                None     -11.568      -4.147     -10.251       0.016      -2.139       0.024
Gaia DR3 1403250516654722432 237.1885535  49.8301101 17.094  2.947       1.952   2.5189  15.6826    -8.69      nan      nan    7.627  nan      nan    nan   1.063     nan                                None      -9.201      -1.945      -6.463       0.077      -0.411       0.084
Gaia DR3 1400204074875429376 242.2812168  49.1670029 18.732  4.149       1.143   4.1769  15.6913    -8.99      nan      nan    7.735  nan      nan    nan   0.997     nan                                None      -8.616      -1.533      -9.758       0.193      -0.060       0.244
Gaia DR3 1627209971396805504 235.1118359  59.8684473 16.036  2.697       2.298   7.7214  15.7654    -8.66      nan      nan    8.522  nan      nan    nan   1.060     nan                                None     -10.579       0.256     -12.695       0.045      -3.289       0.040
Gaia DR3 1598036281483719168 232.9129770  54.5606145 19.907  3.258       0.935   3.7394  15.8039    -8.51      nan      nan    9.777  nan      nan    nan   1.064     nan                                None     -12.481      -1.745     -13.449       0.414      -3.411       0.468
Gaia DR3 1431067198764168960 247.6070132  56.5672483 16.295  2.627       2.886   7.0512  15.8408    -9.30      nan      nan    8.173  nan      nan    nan   1.001     nan                                None      -8.237       1.065      -9.571       0.042      -3.726       0.046
Gaia DR3 1595598256183826304 231.2086139  51.2102461  8.745  0.668       2.948   4.2971  15.8534    -8.33      nan      nan    9.725  nan      nan    nan   1.013     nan                                None     -12.669      -3.043      -9.503       0.012       2.104       0.016
Gaia DR3 1598925240930354176 229.4449435  52.2398852 16.064  2.884       1.354   5.1858  15.8706    -8.23      nan      nan    9.612  nan      nan    nan   1.057     nan                                None     -12.769      -3.012     -12.800       0.034      -0.269       0.043
Gaia DR3 1600957825613481856 229.6515844  56.9318968 15.726  2.757       0.912   6.6502  15.9142    -8.34      nan      nan    9.333  nan      nan    nan   1.056     nan                                None     -12.370      -1.551     -12.824       0.032       0.186       0.032
Gaia DR3 1626175468394178176 235.8727626  59.0054175 16.941  3.034       1.963   6.7975  15.9690    -8.70      nan      nan    8.087  nan      nan    nan   0.976     nan                                None      -9.937       0.134     -12.074       0.056      -2.442       0.069
Gaia DR3 1386644661259555584 242.9878334  45.9622084 17.295  3.427       0.759   7.1529  16.0222    -8.97      nan      nan    8.175  nan      nan    nan   0.990     nan                                None      -8.996      -2.404     -10.051       0.060      -1.630       0.076
Gaia DR3 1612918656697817344 227.4401153  56.8625809 16.069  2.983       1.849   7.5808  16.2514    -8.21      nan      nan    9.087  nan      nan    nan   1.033     nan                                None     -12.323      -1.923     -15.844       0.041      -2.305       0.040
Gaia DR3 1426719180032001920 250.8907727  54.4685593 14.605  2.365       1.159   8.0168  16.2686    -9.47      nan      nan    8.759  nan      nan    nan   1.014     nan                                None      -8.216       0.909      -6.134       0.021       0.414       0.024
Gaia DR3 1622700010922131200 240.3876783  57.9441119 18.850  0.475       2.064   5.8101  16.2955    -8.94      nan      nan    7.871  nan      nan    nan   1.010     nan                                None      -9.046       0.488     -12.467       0.239       0.309       0.235
Gaia DR3 1600879859071448704 227.6906796  56.3824766 19.231  3.638       1.710   7.2134  16.4452    -8.21      nan      nan    9.265  nan      nan    nan   1.328     nan                                None     -12.534      -2.050     -14.892       0.299       0.315       0.308
Gaia DR3 1614621662770247936 228.8966174  58.1203593 15.203  2.606       0.990   7.7542  16.4861    -8.31      nan      nan    9.065  nan      nan    nan   1.059     nan                                None     -12.113      -1.310     -13.363       0.024       0.111       0.024
Gaia DR3 1600463835654983296 226.7664244  55.6887230 19.845  2.716       0.818   7.3678  16.7809    -8.14      nan      nan    9.280  nan      nan    nan   1.058     nan                                None     -12.668      -2.415     -14.230       0.362      -2.071       0.433
Gaia DR3 1431152995030908800 247.4490996  57.1402258 17.169  3.010       2.367   7.3113  16.8207    -9.28      nan      nan    8.103  nan      nan    nan   1.039     nan                                None      -8.193       1.195     -10.660       0.080      -2.008       0.072
Gaia DR3 1614803047829549824 230.7326637  59.3975041 16.788  3.045       1.849   8.1492  16.8325    -8.43      nan      nan    8.938  nan      nan    nan   1.061     nan                                None     -11.706      -0.616     -14.379       0.069      -2.851       0.062
Gaia DR3 1601903538756343808 234.3372242  57.2060471 17.700  3.355       0.869   5.3172  16.8457    -8.62      nan      nan    9.713  nan      nan    nan   0.896     nan                                None     -12.180      -0.671     -11.395       0.081       0.927       0.091
Gaia DR3 1614670419238958592 228.9949852  58.5851156 14.519  2.548       0.760   8.0529  17.2158    -8.32      nan      nan    9.114  nan      nan    nan   1.128     nan                                None     -12.165      -1.170     -12.910       0.021       0.085       0.022
Gaia DR3 1592855180831182720 227.2092001  51.6625428 17.309  3.286       1.380   6.6242  17.3452    -8.07      nan      nan    9.557  nan      nan    nan   1.970     nan                                None     -12.990      -3.555     -15.503       0.134      -2.366       0.137
Gaia DR3 1409950523901290368 246.3475723  46.4552214 14.800  2.680       1.707   8.0090  17.8310    -9.19      nan      nan    9.273  nan      nan    nan   3.755     nan                                None      -9.586      -2.155     -12.665       0.066      -0.871       0.069
Gaia DR3 1615219487858308480 231.9234037  59.9870393 10.867  1.042       0.933   8.3685  17.8699    -8.49      nan      nan    9.136  nan      nan    nan   0.836     nan                                None     -11.802      -0.249     -13.596       0.011      -0.338       0.012
Gaia DR3 1409950528197447808 246.3477771  46.4548394 16.789    nan       2.760   8.0094  17.8719    -9.19      nan      nan    9.281  nan      nan    nan   1.288     nan                                None      -9.594      -2.157     -14.574       0.117      -4.247       0.102
Gaia DR3 1385555182675582592 244.4636812  44.7800212 12.448  1.461       2.858   8.6746  17.9336    -9.04      nan      nan    8.423  nan      nan    nan   1.097     nan                                None      -9.025      -2.639     -14.094       0.010      -2.391       0.012
Gaia DR3 1397582323759513600 234.8757552  45.0559681    nan    nan       1.124   7.5227  17.9548    -8.39      nan      nan    8.007  nan      nan    nan   1.069     nan                                None      -9.971      -3.537     -11.489       0.509      -2.400       0.698
Gaia DR3 1615031643168638848 230.0906389  59.9723891 15.604  2.709       2.176   8.8080  18.1212    -8.40      nan      nan    8.949  nan      nan    nan   1.015     nan                                None     -11.805      -0.571     -14.886       0.032      -3.285       0.030
Gaia DR3 1593198846934615168 223.8401057  50.5556155 13.081  1.683       1.217   8.9384  18.3789    -7.79      nan      nan    8.456  nan      nan    nan   1.122     nan                                None     -11.853      -3.953     -11.299       0.011      -1.856       0.013
Gaia DR3 1613315511675899648 227.4926805  58.0446467 17.182  3.409       1.417   8.2544  18.4707    -8.23      nan      nan    9.318  nan      nan    nan   1.039     nan                                None     -12.630      -1.629     -15.368       0.090      -1.121       0.098
Gaia DR3 1431130626841306368 247.0705795  56.8870689 15.607  2.631       2.738   6.9941  18.5138    -9.27      nan      nan    7.847  nan      nan    nan   1.021     nan                                None      -7.996       1.046     -11.210       0.030      -2.145       0.035
Gaia DR3 1395517032901515136 229.1451244  46.0965938 10.570  0.877       1.704   8.4419  19.0376    -8.01      nan      nan    8.096  nan      nan    nan   0.954     nan                                None     -10.789      -4.068     -13.398       0.011      -2.784       0.014
Gaia DR3 1613195115152921088 226.5538579  57.4790338 16.715  3.018       0.864   8.3198  19.2503    -8.16      nan      nan    9.448  nan      nan    nan   0.999     nan                                None     -12.924      -1.991     -14.644       0.049      -1.946       0.052
Gaia DR3 1613194118719310080 226.2797934  57.5126946 11.127  1.343       1.293   8.4613  19.3239    -8.15      nan      nan    9.418  nan      nan    nan   2.946     nan                                None     -12.917      -2.028     -13.985       0.040      -4.362       0.043
Gaia DR3 1384397564433951744 238.9674066  42.8406584 11.522  1.185       0.909   9.4915  19.3912    -8.61      nan      nan    8.506  nan      nan    nan   1.099     nan                                None      -9.996      -3.837     -11.290       0.013      -2.847       0.016
Gaia DR3 1612850864934114048 224.8852685  57.3129837 11.735  1.283       2.573   9.0064  19.4683    -8.06      nan      nan    9.251  nan      nan    nan   0.933     nan                                None     -12.850      -2.309     -17.410       0.012      -0.214       0.012
Gaia DR3 1614824247787568896 228.2968430  58.2924671 14.954  2.780       2.053   8.1010  19.5734    -8.28      nan      nan    9.565  nan      nan    nan   2.636     nan                                None     -12.860      -1.446     -14.191       0.050       2.473       0.053
Gaia DR3 1411785887981739008 249.5398193  50.5356734 17.155  3.070       2.185   7.4478  19.6366    -9.41      nan      nan    7.814  nan      nan    nan   0.949     nan                                None      -7.557      -0.397      -4.078       0.067      -1.319       0.078
Gaia DR3 1612930712670148608 226.4822341  56.6038635 17.257  3.137       0.788   7.9040  19.6762    -8.14      nan      nan    9.630  nan      nan    nan   1.004     nan                                None     -13.182      -2.297     -14.736       0.076      -2.675       0.086
Gaia DR3 1613253251830161920 226.0833921  57.7785304 14.541  2.359       1.042   8.6956  19.7651    -8.14      nan      nan    9.429  nan      nan    nan   1.207     nan                                None     -12.955      -1.992     -14.982       0.019      -2.425       0.022
Gaia DR3 1391177329226158976 233.3837526  42.9894709  8.646  0.581       2.784   9.8011  20.0460    -8.20      nan      nan    8.493  nan      nan    nan   0.980     nan                                None     -10.780      -4.481     -13.489       0.015      -0.298       0.020
Gaia DR3 1614257105945926656 226.0732730  59.5350532  7.378  0.236       0.938   9.7878  20.3459    -8.17      nan      nan    9.094  nan      nan    nan   0.979     nan                                None     -12.496      -1.444     -13.713       0.021      -0.120       0.019
Gaia DR3 1614924299049856000 227.4958949  59.1046151 18.533  3.456       0.896   8.9652  20.5736    -8.24      nan      nan    9.500  nan      nan    nan   1.091     nan                                None     -12.877      -1.355     -14.040       0.216       0.012       0.227
Gaia DR3 1600961497811899904 228.5972865  56.3584896 18.840  3.648       1.404   6.7726  20.8985    -8.27      nan      nan   10.018  nan      nan    nan   2.125     nan                                None     -13.427      -2.046     -15.548       0.385      -4.117       0.477
Gaia DR3 1614204913503382784 225.8201333  59.0115176  9.284  0.708       0.689   9.5430  21.3524    -8.14      nan      nan    9.466  nan      nan    nan   0.917     nan                                None     -13.038      -1.701     -12.622       0.012      -3.011       0.014
Gaia DR3 1614153099017986560 226.0941899  58.8766513 15.459  2.747       1.219   9.3482  21.4995    -8.16      nan      nan    9.559  nan      nan    nan   1.024     nan                                None     -13.133      -1.703     -14.955       0.026      -0.054       0.034
Gaia DR3 1640024057864099328 238.7633938  62.9771209 16.567  2.861       0.344  10.6800  21.5940    -8.81      nan      nan    8.821  nan      nan    nan   1.073     nan                                None     -10.398       1.745     -10.915       0.052       1.368       0.051
Gaia DR3 1625139968959135360 246.5477202  61.0424501 16.866  2.999       2.220   9.9193  21.6410    -9.18      nan      nan    8.143  nan      nan    nan   1.068     nan                                None      -8.385       2.170     -11.257       0.059      -0.336       0.071
Gaia DR3 1613941992785522560 222.3755186  58.4949508 18.919  3.782       1.520  10.7412  21.7232    -7.93      nan      nan    8.657  nan      nan    nan   2.230     nan                                None     -12.282      -2.310     -14.572       0.425      -0.742       0.447
Gaia DR3 1615954442661853056 226.1071677  59.8807827  9.511  0.879       0.798  10.0118  21.7449    -8.17      nan      nan    9.376  nan      nan    nan   1.094     nan                                None     -12.879      -1.385     -13.667       0.014      -0.018       0.015
Gaia DR3 1614381144601686400 224.1223327  59.3792855  9.838  0.754       2.073  10.4549  21.7880    -8.05      nan      nan    9.165  nan      nan    nan   1.248     nan                                None     -12.816      -1.870     -16.025       0.019       0.526       0.018
Gaia DR3 1614381144601686528 224.1232710  59.3799020  8.150  0.499       0.252  10.4549  21.8401    -8.05      nan      nan    9.183  nan      nan    nan   0.895     nan                                None     -12.841      -1.874     -13.060       0.023      -1.437       0.022
Gaia DR3 1627133898936364928 237.9432186  60.6735184 13.966  2.081       2.921   8.3672  22.0390    -8.80      nan      nan    7.737  nan      nan    nan   1.048     nan                                None      -9.232       0.837      -9.644       0.014       5.583       0.016
Gaia DR3 1412580456931839232 254.3331470  51.1337371 16.440  3.023       2.474  10.2105  22.3087    -9.64      nan      nan    9.428  nan      nan    nan   1.060     nan                                None      -8.123       0.278     -10.799       0.051      -3.847       0.065
Gaia DR3 1407878532895004160 253.2721425  47.2888431 15.600  2.599       2.538  11.0750  22.3687    -9.58      nan      nan    8.808  nan      nan    nan  14.919     nan                                None      -7.799      -1.047      -9.558       0.551      -5.420       0.648
Gaia DR3 1426269548495983488 252.4880773  54.0351722 14.833  2.374       1.230   8.8828  22.5370    -9.54      nan      nan    7.776  nan      nan    nan   1.082     nan                                None      -7.022       0.851      -9.034       0.020       0.715       0.024
Gaia DR3 1605544850685882240 221.9052857  51.6279244 15.757  3.007       1.259   9.8724  22.6518    -7.68      nan      nan    9.620  nan      nan    nan   1.148     nan                                None     -13.699      -4.560     -14.813       0.034      -2.262       0.036
Gaia DR3 1617050514019871488 222.2256375  59.3030138 17.722  3.747       0.967  11.2133  22.9075    -7.94      nan      nan    9.038  nan      nan    nan   0.972     nan                                None     -12.838      -2.228     -14.428       0.087      -1.296       0.085
Gaia DR3 1381653943621833216 244.0231438  41.7365331 13.064  1.770       0.715  11.3481  23.0069    -8.92      nan      nan    8.934  nan      nan    nan   1.161     nan                                None      -9.651      -3.749      -9.256       0.011      -2.462       0.013
Gaia DR3 1614285865047284608 223.9302997  58.6111146 16.201  2.853       0.821  10.1009  23.0295    -8.02      nan      nan    9.622  nan      nan    nan   1.083     nan                                None     -13.478      -2.221     -15.141       0.047      -2.148       0.054
Gaia DR3 1614432100093610112 224.7790795  59.5202385 11.859  1.359       1.112  10.2767  23.1354    -8.09      nan      nan    9.586  nan      nan    nan   1.109     nan                                None     -13.328      -1.784     -14.859       0.016      -0.140       0.015
Gaia DR3 1395494252395031552 229.5450984  45.7654152 15.633  2.816       1.499   8.5302  23.1715    -8.02      nan      nan   10.035  nan      nan    nan   1.075     nan                                None     -13.316      -5.073     -12.253       0.030      -2.085       0.035
Gaia DR3 1437833662041390848 253.8486384  59.7166184 13.402  1.998       2.042  11.5314  23.3519    -9.50      nan      nan    8.924  nan      nan    nan   1.105     nan                                None      -7.787       2.913      -9.205       0.015       6.482       0.015
Gaia DR3 1607059080062504192 218.7483241  54.7808446 18.609  3.800       1.943  11.6207  23.4845    -7.58      nan      nan    8.877  nan      nan    nan   1.018     nan                                None     -12.932      -3.986     -13.428       0.147      -0.385       0.156
Gaia DR3 1616682147561291392 229.9534570  62.5593334 15.542  2.616       2.389  11.0951  23.6410    -8.39      nan      nan    9.376  nan      nan    nan   0.984     nan                                None     -12.387       0.125     -10.969       0.030       4.629       0.033
Gaia DR3 1613968552863278208 222.5746384  58.6891153 12.613  1.644       0.756  10.7450  23.8000    -7.94      nan      nan    9.562  nan      nan    nan   1.157     nan                                None     -13.545      -2.458     -14.456       0.013      -1.235       0.013
Gaia DR3 1429676179116406144 244.3888702  56.0857277 14.354  2.104       2.185   5.3425  23.8103    -9.15      nan      nan    7.295  nan      nan    nan   1.024     nan                                None      -7.827       0.476     -10.569       0.017      -1.468       0.018
Gaia DR3 1407864131871286656 253.9184546  47.5924906 15.217  2.440       2.897  11.2882  23.8560    -9.61      nan      nan    9.340  nan      nan    nan   1.101     nan                                None      -8.135      -0.942     -13.712       0.041      -2.142       0.044
Gaia DR3 1407864136164159616 253.9210737  47.5914110  8.410  0.701       2.042  11.2903  23.8973    -9.61      nan      nan    9.351  nan      nan    nan   3.653     nan                                None      -8.144      -0.943     -11.685       0.052       0.970       0.057
Gaia DR3 1614271571396149120 224.2534993  58.5579889 10.980  1.102       0.605   9.9306  23.9074    -8.04      nan      nan    9.837  nan      nan    nan  19.383     nan                                None     -13.740      -2.220     -12.830       0.305      -3.085       0.289
Gaia DR3 1593570584944324608 223.2700290  51.2611514  9.822  0.826       1.423   9.1096  23.9828    -7.77      nan      nan   10.043  nan      nan    nan   0.843     nan                                None     -14.145      -4.601     -14.602       0.011      -1.622       0.014
Gaia DR3 1419903955991100800 257.3887724  53.7527965 15.989  2.731       2.785  11.7574  24.0338    -9.75      nan      nan    9.086  nan      nan    nan   1.069     nan                                None      -7.188       1.435     -12.376       0.036       2.676       0.045
Gaia DR3 1628737875946542336 246.8048827  62.9680703 12.253  1.491       2.880  11.6484  24.2054    -9.14      nan      nan    9.243  nan      nan    nan   1.245     nan                                None      -9.468       3.101     -14.789       0.012       1.320       0.018
Gaia DR3 1616226571789458688 227.2066040  61.7635695 14.461  2.643       1.201  11.0793  24.2185    -8.25      nan      nan    9.530  nan      nan    nan   5.793     nan                                None     -12.953      -0.647     -14.236       0.103      -2.690       0.102
Gaia DR3 1592384486775784064 223.8839811  49.5939362 14.325  2.502       1.861   9.2346  24.4146    -7.75      nan      nan   10.085  nan      nan    nan   7.986     nan                                None     -14.131      -4.983     -13.916       0.234      -1.033       0.254
Gaia DR3 1614444366520250624 225.8821690  59.5731752 15.637  2.985       0.861   9.8852  24.4398    -8.16      nan      nan    9.941  nan      nan    nan   2.289     nan                                None     -13.685      -1.606     -14.896       0.073      -2.944       0.069
Gaia DR3 1586607480884231808 223.9223263  44.7785354 16.232  2.711       2.734  11.9064  24.4834    -7.53      nan      nan    8.427  nan      nan    nan   1.077     nan                                None     -11.805      -5.301     -15.475       0.037      -8.482       0.045
Gaia DR3 1617388377623238272 222.8759399  59.5320799 11.518  1.237       0.843  11.0601  24.7488    -7.98      nan      nan    9.657  nan      nan    nan   0.898     nan                                None     -13.645      -2.182     -15.218       0.013      -1.492       0.014
Gaia DR3 1606191329163112576 222.5234226  53.6357112 13.140  1.948       1.951   9.3504  24.7944    -7.80      nan      nan   10.120  nan      nan    nan   1.696     nan                                None     -14.341      -4.095     -14.898       0.025       0.030       0.024
Gaia DR3 1610737358771219328 218.6977633  57.1970492 18.255  3.446       2.578  12.0725  24.8274    -7.66      nan      nan    8.425  nan      nan    nan   1.003     nan                                None     -12.277      -3.221      -7.707       0.124      -2.966       0.127
Gaia DR3 1606191329163536640 222.5235413  53.6348273 10.098  0.899       0.837   9.3503  25.0742    -7.80      nan      nan   10.165  nan      nan    nan   0.949     nan                                None     -14.404      -4.113     -15.452       0.013      -2.659       0.016
Gaia DR3 1617661674982061312 221.4892880  60.1681869 16.157  2.923       1.127  11.9929  25.1193    -7.91      nan      nan    9.340  nan      nan    nan   1.017     nan                                None     -13.343      -2.214     -15.269       0.043      -1.114       0.044
Gaia DR3 1606831343714000000 220.2828048  54.1416397 18.281  3.601       1.227  10.6906  25.1427    -7.66      nan      nan    9.853  nan      nan    nan   0.950     nan                                None     -14.202      -4.290     -15.139       0.154      -1.921       0.148
Gaia DR3 1643889047394003840 229.3030880  63.9804957 13.571  1.942       2.104  12.5033  25.3044    -8.36      nan      nan    8.625  nan      nan    nan   1.012     nan                                None     -11.475       0.377     -14.264       0.014      -2.243       0.016
Gaia DR3 1620064657644993024 228.2006021  63.8805215 16.512  2.958       1.953  12.6310  25.4523    -8.30      nan      nan    8.819  nan      nan    nan   1.520     nan                                None     -11.869       0.155     -13.927       0.079      -2.836       0.079
Gaia DR3 1628240694828961024 245.8227759  61.8947887 16.376  2.865       2.463  10.4868  25.4630    -9.13      nan      nan    7.778  nan      nan    nan   1.018     nan                                None      -8.123       2.206     -10.650       0.037      -0.944       0.040
Gaia DR3 1610713483049385600 218.8964763  56.9322500 12.015  1.423       0.955  11.8986  25.5633    -7.66      nan      nan    9.516  nan      nan    nan   1.102     nan                                None     -13.850      -3.669     -14.948       0.012      -2.098       0.012
Gaia DR3 1406285130091684864 247.4150356  43.9167639 16.693  2.796       2.014  10.4953  25.5844    -9.20      nan      nan    7.766  nan      nan    nan   0.924     nan                                None      -7.858      -2.367      -4.942       0.054      -0.827       0.064
Gaia DR3 1616177467427816832 226.4740541  61.0970328 18.984  3.788       0.394  10.7742  25.6151    -8.21      nan      nan    9.918  nan      nan    nan   1.164     nan                                None     -13.577      -1.025     -12.769       0.241      -1.178       0.270
Gaia DR3 1615477495133500800 229.6653959  60.3897229 16.978  3.180       2.082   9.2731  25.6995    -8.37      nan      nan   10.277  nan      nan    nan   1.093     nan                                None     -13.620      -0.611     -17.904       0.062      -2.024       0.069
Gaia DR3 1432814631978683776 258.9778170  56.7252729 14.313  2.244       2.330  12.9329  26.0707    -9.75      nan      nan    8.735  nan      nan    nan   1.092     nan                                None      -6.582       2.466      -4.471       0.019       6.200       0.022
Gaia DR3 1614499681403394304 224.6704413  59.8837767 18.552  3.580       0.431  10.5499  26.1080    -8.09      nan      nan   10.066  nan      nan    nan   0.982     nan                                None     -14.009      -1.788     -14.864       0.158      -2.112       0.181
Gaia DR3 1598212894834855936 234.8000606  55.7319624  9.478  0.628       2.428   3.8854  26.1395    -8.63      nan      nan    7.090  nan      nan    nan   1.438     nan                                None      -8.837      -0.762      -5.216       0.025      -1.005       0.031
Gaia DR3 1617985343717739776 218.7257159  59.8620852 10.710  1.195       2.275  13.0321  26.2947    -7.74      nan      nan    8.945  nan      nan    nan  13.498     nan                                None     -13.033      -2.738     -14.718       0.234       1.207       0.227
Gaia DR3 1617349860356054144 220.6314853  60.2309600  8.038  0.467       1.433  12.3851  26.3307    -7.86      nan      nan    9.496  nan      nan    nan   1.000     nan                                None     -13.652      -2.410     -16.178       0.021      -3.769       0.022
Gaia DR3 1616063564895405824 226.3149257  60.7068752 11.545  1.385       0.406  10.5327  26.4522    -8.19      nan      nan   10.130  nan      nan    nan   1.748     nan                                None     -13.889      -1.200     -14.542       0.031      -1.769       0.033
Gaia DR3 1332974848712420480 247.9262469  41.0465587 18.639  3.514       2.455  13.1587  26.5782    -9.14      nan      nan    8.988  nan      nan    nan   0.933     nan                                None      -8.999      -3.557      -5.451       0.147      -6.565       0.168
Gaia DR3 1605868004025032064 220.7347819  52.6836690 12.342  1.605       1.576  10.4473  26.5993    -7.64      nan      nan   10.176  nan      nan    nan   1.095     nan                                None     -14.619      -4.756     -15.877       0.010      -1.619       0.012
Gaia DR3 1607476280298633984 222.0117185  56.1591989  9.817  0.998       1.034  10.0380  26.6046    -7.85      nan      nan   10.267  nan      nan    nan   2.267     nan                                None     -14.608      -3.514     -15.703       0.032      -1.563       0.031
Gaia DR3 1605888688587491968 220.0992125  52.6021445 14.854  2.629       1.334  10.8388  26.6555    -7.59      nan      nan   10.091  nan      nan    nan   1.229     nan                                None     -14.564      -4.867     -15.907       0.020      -2.368       0.025
Gaia DR3 1640516089317413632 232.0674190  62.5978988 16.363  2.793       2.613  10.7525  26.7242    -8.50      nan      nan    7.697  nan      nan    nan   1.466     nan                                None      -9.926       0.441      -5.906       0.061       1.787       0.069
Gaia DR3 1377477036386462720 234.6630601  39.2797115 17.551  3.240       1.341  13.2200  27.0272    -8.12      nan      nan    9.206  nan      nan    nan   1.001     nan                                None     -11.496      -5.713     -10.661       0.067      -3.247       0.085
Gaia DR3 1641858215058029696 239.3879671  64.5828535 16.734  2.948       2.632  12.2996  27.0492    -8.80      nan      nan    8.030  nan      nan    nan   0.978     nan                                None      -9.375       2.099     -13.080       0.050      -0.378       0.059
Gaia DR3 1614947358730040064 228.0959373  59.2347764 12.174  1.569       1.394   8.8452  27.1335    -8.28      nan      nan   10.569  nan      nan    nan   1.103     nan                                None     -14.239      -1.337     -17.336       0.011      -1.581       0.013
Gaia DR3 1387951362109776768 232.7441426  39.3227090 16.676  3.089       1.418  13.4674  27.1932    -7.97      nan      nan    9.007  nan      nan    nan   1.467     nan                                None     -11.522      -5.820     -10.215       0.065      -3.465       0.081
Gaia DR3 1617985343716501248 218.7249546  59.8622122 15.223    nan       1.357  13.0325  27.2264    -7.74      nan      nan    9.420  nan      nan    nan   1.453     nan                                None     -13.725      -2.884     -15.394       0.136      -0.769       0.321
Gaia DR3 1357063022469238528 247.8755620  41.5386558 14.855  2.322       2.757  12.7072  27.5047    -9.16      nan      nan    8.091  nan      nan    nan   1.127     nan                                None      -8.110      -3.072      -9.370       0.020       1.458       0.026
Gaia DR3 1617117038768988544 220.1255755  58.8463886 16.477  2.927       0.992  11.9434  27.7476    -7.80      nan      nan    9.990  nan      nan    nan   1.019     nan                                None     -14.416      -3.044     -15.471       0.048      -1.241       0.051
Gaia DR3 1414338094988273920 259.5615740  49.8635439  9.851  0.807       2.827  13.7557  27.7589    -9.87      nan      nan    8.681  nan      nan    nan   1.975     nan                                None      -6.421       0.350      -7.093       0.036       5.479       0.064
Gaia DR3 1611966617067030912 216.9799399  59.0979024 16.071  2.938       1.153  13.5330  27.8694    -7.61      nan      nan    9.324  nan      nan    nan   1.067     nan                                None     -13.736      -3.414     -15.910       0.036      -4.054       0.038
Gaia DR3 1607164362593977472 219.0641935  55.1396084  9.532  0.778       1.170  11.4742  27.9858    -7.61      nan      nan   10.168  nan      nan    nan   0.922     nan                                None     -14.782      -4.397     -15.750       0.012      -2.083       0.012
Gaia DR3 1605310723428572032 216.9992847  52.8405380 15.909  2.883       1.385  12.6832  28.0016    -7.38      nan      nan    9.794  nan      nan    nan   1.113     nan                                None     -14.427      -5.274     -16.016       0.034      -2.897       0.037
Gaia DR3 1377687558503796352 236.9593998  39.7663513 14.127  2.075       2.635  12.5575  28.0914    -8.33      nan      nan    9.861  nan      nan    nan   1.079     nan                                None     -11.934      -5.665      -7.152       0.015      -2.993       0.018
Gaia DR3 1628821370111452800 249.4014981  63.6173292 18.747  3.790       2.717  12.8014  28.1093    -9.22      nan      nan    8.020  nan      nan    nan   1.002     nan                                None      -7.781       3.190      -9.987       0.188      -0.839       0.237
Gaia DR3 1618236822642628736 217.6940117  60.1903797 14.640  2.440       0.975  13.6399  28.1459    -7.68      nan      nan    9.356  nan      nan    nan   1.008     nan                                None     -13.724      -2.991     -15.307       0.022      -1.899       0.020
Gaia DR3 1611876697631820032 217.7661952  58.4391231 16.786  3.084       1.173  12.9224  28.1711    -7.64      nan      nan    9.740  nan      nan    nan   1.034     nan                                None     -14.280      -3.579     -16.051       0.048      -1.946       0.056
Gaia DR3 1620856404800311552 224.6300116  64.4314850 17.914  3.520       1.344  13.9231  28.1906    -8.13      nan      nan    9.111  nan      nan    nan   1.025     nan                                None     -12.685      -0.388     -14.670       0.119      -2.038       0.135
Gaia DR3 1379419800417406848 241.6505066  38.7396474 19.298  3.419       2.388  13.8108  28.3757    -8.63      nan      nan    9.323  nan      nan    nan   0.981     nan                                None     -10.496      -5.090     -14.143       0.211      -2.136       0.260
Gaia DR3 1643902928728289920 229.0738837  64.0609920 16.861  3.160       2.942  12.6190  28.4189    -8.35      nan      nan    9.912  nan      nan    nan   1.088     nan                                None     -13.219       0.411     -18.620       0.080      -2.528       0.083
Gaia DR3 1411810867511588352 248.3819338  50.2452375 15.612  2.959       0.804   6.8519  28.4204    -9.35      nan      nan   11.018  nan      nan    nan   1.129     nan                                None     -10.926      -0.839     -11.560       0.034       0.917       0.042
Gaia DR3 1430943709864652416 253.1096057  58.4025554 10.311  0.823       2.772  10.5302  28.6578    -9.50      nan      nan    7.483  nan      nan    nan   1.387     nan                                None      -6.654       2.025      -9.647       0.019      -1.161       0.021
Gaia DR3 1420756146222503936 260.9419985  56.2042213 20.311  2.173       2.550  13.9257  28.7656    -9.83      nan      nan    9.396  nan      nan    nan   1.092     nan                                None      -6.637       2.672      -2.457       0.808       5.507       0.871
Gaia DR3 1610939879365230464 217.8970090  57.3940056 16.474  3.181       1.598  12.5421  28.7749    -7.61      nan      nan   10.014  nan      nan    nan   1.091     nan                                None     -14.669      -3.945     -16.721       0.045      -1.268       0.056
Gaia DR3 1611371849995774592 216.2962869  57.6332090  9.532  0.767       1.231  13.4344  28.8485    -7.52      nan      nan    9.694  nan      nan    nan   0.914     nan                                None     -14.339      -4.091     -15.847       0.011      -2.077       0.011
Gaia DR3 1394909449647781248 232.8647703  45.8700917 18.404  3.920       2.826   7.2347  28.9073    -8.28      nan      nan   11.044  nan      nan    nan   1.010     nan                                None     -14.107      -4.951     -11.579       0.153       1.123       0.177
Gaia DR3 1433796079249780352 255.9709731  58.4213951 17.897  3.825       2.214  11.8865  29.0677    -9.61      nan      nan   10.261  nan      nan    nan   0.983     nan                                None      -8.456       3.158     -13.244       0.151       3.167       0.206
Gaia DR3 1621587408233455616 239.7114678  55.3942053 19.677  2.951       2.106   3.2627  29.2396    -8.91      nan      nan    6.912  nan      nan    nan   1.125     nan                                None      -8.029      -0.229      -5.902       0.332      -2.441       0.382
Gaia DR3 1607285240153564800 221.5800618  55.2281594 15.576  2.837       0.725  10.0656  29.2508    -7.79      nan      nan   10.686  nan      nan    nan   1.165     nan                                None     -15.255      -4.039     -13.721       0.034      -4.598       0.033
Gaia DR3 1605279799664073344 216.8995154  52.5479150 18.088  3.520       1.721  12.7770  29.6146    -7.35      nan      nan   10.115  nan      nan    nan   0.977     nan                                None     -14.908      -5.548     -16.214       0.124      -2.119       0.152
Gaia DR3 1405193796081900672 247.3119536  42.2605426 19.049  3.606       2.122  11.8725  29.6791    -9.14      nan      nan    7.608  nan      nan    nan   1.023     nan                                None      -7.715      -2.754     -11.096       0.183      -3.146       0.238
Gaia DR3 1378096645548675456 236.3338765  41.6446542 16.512  2.927       0.275  10.7160  29.7177    -8.36      nan      nan   10.639  nan      nan    nan   1.065     nan                                None     -12.989      -5.590     -13.556       0.045      -5.832       0.051
Gaia DR3 1620001985481723264 226.2276626  63.7412861 14.972    nan       2.494  12.9584  29.9473    -8.21      nan      nan   10.127  nan      nan    nan   0.677     nan                                None     -13.896      -0.290     -17.660       0.376      -4.058       0.223
