GaiaDR3                               RA         DEC   Gmag  Bp-Rp  Voff(km/s) Sep(deg)   3D(pc) Vr(pred)  Vr(obs)    Vrerr Plx(mas)  SpT    FnuvJ  W1-W3    RUWE  XCrate                               RVsrc    PMRApred   PMDecpred        PMRA     PMRAerr       PMDec    PMDecerr
Gaia DR3 2881784280929695360   0.3620977  39.3837942 10.593  0.694       0.000   0.0000   0.0000   -14.21   -14.21     0.77    3.684  nan      nan    nan   0.908     nan                            Gaia_DR3      -9.696      -7.823      -9.696       0.010      -7.823       0.010
Gaia DR3 2881421579531084672 358.8851290  38.9208181 15.844    nan       4.108   1.2354   5.9240   -13.87      nan      nan    3.672  nan      nan    nan   0.998     nan                                None      -9.755      -8.044      -7.713       0.115      -5.606       0.055
Gaia DR3 2881086258548349952   1.8989898  39.4548526 12.465  0.961       3.245   1.1894   5.9247   -14.48    -1.08     0.82    3.660  nan      nan    nan   0.989     nan                            Gaia_DR3      -9.535      -7.595      -7.421       0.009      -6.253       0.008
Gaia DR3 2881809805919411328   0.3686588  39.7299225 18.869  2.578       4.518   0.3462   7.2437   -14.27      nan      nan    3.590  nan      nan    nan   0.999     nan                                None      -9.451      -7.559      -6.051       0.163      -7.187       0.144
Gaia DR3 2881715900753580800 358.7077647  39.7547873 18.299  2.848       2.491   1.3281   7.5401   -13.99      nan      nan    3.629  nan      nan    nan   1.002     nan                                None      -9.650      -7.814      -9.170       0.114      -5.969       0.105
Gaia DR3 2880703289200384384   0.8782832  37.7824289 16.035  2.242       2.054   1.6514   7.8310   -14.01      nan      nan    3.680  nan      nan    nan   1.019     nan                                None      -9.656      -8.068     -10.426       0.046      -9.463       0.030
Gaia DR3 2881679582510897024 358.3931977  39.3034766 17.969  2.843       4.188   1.5248   7.8904   -13.86      nan      nan    3.642  nan      nan    nan   0.992     nan                                None      -9.703      -7.960      -6.741       0.096      -6.708       0.086
Gaia DR3 2881515278537264256 358.2011533  38.6863012  9.959  0.583       4.061   1.8176   8.8413   -13.71     9.23     0.35    3.713  nan      nan    nan   0.960     nan                            Gaia_DR3      -9.902      -8.252      -9.023       0.017      -5.197       0.012
Gaia DR3 2880653261421646720   1.8939851  37.7474906 18.958  2.978       1.064   2.0278   9.6942   -14.18      nan      nan    3.668  nan      nan    nan   1.072     nan                                None      -9.558      -7.944     -10.208       0.199      -7.440       0.164
Gaia DR3 2882219584455171328   0.2155878  41.0403891 16.948  2.678       2.740   1.6604  10.5383   -14.47      nan      nan    3.592  nan      nan    nan   0.998     nan                                None      -9.465      -7.331     -11.092       0.049      -6.042       0.043
Gaia DR3 2880243624621213312   1.1996023  37.2217800 19.097  2.963       4.693   2.2597  10.7744   -13.96      nan      nan    3.670  nan      nan    nan   1.007     nan                                None      -9.607      -8.118      -5.980       0.288      -8.283       0.186
 Gaia DR3 384031103454486912   1.1158195  41.1544026 13.138  1.157       2.235   1.8616  11.1939   -14.63   -18.33     1.25    3.594  nan      nan    nan   4.014     nan                            Gaia_DR3      -9.415      -7.215      -9.578       0.040      -5.530       0.037
Gaia DR3 1921378088296079744 358.6440428  40.8156681 17.262  2.615       2.043   1.9435  11.3197   -14.17      nan      nan    3.598  nan      nan    nan   0.969     nan                                None      -9.572      -7.557     -10.950       0.083      -6.847       0.063
Gaia DR3 2880644220514403712   1.5728981  37.7272618 16.527  2.563       2.004   1.9080  11.8242   -14.12      nan      nan    3.792  nan      nan    nan   1.076     nan                                None      -9.902      -8.250     -11.415       0.064      -8.778       0.044
Gaia DR3 1920964908146717312 358.2901799  40.0538296 18.788  2.825       4.781   1.7288  11.9849   -13.98      nan      nan    3.570  nan      nan    nan   1.024     nan                                None      -9.517      -7.676      -9.410       0.165      -4.079       0.144
 Gaia DR3 382866445763006720   2.9469252  39.5065383 15.908  2.197       3.096   1.9998  12.8002   -14.66      nan      nan    3.573  nan      nan    nan   1.035     nan                                None      -9.238      -7.296      -7.953       0.033      -5.351       0.026
Gaia DR3 2879975098969535744 357.6264024  38.0438391 18.904  2.899       4.069   2.5201  13.1048   -13.49      nan      nan    3.762  nan      nan    nan   0.915     nan                                None     -10.066      -8.545     -10.539       0.232     -11.738       0.154
 Gaia DR3 379768434312816896   3.5580470  38.7037556 12.875  1.013       3.323   2.5735  13.7793   -14.62    -7.68     1.06    3.777  nan      nan    nan   0.893     nan                            Gaia_DR3      -9.722      -7.812      -7.911       0.010      -5.882       0.008
Gaia DR3 1920962262446796800 358.1942825  39.8938935 18.868  2.891       2.000   1.7455  13.9086   -13.93      nan      nan    3.844  nan      nan    nan   1.003     nan                                None     -10.252      -8.307      -9.815       0.159      -9.868       0.151
Gaia DR3 1921320398295315840 357.2634799  41.3239447  9.828  0.386       3.796   3.0558  14.9536   -14.03   -11.23     1.27    3.638  nan      nan    nan   1.026     nan                            Gaia_DR3      -9.754      -7.698     -12.657       0.013      -7.482       0.013
 Gaia DR3 384351645453762560   0.0318435  42.4621655 18.053  2.611       1.334   3.0885  14.9928   -14.67      nan      nan    3.645  nan      nan    nan   1.231     nan                                None      -9.614      -7.180      -8.753       0.292      -7.736       0.168
Gaia DR3 2881971502847612416   0.1478014  40.1822658 18.350  3.342       4.215   0.8153  15.0078   -14.31      nan      nan    3.497  nan      nan    nan   1.016     nan                                None      -9.218      -7.302      -7.851       0.121      -4.512       0.100
 Gaia DR3 383084247848733824   3.3846667  40.8046829 18.487  2.967       4.627   2.7137  15.1965   -14.95      nan      nan    3.581  nan      nan    nan   1.019     nan                                None      -9.229      -7.014      -6.926       0.136      -4.389       0.115
Gaia DR3 2879998502246710144 356.9683267  38.0229109 18.023  3.185       1.310   2.9774  15.4915   -13.38      nan      nan    3.603  nan      nan    nan   0.941     nan                                None      -9.675      -8.256      -9.968       0.132      -7.305       0.095
Gaia DR3 2881087224916144256   1.8301522  39.4805413 20.005  2.696       3.401   1.1380  15.5288   -14.47      nan      nan    3.497  nan      nan    nan   1.000     nan                                None      -9.115      -7.259      -7.921       0.377      -5.055       0.309
Gaia DR3 2880884807402153728   1.7962989  39.0962147 18.183  1.809       2.038   1.1474  15.6801   -14.40      nan      nan    3.495  nan      nan    nan   2.623     nan                                None      -9.112      -7.330      -7.678       0.266      -6.885       0.241
 Gaia DR3 379667588481346816   4.5981099  38.8296940 10.665  0.620       2.077   3.3331  15.7847   -14.82    -6.02     0.84    3.687  nan      nan    nan   1.081     nan                            Gaia_DR3      -9.415      -7.493     -11.017       0.018      -7.690       0.012
Gaia DR3 1921755731884440192 358.2065078  42.2004340 15.712  2.166       4.978   3.2550  16.1403   -14.33      nan      nan    3.626  nan      nan    nan   0.978     nan                                None      -9.669      -7.399      -9.418       0.028      -3.603       0.025
Gaia DR3 1922064110536809088 356.7198549  41.3947272 12.225  0.892       4.299   3.4258  16.2307   -13.95   -11.18     0.97    3.697  nan      nan    nan   1.054     nan                            Gaia_DR3      -9.941      -7.872     -12.812       0.009      -6.145       0.010
Gaia DR3 2879910232079098880 356.4373430  37.8218617 19.547  2.803       3.593   3.4415  16.3307   -13.24      nan      nan    3.676  nan      nan    nan   0.911     nan                                None      -9.897      -8.515      -8.619       0.357      -6.041       0.248
Gaia DR3 2877118812575119616   1.1199508  36.0076433 19.797  2.923       4.888   3.4290  16.6051   -13.72      nan      nan    3.643  nan      nan    nan   1.070     nan                                None      -9.543      -8.293      -7.657       0.418      -5.047       0.305
Gaia DR3 2879998497951332992 356.9637437  38.0226210 18.349  3.019       1.006   2.9807  16.8700   -13.37      nan      nan    3.567  nan      nan    nan   1.032     nan                                None      -9.578      -8.174      -9.625       0.164      -7.419       0.116
Gaia DR3 2879720080990718080 357.4856633  37.1188947 18.220  2.840       2.772   3.1984  17.0136   -13.29      nan      nan    3.587  nan      nan    nan   1.013     nan                                None      -9.604      -8.325     -10.193       0.144      -6.313       0.113
Gaia DR3 2878602427421573888 358.9693022  35.8229932 19.227  3.085       3.708   3.7277  17.6638   -13.31      nan      nan    3.701  nan      nan    nan   1.005     nan                                None      -9.827      -8.673      -6.944       0.302      -8.429       0.191
Gaia DR3 2878616209972360320 359.3012691  35.9179377 15.498  1.929       2.273   3.5661  17.7672   -13.38      nan      nan    3.768  nan      nan    nan   0.979     nan                                None      -9.983      -8.777      -8.204       0.032      -9.078       0.025
Gaia DR3 2880351681703208832 359.1600063  36.6954830 19.243  2.808       4.124   2.8501  17.8632   -13.51      nan      nan    3.536  nan      nan    nan   1.027     nan                                None      -9.377      -8.114     -12.449       0.362      -8.205       0.220
Gaia DR3 2881603823583073664 358.6466373  38.9063304 13.450  1.155       2.691   1.4135  17.8661   -13.83    -3.86     2.58    3.473  nan      nan    nan   4.892     nan                            Gaia_DR3      -9.238      -7.634      -7.370       0.073      -8.258       0.051
 Gaia DR3 384011101791235328   1.2157005  40.8436225 17.414  2.539       1.615   1.5991  18.5327   -14.60      nan      nan    3.469  nan      nan    nan   1.049     nan                                None      -9.080      -7.011      -9.380       0.072      -5.868       0.057
Gaia DR3 1922598099526424832 357.9618166  42.9098013  6.551  1.183       3.860   3.9618  18.7996   -14.41    -1.00     0.13    3.675  nan      nan    nan   0.980     nan                            Gaia_DR3      -9.815      -7.391     -12.232       0.018      -5.630       0.014
 Gaia DR3 384634456164484352   1.5286318  43.2705950 16.789  2.530       4.571   3.9842  18.8621   -15.04      nan      nan    3.693  nan      nan    nan   1.094     nan                                None      -9.647      -6.940      -6.597       0.055      -8.774       0.044
 Gaia DR3 378723825251211648   4.8397539  37.8249617 18.918  2.941       3.785   3.8301  18.9621   -14.69      nan      nan    3.618  nan      nan    nan   0.984     nan                                None      -9.221      -7.526      -6.434       0.187      -8.279       0.225
 Gaia DR3 378658786561292160   4.5219679  36.9393374 16.603  2.145       3.365   4.0825  19.4323   -14.48      nan      nan    3.721  nan      nan    nan   1.023     nan                                None      -9.507      -7.949     -10.303       0.049      -5.432       0.056
 Gaia DR3 379547638633735808   4.3380599  38.2758143 17.237  2.608       1.482   3.2892  19.5380   -14.68      nan      nan    3.536  nan      nan    nan   1.022     nan                                None      -9.047      -7.318      -9.836       0.060      -8.091       0.051
Gaia DR3 2881065269044404736   1.4149655  39.1957473 16.692  2.281       0.775   0.8363  19.5419   -14.35      nan      nan    3.441  nan      nan    nan   0.989     nan                                None      -8.996      -7.238      -8.721       0.040      -6.747       0.040
Gaia DR3 1922607995131885568 358.3150739  43.1594637 15.568  1.836       3.459   4.0767  19.7587   -14.51     3.32     8.50    3.752  nan      nan    nan   4.511     nan                            Gaia_DR3      -9.999      -7.453     -12.256       0.343      -8.999       0.339
 Gaia DR3 384421288346664192   0.7855874  42.8037265 13.027  1.099       4.366   3.4348  19.9016   -14.85   -23.67     1.19    3.540  nan      nan    nan   1.114     nan                            Gaia_DR3      -9.294      -6.826      -8.221       0.013      -3.749       0.011
Gaia DR3 2876881352422776960   2.3478367  35.8282572 15.289  1.981       4.710   3.8877  20.0073   -13.90   -16.30     5.14    3.588  nan      nan    nan   1.740     nan                            Gaia_DR3      -9.319      -8.082      -8.489       0.044     -11.547       0.029
 Gaia DR3 383503711533660416   4.3502222  41.6004861 17.810  2.629       1.433   3.7560  20.1959   -15.23      nan      nan    3.566  nan      nan    nan   0.966     nan                                None      -9.123      -6.725      -8.555       0.090      -7.640       0.076
 Gaia DR3 380055608710269440   6.0933756  39.6196610 15.256  1.872       3.366   4.4278  21.0438   -15.19   -15.15     3.35    3.669  nan      nan    nan   1.005     nan                            Gaia_DR3      -9.255      -7.143      -6.726       0.026      -7.763       0.027
Gaia DR3 2879975137624845312 357.6516243  38.0475597 17.157  2.496       0.985   2.5015  21.1463   -13.50      nan      nan    3.942  nan      nan    nan   0.981     nan                                None     -10.545      -8.949     -11.082       0.083      -8.332       0.054
Gaia DR3 2881406869266913792 358.7589144  38.5278371 17.889  2.899       1.612   1.5122  21.2242   -13.78      nan      nan    3.432  nan      nan    nan   1.060     nan                                None      -9.124      -7.600      -8.039       0.159      -7.173       0.119
Gaia DR3 1918743383559915648 355.4620237  37.4646107 15.798  2.381       0.545   4.2910  21.2371   -13.00      nan      nan    3.611  nan      nan    nan   1.381     nan                                None      -9.770      -8.529      -9.714       0.049      -8.118       0.043
 Gaia DR3 380136667626982400   6.2200067  39.5945281 19.164  2.977       4.672   4.5249  21.4730   -15.21      nan      nan    3.674  nan      nan    nan   1.083     nan                                None      -9.258      -7.145      -5.733       0.254      -6.327       0.224
Gaia DR3 1922839923365268864 357.6285887  43.4192346  8.087  0.013       4.112   4.5258  21.5531   -14.44     1.69     0.25    3.728  nan      nan    nan   0.885     nan                            Gaia_DR3      -9.974      -7.436     -13.008       0.023      -6.323       0.024
Gaia DR3 1922839923365269248 357.6306128  43.4188401 10.023  0.442       3.909   4.5247  21.6093   -14.44     3.27     1.77    3.735  nan      nan    nan   0.893     nan                            Gaia_DR3      -9.993      -7.449     -12.927       0.012      -6.522       0.013
 Gaia DR3 382827718042116608   2.7120126  39.1192979 19.986  2.902       2.980   1.8388  21.6211   -14.55      nan      nan    3.975  nan      nan    nan   1.015     nan                                None     -10.298      -8.229      -9.135       0.340     -10.440       0.287
 Gaia DR3 384627859094622208   1.7085503  43.0664092 17.681  2.813       2.069   3.8192  22.0096   -15.04      nan      nan    3.528  nan      nan    nan   0.933     nan                                None      -9.205      -6.650      -8.056       0.080      -5.626       0.081
Gaia DR3 2880864298933472128   2.2079244  38.8703233 14.813  1.386       3.189   1.5211  22.0192   -14.43   -11.38     3.13    3.991  nan      nan    nan   2.801     nan                            Gaia_DR3     -10.375      -8.371      -8.907       0.220      -6.126       0.160
Gaia DR3 2881421575235740928 358.8854176  38.9211360 13.643  1.307       2.757   1.2350  22.1690   -13.87   -27.56     2.46    3.415  nan      nan    nan   1.124     nan                            Gaia_DR3      -9.073      -7.482      -7.205       0.017      -6.809       0.012
Gaia DR3 2877435712441872128   3.6568755  37.1503319  9.524  0.382       4.732   3.4172  22.2054   -14.37    -1.12     0.46    3.910  nan      nan    nan   0.960     nan                            Gaia_DR3     -10.056      -8.400     -13.122       0.012      -5.989       0.008
Gaia DR3 2876808681576274560   1.4725047  35.4407184 13.886  1.449       4.789   4.0404  22.2651   -13.68    -6.08     2.46    3.855  nan      nan    nan   7.135     nan                            Gaia_DR3     -10.073      -8.848     -11.749       0.128      -5.336       0.078
 Gaia DR3 384423040694242176   0.8547682  42.9313093 18.262  2.873       4.640   3.5668  22.3922   -14.88      nan      nan    3.501  nan      nan    nan   1.059     nan                                None      -9.186      -6.717     -12.610       0.120      -6.685       0.099
Gaia DR3 2879453827377953152 355.7891831  36.4342494 13.203  1.116       1.000   4.6590  22.5520   -12.86    -2.10     1.50    3.632  nan      nan    nan   0.960     nan                            Gaia_DR3      -9.812      -8.723      -9.773       0.013      -7.958       0.012
Gaia DR3 2881392335098193536 358.9810845  38.4588792 19.884  2.559       4.523   1.4177  22.5983   -13.81      nan      nan    4.003  nan      nan    nan   1.097     nan                                None     -10.628      -8.852      -7.013       0.591      -7.628       0.460
Gaia DR3 2876737969234739200   1.7459353  35.1215715 17.472  2.603       1.440   4.4021  22.7131   -13.66      nan      nan    3.575  nan      nan    nan   0.991     nan                                None      -9.324      -8.238     -10.409       0.114      -8.283       0.060
 Gaia DR3 383602706236942848   4.3657482  41.7991692 12.277  0.888       1.959   3.8822  22.7158   -15.26    -0.79    15.22    3.519  nan      nan    nan   0.973     nan                            Gaia_DR3      -9.002      -6.596     -10.233       0.009      -7.368       0.008
 Gaia DR3 382032431833674496   5.9685987  41.4988493 14.571  1.600       4.504   4.7610  22.7328   -15.47    -3.66     3.56    3.656  nan      nan    nan   1.039     nan                            Gaia_DR3      -9.231      -6.742      -8.490       0.017     -10.134       0.012
Gaia DR3 1920253837655421312 354.3409849  39.2570499 16.782  1.486       4.259   4.6589  22.9753   -13.15      nan      nan    3.786  nan      nan    nan   7.227     nan                                None     -10.296      -8.740      -6.996       0.441      -9.555       0.270
 Gaia DR3 379269217377907072   6.4288820  39.1754697 17.289  2.572       0.955   4.6998  23.0041   -15.17      nan      nan    3.778  nan      nan    nan   1.020     nan                                None      -9.502      -7.413      -9.352       0.079      -6.668       0.074
Gaia DR3 1921346305537989888 357.1752069  41.6505888 12.378  0.972       4.407   3.3173  23.0366   -14.07   -12.28     0.73    3.934  nan      nan    nan   0.955     nan                            Gaia_DR3     -10.552      -8.269     -12.497       0.007     -11.364       0.008
Gaia DR3 2881515072379382528 358.2063644  38.6878213  9.548  0.598       4.892   1.8133  23.0415   -13.71      nan      nan    4.001  nan      nan    nan   4.136     nan                                None     -10.669      -8.891      -9.602       0.175      -4.905       0.110
 Gaia DR3 382993538138799872   4.1766455  40.2199095 18.896 -0.154       0.566   3.0472  23.9840   -14.98      nan      nan    3.969  nan      nan    nan   0.993     nan                                None     -10.170      -7.812     -10.642       0.208      -7.832       0.136
Gaia DR3 1919862682098770560 354.0611744  38.7992670 17.440  2.741       2.480   4.9242  24.2191   -13.01      nan      nan    3.790  nan      nan    nan   0.996     nan                                None     -10.318      -8.864      -9.180       0.108      -7.243       0.074
Gaia DR3 2875239747202576256   0.6240481  34.5032050 12.524  0.987       4.575   4.8851  24.3040   -13.35     3.67     0.88    3.803  nan      nan    nan   0.916     nan                            Gaia_DR3      -9.992      -8.990     -11.103       0.013     -12.485       0.008
Gaia DR3 2880104532104405504   0.4930606  36.5609731 19.548  2.732       1.096   2.8247  24.4010   -13.72      nan      nan    3.430  nan      nan    nan   0.986     nan                                None      -9.021      -7.769      -8.234       0.327      -7.857       0.251
Gaia DR3 2879650262005866240 357.8776749  36.7888196 15.805  1.875       4.603   3.2489  24.5552   -13.30      nan      nan    3.970  nan      nan    nan   1.830     nan                                None     -10.607      -9.234      -6.834       0.142      -8.456       0.110
Gaia DR3 2880528879168575104   0.1461805  37.8606811  8.958  1.254       3.522   1.5324  24.5904   -13.90   -13.36     0.13    3.391  nan      nan    nan   1.035     nan                            Gaia_DR3      -8.939      -7.490      -7.490       0.016      -9.549       0.011
Gaia DR3 2877691142736782976   2.7453311  37.7411320 13.973  1.362       4.146   2.4840  24.6662   -14.32   -14.13     1.80    3.414  nan      nan    nan   1.024     nan                            Gaia_DR3      -8.842      -7.314      -9.931       0.011     -10.092       0.010
 Gaia DR3 379998434104975872   5.6649373  38.9423152 18.407  2.920       4.992   4.1346  24.7724   -15.01      nan      nan    3.497  nan      nan    nan   0.984     nan                                None      -8.853      -6.982     -12.263       0.138      -8.365       0.144
Gaia DR3 1923752582439069440 353.9718746  41.4131286 19.788  2.631       1.560   5.2710  25.0034   -13.49      nan      nan    3.724  nan      nan    nan   1.090     nan                                None     -10.143      -8.245      -9.308       0.301      -7.349       0.304
Gaia DR3 2875927663524630272   1.8031182  34.3544984 15.954  2.123       3.368   5.1595  25.1101   -13.53      nan      nan    3.620  nan      nan    nan   1.054     nan                                None      -9.438      -8.475      -7.075       0.045      -7.464       0.027
Gaia DR3 1923006636814109440 359.3046629  44.3633393 19.945  2.388       3.070   5.0413  25.1152   -14.86      nan      nan    3.594  nan      nan    nan   1.009     nan                                None      -9.522      -6.791      -8.968       0.385      -4.532       0.346
Gaia DR3 2878442418415680384 358.4385268  34.7972316 19.174  2.656       4.250   4.8361  25.2153   -13.01      nan      nan    3.558  nan      nan    nan   0.937     nan                                None      -9.475      -8.564     -12.337       0.292      -7.160       0.201
Gaia DR3 2881936013534084864   0.8813684  40.1545289 16.199  1.172       3.835   0.8679  25.5166   -14.43      nan      nan    4.061  nan      nan    nan   9.093     nan                                None     -10.653      -8.397      -7.575       0.308      -7.257       0.295
Gaia DR3 2881447276320386304 358.9965249  39.0349183 19.824  2.544       3.397   1.1141  25.5576   -13.91      nan      nan    3.374  nan      nan    nan   1.008     nan                                None      -8.955      -7.360      -6.611       0.335      -6.776       0.286
Gaia DR3 2878440150672878464 358.2341496  34.7993261 14.469  1.675       4.746   4.8882  25.6417   -12.97     9.77     3.82    3.855  nan      nan    nan   1.310     nan                            Gaia_DR3     -10.278      -9.300      -6.427       0.044      -9.098       0.028
Gaia DR3 1925952056667937408 357.6580130  44.4018893 10.263  0.458       2.768   5.4059  25.6655   -14.61    -6.20     2.13    3.730  nan      nan    nan   2.755     nan                            Gaia_DR3      -9.977      -7.240     -11.842       0.040      -8.362       0.039
 Gaia DR3 379605736655671040   5.2428573  38.4138357 19.533  2.610       2.145   3.9198  25.6962   -14.85      nan      nan    3.465  nan      nan    nan   1.005     nan                                None      -8.802      -7.059      -7.684       0.288      -8.157       0.308
 Gaia DR3 379773725713439744   3.9626345  38.8276063 15.615  2.001       4.423   2.8486  25.7151   -14.71      nan      nan    3.413  nan      nan    nan   1.023     nan                                None      -8.758      -6.997      -5.688       0.034      -6.159       0.022
Gaia DR3 2881776343830710272   0.3181723  39.1173737 16.846  1.983       2.510   0.2686  25.7424   -14.15      nan      nan    3.365  nan      nan    nan   7.576     nan                                None      -8.860      -7.197      -7.360       0.313      -8.156       0.317
 Gaia DR3 386469094394380416   1.3598458  44.4341682 19.475  3.009       4.794   5.1045  25.7795   -15.19      nan      nan    3.826  nan      nan    nan   0.927     nan                                None     -10.005      -6.962      -8.826       0.249      -3.279       0.253
Gaia DR3 1926135499015130240 357.2632515  44.3220488 18.222  2.790       0.952   5.4500  26.0482   -14.53      nan      nan    3.752  nan      nan    nan   0.918     nan                                None     -10.058      -7.347      -9.677       0.106      -7.996       0.105
 Gaia DR3 383059100815979136   3.5420557  40.4785606 16.276  2.315       3.784   2.6727  26.2103   -14.92      nan      nan    4.029  nan      nan    nan   3.801     nan                                None     -10.372      -7.945     -12.599       0.133     -10.261       0.101
 Gaia DR3 385056531189596544   0.1238627  44.9068838 12.278  0.977       4.596   5.5259  26.3287   -15.07   -21.35     0.48    3.658  nan      nan    nan   0.885     nan                            Gaia_DR3      -9.645      -6.706      -6.125       0.012      -6.283       0.009
Gaia DR3 1919050830200401920 353.8849623  37.9965610 15.726  2.190       3.518   5.2412  26.7155   -12.83      nan      nan    3.840  nan      nan    nan   1.086     nan                                None     -10.464      -9.148      -7.927       0.036      -7.854       0.031
Gaia DR3 2881160784820470528   1.2379230  39.7288912 18.317  2.646       4.827   0.7583  26.7533   -14.41      nan      nan    4.083  nan      nan    nan   1.973     nan                                None     -10.685      -8.492     -10.470       0.229      -4.343       0.202
 Gaia DR3 380070971809964032   5.5099182  39.3298173 11.263  0.830       3.194   3.9802  26.7608   -15.05   -30.06     0.30    3.971  nan      nan    nan   2.222     nan                            Gaia_DR3     -10.066      -7.860     -12.121       0.026      -6.149       0.027
Gaia DR3 2864287752395778176   5.6784646  35.5643578 12.949  1.031       1.019   5.6892  26.9115   -14.43    -3.50     1.30    3.701  nan      nan    nan   5.205     nan                            Gaia_DR3      -9.369      -8.066      -8.616       0.079      -8.322       0.079
Gaia DR3 2880528569930929664   0.1376588  37.8587346 15.178  1.835       3.724   1.5351  27.2059   -13.90   -10.07     5.79    3.360  nan      nan    nan   1.104     nan                            Gaia_DR3      -8.858      -7.423      -7.553       0.030      -9.716       0.021
 Gaia DR3 385440952237493120   3.0825664  43.5729503 18.630  2.661       3.983   4.6580  27.2283   -15.33      nan      nan    3.490  nan      nan    nan   1.740     nan                                None      -9.015      -6.329      -6.085       0.270      -6.311       0.244
 Gaia DR3 378489285676285568   6.9358555  37.0895352 19.201  3.045       1.089   5.6483  27.2311   -14.91      nan      nan    3.631  nan      nan    nan   1.054     nan                                None      -9.092      -7.495      -9.733       0.269      -8.027       0.244
Gaia DR3 1920233702851917952 354.6303632  39.0316200 12.803  1.119       2.690   4.4545  27.2597   -13.16     2.23     0.70    3.473  nan      nan    nan   1.355     nan                            Gaia_DR3      -9.432      -8.025      -9.745       0.019      -6.081       0.014
Gaia DR3 2876756145536230272   1.3203301  34.9425155 15.749  2.117       3.363   4.5064  27.2799   -13.55      nan      nan    3.943  nan      nan    nan   0.983     nan                                None     -10.313      -9.164     -12.032       0.038      -6.960       0.025
Gaia DR3 1925882508262222976 357.7607527  44.0765750 17.854  1.776       3.517   5.0778  27.3149   -14.57      nan      nan    3.885  nan      nan    nan   3.318     nan                                None     -10.386      -7.596      -8.661       0.315      -9.902       0.291
Gaia DR3 2874347218639018496   1.8390871  33.7157961 18.408  2.636       2.691   5.7906  27.3908   -13.41      nan      nan    3.706  nan      nan    nan   1.021     nan                                None      -9.660      -8.790      -7.565       0.208      -8.974       0.124
Gaia DR3 2880864298934813568   2.2078070  38.8707713 12.739  1.041       3.348   1.5209  27.5990   -14.43   -13.95     0.96    3.356  nan      nan    nan   1.670     nan                            Gaia_DR3      -8.723      -7.038     -10.606       0.016      -5.601       0.014
Gaia DR3 1919644673855804160 355.7769376  39.8404866 16.021  2.696       3.585   3.5613  27.6328   -13.51      nan      nan    4.015  nan      nan    nan   1.266     nan                                None     -10.846      -8.980      -9.237       0.055     -11.553       0.042
Gaia DR3 2864147560367649408   4.8947693  34.8354537 18.484  2.844       2.702   5.8080  27.7906   -14.16      nan      nan    3.761  nan      nan    nan   0.986     nan                                None      -9.581      -8.416     -10.166       0.189     -10.477       0.173
 Gaia DR3 380194185830563840   6.7263961  40.3087857 16.034  2.113       2.928   4.9719  27.8481   -15.40      nan      nan    3.913  nan      nan    nan   1.066     nan                                None      -9.817      -7.396      -8.642       0.039      -9.507       0.040
 Gaia DR3 381750407100644608   7.3817358  41.3998670 16.859  2.461       4.057   5.7117  28.1790   -15.67      nan      nan    3.595  nan      nan    nan   1.050     nan                                None      -8.968      -6.504     -11.776       0.064      -5.252       0.062
Gaia DR3 1925449300679356160 355.8287811  42.9859830 18.789  3.182       2.846   4.9599  28.2584   -14.08      nan      nan    3.494  nan      nan    nan   1.123     nan                                None      -9.436      -7.251      -7.470       0.192      -7.979       0.175
Gaia DR3 2877424678669837824   4.1695805  37.1312079 15.839  2.182       3.294   3.7428  28.3478   -14.45      nan      nan    3.413  nan      nan    nan   0.985     nan                                None      -8.744      -7.288      -8.603       0.028      -4.922       0.027
 Gaia DR3 384703175641408384   2.2631885  43.6141290 17.720  2.577       1.783   4.4632  28.3713   -15.21      nan      nan    3.453  nan      nan    nan   0.966     nan                                None      -8.974      -6.343      -9.810       0.089      -5.351       0.068
 Gaia DR3 379607974334341248   5.3073209  38.5083557 14.299  1.634       4.852   3.9439  28.3837   -14.88   -20.98     1.92    4.009  nan      nan    nan   1.092     nan                            Gaia_DR3     -10.178      -8.139     -10.603       0.017     -12.217       0.019
 Gaia DR3 384363121605292160   1.3763507  42.0804448 19.949  2.672       2.717   2.8040  28.6176   -14.83      nan      nan    3.373  nan      nan    nan   1.016     nan                                None      -8.819      -6.574     -10.393       0.392      -5.454       0.330
Gaia DR3 1923717642883357440 353.1886304  41.3808918 16.520  2.471       3.764   5.8156  28.7592   -13.35      nan      nan    3.821  nan      nan    nan   1.015     nan                                None     -10.443      -8.561     -12.315       0.035      -6.176       0.039
Gaia DR3 1919852172316318720 354.1578646  38.7963664 17.291  2.625       2.925   4.8502  28.8467   -13.03      nan      nan    3.952  nan      nan    nan   2.244     nan                                None     -10.756      -9.233      -9.838       0.262      -6.975       0.156
 Gaia DR3 382608983946785280   6.2785238  43.4207011 18.592  3.010       3.197   5.9963  28.9746   -15.80      nan      nan    3.787  nan      nan    nan   0.942     nan                                None      -9.538      -6.531     -10.791       0.133      -4.308       0.097
Gaia DR3 2876160515175410432   4.6784891  34.9472913 19.345  3.049       3.798   5.6121  29.0004   -14.14      nan      nan    3.548  nan      nan    nan   1.038     nan                                None      -9.054      -7.938     -11.709       0.355      -8.949       0.385
Gaia DR3 1926566718030495232 356.1813673  44.5655561 15.968  2.237       1.890   6.0404  29.0071   -14.40      nan      nan    3.775  nan      nan    nan   1.004     nan                                None     -10.176      -7.477     -11.642       0.034      -7.812       0.028
Gaia DR3 2875434115946791040   0.0086343  34.6251433 19.367  2.633       2.241   4.7670  29.0501   -13.26      nan      nan    3.965  nan      nan    nan   0.976     nan                                None     -10.460      -9.413     -10.208       0.364      -7.557       0.219
Gaia DR3 1921457837248631040 358.6938489  41.2737645 10.664  0.655       1.622   2.2779  29.1108   -14.26    -6.12     1.19    3.352  nan      nan    nan   0.983     nan                            Gaia_DR3      -8.915      -6.955      -9.867       0.011      -7.594       0.009
Gaia DR3 2876512672429801984   3.5743770  36.0308099 15.946  2.509       1.662   4.2066  29.2345   -14.15      nan      nan    4.011  nan      nan    nan   1.293     nan                                None     -10.323      -8.861      -8.927       0.057      -9.029       0.034
 Gaia DR3 380635639748582400   8.3451815  39.3968357 14.224  1.486       3.040   6.1677  29.2358   -15.51    -0.33     2.78    3.733  nan      nan    nan   1.001     nan                            Gaia_DR3      -9.229      -7.081      -6.894       0.019      -7.602       0.018
Gaia DR3 1919887322328435968 353.4363259  38.7942946 16.879  2.508       3.996   5.4064  29.2526   -12.90      nan      nan    3.905  nan      nan    nan   0.999     nan                                None     -10.661      -9.207     -13.950       0.071      -9.123       0.052
Gaia DR3 2876775352629936128   1.1229564  35.2023155 14.802  1.740       4.915   4.2250  29.2772   -13.57   -26.09     5.74    4.010  nan      nan    nan   1.021     nan                            Gaia_DR3     -10.504      -9.290      -7.018       0.025     -11.551       0.016
Gaia DR3 1922318067661303040 355.2565948  42.1476681 11.974  0.896       4.164   4.7516  29.3131   -13.84     0.02     0.40    3.456  nan      nan    nan   1.699     nan                            Gaia_DR3      -9.359      -7.384     -11.393       0.017      -5.133       0.015
 Gaia DR3 378480631317858944   6.7919442  36.9273384 16.842  2.478       2.100   5.6193  29.3499   -14.86      nan      nan    3.880  nan      nan    nan   0.999     nan                                None      -9.728      -8.058     -10.694       0.061      -9.479       0.054
Gaia DR3 2881816338565334656 359.6136884  39.2507559 15.613  2.154       3.984   0.5941  29.3798   -14.06      nan      nan    4.129  nan      nan    nan   0.972     nan                                None     -10.919      -8.887     -14.269       0.024      -9.782       0.025
Gaia DR3 2875209201395809024   0.6217879  34.2466715 12.247  0.893       4.121   5.1413  29.4363   -13.29     1.53     0.85    3.485  nan      nan    nan   0.893     nan                            Gaia_DR3      -9.158      -8.283     -11.302       0.014      -6.145       0.009
Gaia DR3 2874280900048590592   0.6382960  33.4170644 19.318  2.984       2.827   5.9709  29.4570   -13.13      nan      nan    3.822  nan      nan    nan   1.020     nan                                None     -10.044      -9.238      -9.066       0.316      -7.180       0.198
 Gaia DR3 380634299718789120   8.3073109  39.3695569 17.633  2.471       4.165   6.1396  29.5372   -15.50      nan      nan    3.781  nan      nan    nan   1.001     nan                                None      -9.351      -7.182     -12.585       0.092      -7.929       0.092
 Gaia DR3 385445900042105088   3.5416503  43.4660554 18.310  2.668       3.265   4.7265  29.6873   -15.38      nan      nan    3.447  nan      nan    nan   0.997     nan                                None      -8.876      -6.225      -6.954       0.138      -4.832       0.111
Gaia DR3 2878440150671620224 358.2344594  34.7995981 15.150    nan       4.912   4.8878  29.6921   -12.97      nan      nan    3.970  nan      nan    nan   1.180     nan                                None     -10.587      -9.579      -6.659       0.072      -8.366       0.043
 Gaia DR3 383523537106557440   5.0715665  41.3938245 17.626  2.946       2.667   4.1109  29.7120   -15.31      nan      nan    3.410  nan      nan    nan   1.053     nan                                None      -8.676      -6.400      -8.183       0.100      -8.253       0.074
Gaia DR3 1920055135288745600 352.2651658  39.0636051 19.727  2.852       4.917   6.2786  29.7526   -12.75      nan      nan    3.679  nan      nan    nan   1.061     nan                                None     -10.091      -8.757      -7.558       0.435      -5.906       0.339
 Gaia DR3 384176238989452544   1.5241295  42.0532315 12.796  1.052       1.214   2.8109  29.7892   -14.85     0.64     2.15    3.358  nan      nan    nan  18.388     nan                            Gaia_DR3      -8.772      -6.535      -9.156       0.213      -5.767       0.180
Gaia DR3 1924076667789611520 353.7091869  42.5434798 11.732  0.880       2.896   5.9320  29.8406   -13.65    -3.10     0.70    3.569  nan      nan    nan   1.914     nan                            Gaia_DR3      -9.732      -7.730     -11.635       0.020      -8.791       0.023
Gaia DR3 1923930948139265024 352.6590482  41.7654088 18.020  2.752       4.776   6.3141  29.9181   -13.33      nan      nan    3.680  nan      nan    nan   1.018     nan                                None     -10.077      -8.236     -13.748       0.077      -7.732       0.090
Gaia DR3 1924146826078398080 353.5625353  42.9237145 18.338  2.748       2.408   6.2211  29.9276   -13.70      nan      nan    3.631  nan      nan    nan   1.062     nan                                None      -9.908      -7.813     -11.096       0.112      -6.403       0.115
 Gaia DR3 386208789313158656   2.3009183  43.9214104 15.367  1.951       1.800   4.7629  30.0751   -15.26     1.16     5.96    3.443  nan      nan    nan   1.058     nan                            Gaia_DR3      -8.945      -6.261      -8.810       0.024      -7.561       0.020
 Gaia DR3 385487196150403200   4.1727105  43.6802448 20.174  0.250       2.163   5.1558  30.1122   -15.51      nan      nan    3.957  nan      nan    nan   1.019     nan                                None     -10.138      -7.019     -11.850       0.466      -6.449       0.373
Gaia DR3 1924048179268913536 353.2102462  42.3414004 19.722  2.734       2.038   6.1616  30.1378   -13.53      nan      nan    3.814  nan      nan    nan   0.966     nan                                None     -10.421      -8.360      -9.427       0.302      -7.058       0.270
Gaia DR3 1923237083285120640 352.3407906  40.3011431 19.249  2.893       4.861   6.2245  30.2338   -13.00      nan      nan    3.613  nan      nan    nan   0.982     nan                                None      -9.906      -8.379      -6.261       0.352      -9.030       0.250
 Gaia DR3 380862684604282624   7.7721827  39.9222285 18.437  2.878       2.273   5.7289  30.3646   -15.51      nan      nan    3.900  nan      nan    nan   0.994     nan                                None      -9.693      -7.343     -10.658       0.161      -8.942       0.143
Gaia DR3 2881905875747013632   0.5470730  39.8807211 19.187  2.780       4.085   0.5169  30.4562   -14.32      nan      nan    3.313  nan      nan    nan   0.962     nan                                None      -8.711      -6.932     -11.464       0.221      -6.183       0.224
Gaia DR3 1922131936659356416 356.3245379  41.7132803 19.365  2.845       4.085   3.8514  30.4805   -13.94      nan      nan    3.387  nan      nan    nan   1.647     nan                                None      -9.123      -7.197      -6.325       0.351      -8.018       0.376
 Gaia DR3 368547402753257472   8.6138721  38.8500008 16.463  2.299       3.940   6.4222  30.5268   -15.47      nan      nan    3.664  nan      nan    nan   4.035     nan                                None      -9.036      -7.038      -9.951       0.170      -4.136       0.166
Gaia DR3 1920687629355468672 354.7081139  40.9261966 19.210  2.825       4.944   4.5873  30.5975   -13.53      nan      nan    3.423  nan      nan    nan   0.997     nan                                None      -9.293      -7.582      -6.401       0.156      -5.492       0.178
 Gaia DR3 379379787016393344   6.5995886  39.5198468 19.566  2.638       3.468   4.8173  30.6279   -15.26      nan      nan    3.437  nan      nan    nan   1.020     nan                                None      -8.631      -6.661      -8.442       0.314      -4.156       0.320
Gaia DR3 1922148876012499584 356.2097744  41.8712020 15.745    nan       3.478   4.0140  30.6512   -13.95      nan      nan    4.053  nan      nan    nan   1.039     nan                                None     -10.924      -8.594     -13.138       0.034     -10.575       0.032
Gaia DR3 1926346467810062464 358.6529535  45.5620538 19.933  2.445       0.186   6.3051  30.8013   -14.95      nan      nan    3.603  nan      nan    nan   0.961     nan                                None      -9.583      -6.648      -9.724       0.369      -6.637       0.321
Gaia DR3 2882129252702532096 359.2436329  40.3176904 19.357  2.827       4.410   1.2686  30.8554   -14.18      nan      nan    4.147  nan      nan    nan   1.015     nan                                None     -10.992      -8.742      -8.318       0.208      -5.965       0.216
Gaia DR3 2881513453175360256 358.0480252  38.5908519 20.030  2.665       3.839   1.9656  31.0294   -13.67      nan      nan    4.137  nan      nan    nan   1.054     nan                                None     -11.043      -9.233     -11.246       0.508     -12.576       0.441
 Gaia DR3 378846008480940288   5.7924395  38.3728144 19.048  2.602       4.920   4.3459  31.0506   -14.94      nan      nan    4.042  nan      nan    nan   1.758     nan                                None     -10.220      -8.181     -11.021       0.400      -4.067       0.429
Gaia DR3 1912563097418970368 353.5887182  35.6021209 11.594  0.787       2.809   6.5682  31.0525   -12.29    -1.63     0.58    3.708  nan      nan    nan   1.162     nan                            Gaia_DR3     -10.117      -9.276     -11.580       0.020     -10.914       0.015
Gaia DR3 1919874501848430464 353.4179491  38.5463580 19.746  3.119       2.727   5.4624  31.3506   -12.85      nan      nan    3.961  nan      nan    nan   1.030     nan                                None     -10.813      -9.387     -11.298       0.354      -7.162       0.301
Gaia DR3 1922736122595479296 359.8208922  43.8489372 15.057    nan       3.667   4.4834  31.4792   -14.86      nan      nan    4.042  nan      nan    nan   1.148     nan                                None     -10.677      -7.685     -13.799       0.088      -7.804       0.043
 Gaia DR3 381084751593735168   8.5538321  41.1829280 18.973  3.140       2.216   6.5000  31.4959   -15.82      nan      nan    3.805  nan      nan    nan   0.977     nan                                None      -9.388      -6.803     -10.072       0.219      -5.162       0.205
 Gaia DR3 386304240666172160   1.9540562  44.6465759 16.829  2.130       2.470   5.3937  31.5079   -15.32      nan      nan    3.972  nan      nan    nan   5.321     nan                                None     -10.344      -7.104     -11.689       0.305      -5.534       0.248
Gaia DR3 2872092360808843648 356.1657523  33.5884138 10.879  0.679       4.798   6.7039  31.7098   -12.35    -0.99     0.37    3.694  nan      nan    nan   1.234     nan                            Gaia_DR3      -9.960      -9.322      -6.531       0.031     -10.807       0.023
 Gaia DR3 379001628030628864   7.1241516  38.5698919 13.822  1.298       3.463   5.3181  31.7570   -15.19    -6.20     2.20    3.452  nan      nan    nan   0.954     nan                            Gaia_DR3      -8.630      -6.825      -8.704       0.013      -9.344       0.013
Gaia DR3 2881099830645580288   1.7257841  39.5221379 17.785  2.905       3.033   1.0620  31.7877   -14.46      nan      nan    3.302  nan      nan    nan   1.032     nan                                None      -8.614      -6.858     -10.707       0.104      -6.578       0.078
Gaia DR3 2881111895209350144   0.9717158  39.1734193 18.019  2.543       3.499   0.5167  31.8683   -14.27      nan      nan    3.298  nan      nan    nan   1.021     nan                                None      -8.646      -6.982      -7.222       0.085      -5.010       0.078
Gaia DR3 1920146738353603200 353.3492221  39.6374138 16.791  2.370       4.013   5.4150  31.9086   -13.05      nan      nan    3.980  nan      nan    nan   1.021     nan                                None     -10.870      -9.235     -12.681       0.058     -12.073       0.054
Gaia DR3 1922148876012498176 356.2091093  41.8711851 15.105  2.032       3.630   4.0144  31.9580   -13.95     2.96     6.49    4.080  nan      nan    nan   1.208     nan                            Gaia_DR3     -10.997      -8.651     -13.888       0.022      -9.829       0.020
 Gaia DR3 379342128741948672   7.2411631  39.3922809 19.332  2.880       3.822   5.3153  32.1339   -15.34      nan      nan    3.445  nan      nan    nan   1.019     nan                                None      -8.602      -6.640      -9.017       0.341      -9.384       0.281
Gaia DR3 1923049861367715072 351.8679883  39.1153902 10.809  0.808       2.937   6.5809  32.2864   -12.69      nan      nan    3.593  nan      nan    nan   0.961     nan                                None      -9.869      -8.586     -10.841       0.015     -10.588       0.014
Gaia DR3 1920928903436008960 358.0635603  39.6437561 16.775  2.416       2.046   1.7922  32.3591   -13.86      nan      nan    4.165  nan      nan    nan   1.000     nan                                None     -11.116      -9.070      -9.833       0.044     -10.328       0.048
Gaia DR3 1925695900523284096 355.1373785  43.7602472 19.397 -0.081       3.767   5.8653  32.4021   -14.10      nan      nan    3.948  nan      nan    nan   0.971     nan                                None     -10.697      -8.122     -13.736       0.228      -7.354       0.204
Gaia DR3 2877203814271571072   1.4309286  36.5527351 19.208  2.996       2.129   2.9537  32.4074   -13.88      nan      nan    4.134  nan      nan    nan   0.990     nan                                None     -10.806      -9.261      -9.162       0.263      -8.402       0.179
 Gaia DR3 384254712335782912   0.9838292  41.6492627 19.150  3.019       4.447   2.3142  32.6564   -14.69      nan      nan    3.311  nan      nan    nan   1.040     nan                                None      -8.681      -6.571     -10.638       0.216      -4.163       0.220
Gaia DR3 2881100522136052864   1.7892721  39.6023702 16.935  2.511       2.016   1.1228  32.6708   -14.48      nan      nan    3.293  nan      nan    nan   1.150     nan                                None      -8.587      -6.819      -8.619       0.065      -5.420       0.049
Gaia DR3 1918836635888935040 353.5610688  36.8231398 16.948  2.453       4.914   5.9305  32.6945   -12.53      nan      nan    3.487  nan      nan    nan   0.975     nan                                None      -9.513      -8.529      -7.330       0.062      -5.653       0.053
Gaia DR3 2877839370647745792 357.6610791  33.3799902 17.471  2.486       0.254   6.3846  32.7182   -12.58      nan      nan    3.541  nan      nan    nan   0.988     nan                                None      -9.472      -8.833      -9.404       0.095      -8.655       0.066
Gaia DR3 2877268414875421312   2.7183363  36.2024947 14.725  1.689       3.213   3.6858  32.7205   -14.04    -7.66     4.44    4.111  nan      nan    nan   1.096     nan                            Gaia_DR3     -10.649      -9.141     -10.911       0.026     -11.913       0.015
 Gaia DR3 380749056948941824   9.2514554  40.1099491 13.673  1.223       4.916   6.8704  32.7522   -15.77    -5.14     3.86    3.653  nan      nan    nan   1.035     nan                            Gaia_DR3      -8.952      -6.688     -12.687       0.014      -6.069       0.013
Gaia DR3 1912788394220798208 352.8494672  36.1697752 19.991  2.255       2.716   6.7487  32.7637   -12.27      nan      nan    3.815  nan      nan    nan   1.270     nan                                None     -10.439      -9.524     -12.584       0.475      -9.940       0.434
Gaia DR3 2880975315249086080   0.3468183  38.6380246 17.313  2.909       3.987   0.7459  32.7800   -14.07      nan      nan    4.187  nan      nan    nan   1.158     nan                                None     -11.021      -9.055     -13.385       0.075      -6.449       0.074
Gaia DR3 2881408690333191552 358.7592960  38.6645533 19.170  2.941       1.339   1.4379  32.8109   -13.81      nan      nan    3.295  nan      nan    nan   1.086     nan                                None      -8.760      -7.274      -8.003       0.358      -6.732       0.248
Gaia DR3 2872894935577987968 355.0492698  33.8838901 13.745  1.319       4.021   6.9558  32.8782   -12.20     1.28     2.42    3.716  nan      nan    nan   0.980     nan                            Gaia_DR3     -10.073      -9.436     -11.340       0.018     -12.320       0.012
 Gaia DR3 380680715430179456   8.3058135  39.8351139 18.849  2.811       3.300   6.1345  32.9699   -15.58      nan      nan    3.933  nan      nan    nan   0.994     nan                                None      -9.727      -7.367      -9.606       0.223      -4.633       0.178
 Gaia DR3 379175934983645056   6.4499766  38.4553276 15.012  1.883       4.122   4.8257  33.0365   -15.06    -4.96     4.36    4.055  nan      nan    nan   1.055     nan                            Gaia_DR3     -10.196      -8.116      -8.261       0.022      -5.172       0.021
 Gaia DR3 386228026470554240   2.8675443  44.0605816 17.924  2.718       4.845   5.0361  33.0993   -15.37      nan      nan    3.408  nan      nan    nan   0.988     nan                                None      -8.819      -6.111     -11.520       0.106      -3.915       0.079
Gaia DR3 1921641451394083712 358.2256754  41.4259615 19.518 -0.028       3.992   2.6108  33.1217   -14.21      nan      nan    3.312  nan      nan    nan   0.989     nan                                None      -8.832      -6.892     -11.486       0.237      -6.040       0.220
Gaia DR3 1925190782306902400 353.6663287  44.1046529 11.545  0.799       3.464   6.8691  33.1265   -13.92   -21.38     0.46    3.622  nan      nan    nan   1.076     nan                            Gaia_DR3      -9.878      -7.563      -7.809       0.014      -9.211       0.013
Gaia DR3 2879246844314807296 355.4927887  35.5398400 17.624  2.767       3.360   5.4494  33.2270   -12.62      nan      nan    4.012  nan      nan    nan   0.991     nan                                None     -10.851      -9.835      -8.043       0.106      -9.406       0.077
 Gaia DR3 366417545651894272   6.6966375  36.3301045 13.954  1.327       3.962   5.8577  33.2594   -14.74    -6.97     2.67    3.467  nan      nan    nan   0.987     nan                            Gaia_DR3      -8.699      -7.321     -11.324       0.015      -6.097       0.017
Gaia DR3 2878952626170743296 355.8174595  34.6349908 19.013  2.875       3.612   5.9748  33.3375   -12.50      nan      nan    3.476  nan      nan    nan   1.008     nan                                None      -9.388      -8.637      -7.481       0.248     -10.472       0.196
 Gaia DR3 380765412184568448   8.8143949  39.8799007 17.456  2.788       2.242   6.5260  33.3623   -15.66      nan      nan    3.891  nan      nan    nan   1.057     nan                                None      -9.576      -7.223     -11.403       0.091      -7.006       0.089
Gaia DR3 1925663945965366016 354.2809390  43.4151387 19.037  2.476       3.326   6.0846  33.3930   -13.90      nan      nan    3.486  nan      nan    nan   2.332     nan                                None      -9.482      -7.331     -11.256       0.473      -9.012       0.396
Gaia DR3 1922318067661303296 355.2524622  42.1458260 12.556  0.993       4.827   4.7531  33.4573   -13.84     1.72     1.17    3.386  nan      nan    nan   1.007     nan                            Gaia_DR3      -9.171      -7.236     -12.175       0.010      -5.548       0.009
Gaia DR3 2874421092076393088   1.4211748  34.1253911 14.877  1.709       3.626   5.3263  33.6256   -13.41    -0.77     4.00    3.418  nan      nan    nan   0.986     nan                            Gaia_DR3      -8.935      -8.074     -11.484       0.029      -8.647       0.017
Gaia DR3 1923779005077729920 354.1225859  41.6129016 19.086  2.770       3.301   5.2405  33.6632   -13.55      nan      nan    4.039  nan      nan    nan   1.005     nan                                None     -10.995      -8.884     -13.747       0.182      -9.455       0.202
 Gaia DR3 366900918451473024   7.7156838  37.8039849 15.604  1.973       2.846   5.9586  33.8140   -15.16      nan      nan    3.464  nan      nan    nan   1.048     nan                                None      -8.614      -6.941      -8.452       0.034      -9.013       0.032
 Gaia DR3 366780380194267008   7.5754886  36.7061943 17.890  2.688       4.633   6.2775  33.8659   -14.95      nan      nan    3.495  nan      nan    nan   0.989     nan                                None      -8.701      -7.229      -6.512       0.105      -4.609       0.115
Gaia DR3 1925172468565812480 352.9482550  43.8552659 18.119  2.974       3.784   7.1162  33.8931   -13.76      nan      nan    3.771  nan      nan    nan   1.020     nan                                None     -10.315      -8.012     -12.539       0.085      -5.987       0.097
Gaia DR3 2871879257415610624 356.3467332  33.2767476 18.115  2.902       2.027   6.9089  33.8943   -12.32      nan      nan    3.840  nan      nan    nan   1.010     nan                                None     -10.344      -9.726      -8.827       0.159      -9.099       0.105
Gaia DR3 1925379657788146688 354.5794174  42.5985411 15.481  1.947       0.931   5.4188  33.9195   -13.81      nan      nan    3.419  nan      nan    nan   1.015     nan                                None      -9.288      -7.300      -8.706       0.022      -6.967       0.023
 Gaia DR3 379034304141885056   7.7483238  38.4392919 10.982  0.762       2.920   5.8227  33.9990   -15.27     3.66     0.90    3.998  nan      nan    nan   1.710     nan                            Gaia_DR3      -9.938      -7.866      -8.222       0.028      -9.628       0.025
 Gaia DR3 380302281568279168   5.0704455  40.0617219 18.712  3.095       4.570   3.6838  34.0674   -15.10      nan      nan    3.331  nan      nan    nan   0.968     nan                                None      -8.475      -6.500      -5.770       0.186      -8.228       0.142
Gaia DR3 1922693379080621312 358.7800370  43.3337680 10.486  0.639       2.957   4.1244  34.0713   -14.61     3.07     0.38    3.348  nan      nan    nan   2.025     nan                            Gaia_DR3      -8.899      -6.570      -7.595       0.025      -4.940       0.022
 Gaia DR3 366900815372258048   7.7138598  37.8016491 15.393  1.981       2.960   5.9580  34.0991   -15.16     2.08     7.31    3.987  nan      nan    nan   7.216     nan                            Gaia_DR3      -9.915      -7.991      -7.588       0.215      -8.873       0.200
Gaia DR3 2874810108739294464 357.9227376  32.8581210 19.008  2.690       1.604   6.8159  34.1902   -12.52      nan      nan    3.559  nan      nan    nan   0.976     nan                                None      -9.506      -8.939      -8.594       0.274      -9.724       0.186
Gaia DR3 1925193114471309568 353.8916704  44.1296809 18.950  2.764       3.871   6.7650  34.1974   -13.96      nan      nan    3.884  nan      nan    nan   1.026     nan                                None     -10.583      -8.076     -11.854       0.185      -5.173       0.162
Gaia DR3 1925439959126293632 356.0919236  42.9296788 19.424  2.818       2.475   4.7851  34.2082   -14.11      nan      nan    4.084  nan      nan    nan   1.082     nan                                None     -11.014      -8.451     -11.255       0.247      -6.335       0.210
Gaia DR3 1919751841879652096 352.3656587  37.8635015 13.141  1.149       3.442   6.4272  34.2588   -12.53    -5.30     1.37    3.502  nan      nan    nan   0.968     nan                            Gaia_DR3      -9.600      -8.519     -11.014       0.012      -6.408       0.012
 Gaia DR3 365939326813220992   6.9494443  34.6497872 16.582  2.496       2.949   7.0726  34.3247   -14.48      nan      nan    3.607  nan      nan    nan   0.934     nan                                None      -9.032      -7.921      -9.530       0.058      -5.734       0.055
 Gaia DR3 386169546196414848   3.3541811  46.1835731 19.558  3.012       2.544   7.1441  34.3340   -15.75      nan      nan    3.628  nan      nan    nan   1.101     nan                                None      -9.354      -6.008      -9.323       0.362      -7.953       0.286
 Gaia DR3 382648192705323520   6.1945676  43.6613024 16.763  2.473       3.263   6.1097  34.3355   -15.82      nan      nan    3.978  nan      nan    nan   0.980     nan                                None     -10.026      -6.815     -12.540       0.047      -7.894       0.034
 Gaia DR3 380369592295446528   4.5971682  40.2659599 11.432  0.735       2.943   3.3697  34.7670   -15.05    -6.37     0.85    3.312  nan      nan    nan   1.425     nan                            Gaia_DR3      -8.459      -6.470     -10.159       0.023      -5.318       0.015
Gaia DR3 1924106663841074816 353.3253886  42.6135424 16.401  2.231       2.665   6.2126  34.8529   -13.60      nan      nan    3.465  nan      nan    nan   1.003     nan                                None      -9.462      -7.535     -10.207       0.034      -9.333       0.036
Gaia DR3 1921427841196889600 358.4007442  40.8938883 11.148  0.780       3.663   2.1279  34.8901   -14.14    -7.16     3.60    4.204  nan      nan    nan   8.776     nan                            Gaia_DR3     -11.198      -8.842     -14.390       0.123      -8.251       0.106
 Gaia DR3 366482829154775040   8.5300048  35.8183777 13.955  1.412       0.791   7.3841  34.8923   -14.95    -1.77     2.25    3.720  nan      nan    nan   1.005     nan                            Gaia_DR3      -9.182      -7.786      -8.919       0.015      -8.348       0.014
 Gaia DR3 380821487278702592   9.0307937  40.5994398 19.806  2.724       3.118   6.7488  34.9337   -15.81      nan      nan    3.523  nan      nan    nan   1.036     nan                                None      -8.654      -6.372     -10.372       0.443      -7.926       0.357
Gaia DR3 1917046596597472512 351.0509755  38.8347409 19.650  2.741       3.689   7.2425  35.0190   -12.49      nan      nan    3.614  nan      nan    nan   1.024     nan                                None      -9.953      -8.772      -7.243       0.300      -8.032       0.299
Gaia DR3 2876900250277361536   1.8650284  35.7062787 18.594    nan       1.394   3.8656  35.0276   -13.80      nan      nan    3.325  nan      nan    nan   0.990     nan                                None      -8.666      -7.553      -9.629       0.278      -7.719       0.139
Gaia DR3 1924801658269719296 351.6210847  42.4369263 13.382  1.184       4.346   7.2725  35.0466   -13.28   -29.62     1.43    3.621  nan      nan    nan   0.947     nan                            Gaia_DR3      -9.954      -8.106      -7.534       0.009      -5.838       0.011
Gaia DR3 1925146630042941184 352.6363798  44.1031309 15.813  1.952       4.720   7.4441  35.1731   -13.75      nan      nan    3.720  nan      nan    nan   1.057     nan                                None     -10.187      -7.894     -10.913       0.028     -11.524       0.027
Gaia DR3 1920418180287802240 355.3707347  40.1736481 11.657  0.889       1.846   3.9159  35.1841   -13.50    -9.82     5.56    3.325  nan      nan    nan   1.517     nan                            Gaia_DR3      -9.000      -7.423      -8.412       0.021      -8.576       0.017
 Gaia DR3 386771567467950592   2.4275455  45.4817050 15.102  1.721       1.744   6.2850  35.2080   -15.51     2.49     4.82    3.464  nan      nan    nan  12.518     nan                            Gaia_DR3      -8.990      -5.979      -9.966       0.290      -6.798       0.214
 Gaia DR3 381672131320404096   8.9677277  43.1083662 18.827  2.870       4.001   7.4603  35.2513   -16.16      nan      nan    3.708  nan      nan    nan   0.961     nan                                None      -9.113      -6.166     -10.037       0.213      -3.178       0.179
 Gaia DR3 380342684323173504   5.3124014  40.5726293 10.898  0.746       4.828   3.9746  35.4938   -15.22     4.05     0.34    4.154  nan      nan    nan   1.106     nan                            Gaia_DR3     -10.547      -7.958     -14.774       0.013      -8.055       0.009
 Gaia DR3 386715762956559488   0.5812032  46.0620962 17.006  2.503       2.808   6.6802  35.5210   -15.31      nan      nan    3.947  nan      nan    nan   1.060     nan                                None     -10.375      -6.921     -12.110       0.066      -8.485       0.060
Gaia DR3 2874710740374208896 357.8988751  32.3035761 18.655  2.942       3.953   7.3555  35.5234   -12.40      nan      nan    3.818  nan      nan    nan   0.921     nan                                None     -10.201      -9.691     -13.197       0.201     -10.762       0.135
Gaia DR3 1921897195221999360 359.4769892  43.0085143 19.720  2.726       2.159   3.6853  35.6123   -14.67      nan      nan    3.312  nan      nan    nan   1.082     nan                                None      -8.766      -6.484     -10.125       0.369      -7.137       0.287
Gaia DR3 1938977043212882304 356.1722958  46.2888100 15.652  2.166       1.364   7.5549  35.7399   -14.68      nan      nan    3.690  nan      nan    nan   1.433     nan                                None      -9.950      -6.971     -10.468       0.040      -7.897       0.034
 Gaia DR3 379034299846667520   7.7469682  38.4364798 16.332  2.154       2.004   5.8222  35.7427   -15.26      nan      nan    4.044  nan      nan    nan   1.089     nan                                None     -10.053      -7.957      -8.817       0.053      -9.137       0.043
Gaia DR3 1925068422980171648 352.3100932  43.5396453 19.770  2.712       1.352   7.3214  35.7774   -13.60      nan      nan    3.592  nan      nan    nan   1.007     nan                                None      -9.850      -7.765      -9.173       0.278      -8.533       0.289
 Gaia DR3 386376327395805824   2.6982244  45.1032400 18.943    nan       1.481   5.9745  35.7919   -15.50      nan      nan    3.425  nan      nan    nan   1.758     nan                                None      -8.873      -5.956      -8.034       0.319      -5.294       0.300
Gaia DR3 1927325759013568512 358.1568660  46.7350097 19.138  2.204       2.136   7.5249  35.9117   -15.05      nan      nan    3.647  nan      nan    nan   1.898     nan                                None      -9.728      -6.554      -9.676       0.460      -4.912       0.365
Gaia DR3 1924082302786797952 353.8957588  42.6990687 14.666    nan       4.297   5.8945  36.0227   -13.71     1.84     7.60    4.045  nan      nan    nan   1.873     nan                            Gaia_DR3     -11.021      -8.705     -14.462       0.055      -9.963       0.108
Gaia DR3 1918846187893969152 353.5797426  36.9564792 20.007  2.765       4.824   5.8565  36.0437   -12.56      nan      nan    3.412  nan      nan    nan   1.136     nan                                None      -9.308      -8.323      -7.242       0.532      -5.536       0.443
Gaia DR3 2863126839914768128   6.7332880  33.7713964 19.807  2.567       3.263   7.5902  36.0566   -14.28      nan      nan    3.665  nan      nan    nan   1.027     nan                                None      -9.193      -8.237      -8.988       0.540      -5.724       0.438
Gaia DR3 1926516548515768192 354.5633597  44.3827131 18.958  2.854       3.902   6.6015  36.0597   -14.11      nan      nan    3.475  nan      nan    nan   0.957     nan                                None      -9.442      -7.104      -9.598       0.161      -9.959       0.156
 Gaia DR3 386881892290909440   1.8190659  46.3455956 18.911  2.613       4.839   7.0429  36.1100   -15.54      nan      nan    3.528  nan      nan    nan   1.025     nan                                None      -9.198      -5.986      -6.449       0.212      -3.662       0.168
Gaia DR3 2876784694182737152   1.3111622  35.1102458 19.418  2.329       2.376   4.3397  36.1666   -13.59      nan      nan    3.328  nan      nan    nan   0.977     nan                                None      -8.706      -7.709      -9.235       0.372      -6.128       0.209
Gaia DR3 1923680225128957568 352.8438394  40.9499075 19.736  2.658       2.057   5.9527  36.3502   -13.21      nan      nan    3.413  nan      nan    nan   1.061     nan                                None      -9.339      -7.755      -8.749       0.272      -9.112       0.346
 Gaia DR3 382897846267526784   2.3563226  39.4718567 18.568  2.989       2.870   1.5429  36.3572   -14.56      nan      nan    3.257  nan      nan    nan   1.143     nan                                None      -8.460      -6.714      -7.839       0.186      -8.585       0.152
Gaia DR3 2880824475998046208   2.5069544  38.9584006 15.309  1.972       4.087   1.7163  36.4623   -14.49   -50.85     4.70    4.241  nan      nan    nan   0.946     nan                            Gaia_DR3     -11.001      -8.839     -10.030       0.021     -12.362       0.020
 Gaia DR3 378903462258241536   7.5231020  37.7321951 14.019  1.395       4.532   5.8363  36.4908   -15.11   -26.43     2.46    3.402  nan      nan    nan   8.850     nan                            Gaia_DR3      -8.475      -6.849      -7.091       0.150      -9.790       0.135
 Gaia DR3 368176622523006720   9.9042830  37.4493320 18.916  2.903       4.639   7.7184  36.5278   -15.45      nan      nan    3.748  nan      nan    nan   1.000     nan                                None      -9.128      -7.371      -6.842       0.207      -4.506       0.159
Gaia DR3 2863598079431759104   4.4266002  33.1481870 16.033  2.021       1.120   7.0422  36.5402   -13.76      nan      nan    3.515  nan      nan    nan   1.006     nan                                None      -8.988      -8.211      -8.468       0.060      -7.563       0.047
Gaia DR3 1920717934644348160 354.1368280  40.8149927 17.798  2.986       3.385   4.9710  36.5910   -13.41      nan      nan    4.125  nan      nan    nan   0.991     nan                                None     -11.228      -9.234      -9.894       0.080      -6.609       0.084
Gaia DR3 2863161130934365952   6.9461158  34.1021473 15.497  1.916       2.537   7.4611  36.5911   -14.38      nan      nan    3.584  nan      nan    nan   0.951     nan                                None      -8.975      -7.975      -8.670       0.047      -6.082       0.034
Gaia DR3 1921490749582414336 359.3261591  41.1654685 19.525  2.782       4.494   1.9491  36.5973   -14.34      nan      nan    4.239  nan      nan    nan   1.048     nan                                None     -11.231      -8.736     -14.313       0.251     -11.312       0.268
 Gaia DR3 369112964049128832  10.2724488  40.3636017 11.190  0.706       2.859   7.6645  36.6146   -15.96    -2.17     0.68    3.794  nan      nan    nan   1.103     nan                            Gaia_DR3      -9.205      -6.784     -11.484       0.019      -6.596       0.016
Gaia DR3 1925687413671129472 355.5357774  43.7691165 19.704  2.793       2.610   5.6782  36.7020   -14.16      nan      nan    3.388  nan      nan    nan   1.041     nan                                None      -9.163      -6.925     -10.256       0.346      -5.414       0.297
 Gaia DR3 386177586374677120   3.3800182  46.3648170 17.329  2.586       3.317   7.3215  36.7264   -15.77      nan      nan    3.551  nan      nan    nan   1.011     nan                                None      -9.154      -5.840     -10.969       0.084      -4.145       0.063
Gaia DR3 2873288457663198336 354.4386953  35.4014854 18.693  3.133       3.228   6.1623  36.7839   -12.40      nan      nan    3.421  nan      nan    nan   0.977     nan                                None      -9.298      -8.507      -7.033       0.194      -7.969       0.133
Gaia DR3 1921689726826783488 358.2040217  41.8930052 19.987  2.548       4.803   2.9961  36.8369   -14.28      nan      nan    3.278  nan      nan    nan   0.989     nan                                None      -8.741      -6.743      -8.245       0.529     -10.024       0.341
Gaia DR3 2874979884501308160 358.7307349  34.0875459  9.045  0.414       4.667   5.4549  36.8401   -12.92    -3.30     0.55    4.099  nan      nan    nan   0.877     nan                            Gaia_DR3     -10.899      -9.975     -14.276       0.018      -7.771       0.012
Gaia DR3 2873842607225119488 359.8979601  32.3449364 12.329  0.872       2.914   7.0489  37.1226   -12.78   -20.84     0.77    3.499  nan      nan    nan   0.895     nan                            Gaia_DR3      -9.237      -8.700     -10.664       0.017     -10.308       0.009
Gaia DR3 2876820497029426688   1.9837309  35.0992349 18.914  0.381       2.984   4.4746  37.1434   -13.70      nan      nan    4.164  nan      nan    nan   0.970     nan                                None     -10.843      -9.574      -8.644       0.265      -8.152       0.160
 Gaia DR3 381263667056574592  10.4082415  41.2106847 13.200  1.118       4.500   7.8720  37.1817   -16.10    -6.42     1.63    3.715  nan      nan    nan   1.008     nan                            Gaia_DR3      -9.001      -6.443      -5.827       0.013      -4.912       0.011
 Gaia DR3 366107857034601344   8.1687443  35.6882247 15.146  1.885       3.514   7.2055  37.1859   -14.87     6.80     9.87    3.518  nan      nan    nan   8.458     nan                            Gaia_DR3      -8.711      -7.419      -6.675       0.204      -5.793       0.191
Gaia DR3 2872107479092925440 355.4861024  33.3952454 15.915  2.254       2.284   7.1575  37.2234   -12.18      nan      nan    3.940  nan      nan    nan   0.937     nan                                None     -10.658     -10.046      -8.883       0.049     -10.715       0.034
Gaia DR3 1917074565426100608 350.3224415  38.5822235  7.058  1.276       4.794   7.8411  37.2270   -12.31    -5.77     0.12    3.667  nan      nan    nan   5.340     nan                            Gaia_DR3     -10.124      -9.024      -6.554       0.154     -10.017       0.107
 Gaia DR3 386090454374828288   4.4519925  45.7913524 15.139  1.784       4.753   7.0773  37.2446   -15.85   -14.23     5.52    3.499  nan      nan    nan   1.038     nan                            Gaia_DR3      -8.945      -5.750      -6.988       0.023      -8.659       0.019
 Gaia DR3 381263662750461568  10.4097732  41.2088828 16.924  2.379       4.984   7.8728  37.2753   -16.10      nan      nan    3.755  nan      nan    nan   1.005     nan                                None      -9.098      -6.513      -5.672       0.075      -4.556       0.065
Gaia DR3 2880801042656533760   2.5773486  38.5886229 11.795  0.841       0.667   1.8966  37.3325   -14.44    -3.40     0.50    4.254  nan      nan    nan   1.261     nan                            Gaia_DR3     -11.029      -8.942     -10.684       0.014      -9.430       0.011
Gaia DR3 2863139484299309440   7.2962629  33.8233488 17.131  2.446       3.735   7.8631  37.3638   -14.39      nan      nan    3.776  nan      nan    nan   0.983     nan                                None      -9.425      -8.425      -7.848       0.097     -10.945       0.074
Gaia DR3 1922910738785939584 358.9658338  43.7987859 17.755  2.717       0.650   4.5366  37.4449   -14.72      nan      nan    3.319  nan      nan    nan   0.991     nan                                None      -8.812      -6.410      -8.854       0.095      -6.863       0.078
 Gaia DR3 393016312478693504   2.1109488  47.1972861 17.625  2.755       3.275   7.9159  37.4690   -15.70      nan      nan    3.685  nan      nan    nan   0.985     nan                                None      -9.587      -6.036     -12.125       0.080      -5.861       0.077
 Gaia DR3 366111052490131072   7.8985182  35.5281404 17.875  2.780       2.887   7.1134  37.5594   -14.80      nan      nan    3.495  nan      nan    nan   1.009     nan                                None      -8.676      -7.425      -7.936       0.119      -9.420       0.111
 Gaia DR3 391824025260415488   5.8859773  45.3598245 18.813  2.872       3.624   7.2325  37.6061   -16.01      nan      nan    3.943  nan      nan    nan   1.033     nan                                None      -9.963      -6.400     -11.297       0.223      -3.699       0.173
Gaia DR3 2875482357018874240 359.7394524  34.8548423 18.075  2.771       3.973   4.5560  37.6152   -13.26      nan      nan    3.317  nan      nan    nan   1.065     nan                                None      -8.767      -7.863      -7.864       0.156      -5.235       0.111
Gaia DR3 1925071962033994240 352.6327366  43.5937006 19.980  2.755       3.951   7.1536  37.6361   -13.66      nan      nan    3.498  nan      nan    nan   1.005     nan                                None      -9.579      -7.514     -11.871       0.325      -9.312       0.323
 Gaia DR3 392214729843959680   3.5833954  46.9744198 17.407  2.646       1.213   7.9439  37.6728   -15.89      nan      nan    3.673  nan      nan    nan   1.012     nan                                None      -9.453      -5.884      -9.670       0.066      -4.971       0.065
Gaia DR3 1912322854127389440 351.7447336  35.4237371 15.607  1.979       4.968   7.9030  37.7078   -11.91      nan      nan    3.794  nan      nan    nan   0.980     nan                                None     -10.426      -9.716      -8.080       0.037      -6.508       0.028
 Gaia DR3 385346600398391168   4.0968021  42.9041995 11.070  0.919       4.899   4.5049  37.8757   -15.39   -31.27     0.25    3.312  nan      nan    nan   1.064     nan                            Gaia_DR3      -8.491      -6.029      -6.223       0.014      -3.468       0.012
Gaia DR3 2868663701299387392 357.4440258  31.7202973 18.480  2.805       1.769   8.0215  37.9003   -12.19      nan      nan    3.704  nan      nan    nan   0.967     nan                                None      -9.920      -9.539     -10.944       0.205      -8.613       0.137
 Gaia DR3 385830316795419136   5.4641613  45.2724151 13.597  1.297       4.134   6.9897  37.9120   -15.93    -3.91     1.98    3.986  nan      nan    nan   0.949     nan                            Gaia_DR3     -10.108      -6.543     -13.003       0.015      -4.623       0.011
Gaia DR3 2874443803863804032 358.4656120  31.7577599 18.171  2.714       4.595   7.7799  37.9162   -12.39      nan      nan    3.593  nan      nan    nan   1.052     nan                                None      -9.568      -9.158     -12.951       0.170      -9.976       0.118
Gaia DR3 1938916909371833088 355.3818362  46.1879955 19.366  3.156       3.620   7.7199  37.9368   -14.54      nan      nan    3.578  nan      nan    nan   1.067     nan                                None      -9.684      -6.875      -7.115       0.298      -7.801       0.243
Gaia DR3 2877410286235272064   3.3900559  37.0020961 15.371  1.999       4.742   3.3664  37.9566   -14.30   -17.37     6.78    4.227  nan      nan    nan   0.996     nan                            Gaia_DR3     -10.896      -9.146     -10.323       0.028     -13.333       0.016
Gaia DR3 1923575904665204864 351.8291547  41.3434847 17.868  3.096       4.105   6.7872  38.0958   -13.11      nan      nan    3.447  nan      nan    nan   1.092     nan                                None      -9.468      -7.877      -9.222       0.100      -4.904       0.115
 Gaia DR3 388885790890055168   7.0804357  45.5042280 16.615  2.511       4.291   7.8704  38.1052   -16.20      nan      nan    3.606  nan      nan    nan   1.017     nan                                None      -9.019      -5.688      -7.460       0.046      -8.553       0.034
 Gaia DR3 386837052832480896   1.8505530  45.7158671 11.764  0.666       3.012   6.4260  38.1165   -15.46     0.16     1.95    3.416  nan      nan    nan  18.135     nan                            Gaia_DR3      -8.902      -5.914      -7.917       0.340      -3.982       0.276
Gaia DR3 2875437968532980096   0.0861523  34.8106792 14.240  1.594       3.469   4.5784  38.1188   -13.31     7.49     3.74    4.180  nan      nan    nan   0.988     nan                            Gaia_DR3     -11.022      -9.877      -8.443       0.022      -8.236       0.014
 Gaia DR3 380790563513702784   8.5650143  40.2866235 17.723  2.647       0.962   6.3609  38.1423   -15.69      nan      nan    4.059  nan      nan    nan   1.046     nan                                None     -10.015      -7.468     -10.838       0.100      -7.497       0.106
 Gaia DR3 387216590502776576   1.4062772  47.3760793 16.311  2.655       4.617   8.0280  38.2491   -15.62      nan      nan    3.651  nan      nan    nan   1.694     nan                                None      -9.545      -6.029     -10.894       0.057      -9.317       0.060
Gaia DR3 1925712118320520320 355.7943476  43.5379557 18.182  2.826       2.462   5.3810  38.2774   -14.17      nan      nan    3.346  nan      nan    nan   0.992     nan                                None      -9.038      -6.851      -7.544       0.115      -5.966       0.095
 Gaia DR3 365339676364031232   8.3946870  35.2748210 17.332  2.710       2.802   7.5900  38.2818   -14.84      nan      nan    3.911  nan      nan    nan   1.016     nan                                None      -9.665      -8.315     -10.675       0.077     -10.393       0.072
Gaia DR3 1922512475058557440 358.2045221  42.4352146 15.795  2.050       2.762   3.4594  38.3456   -14.37      nan      nan    4.232  nan      nan    nan   0.995     nan                                None     -11.286      -8.584     -13.528       0.029      -9.605       0.032
Gaia DR3 1920629011641565056 353.5027385  40.5884210 16.656  1.710       3.650   5.3904  38.3511   -13.26      nan      nan    3.345  nan      nan    nan   8.251     nan                                None      -9.130      -7.592      -6.772       0.385      -8.623       0.413
Gaia DR3 2872731314503916416 352.8999520  34.1140499 11.295  0.938       3.801   7.9646  38.3640   -11.85     6.54     0.37    3.827  nan      nan    nan   5.804     nan                            Gaia_DR3     -10.470      -9.897     -10.332       0.114     -12.961       0.086
Gaia DR3 2873059278207014528 354.2168543  34.0905917 15.148  1.805       3.597   7.2261  38.3642   -12.09    -8.08     4.52    3.487  nan      nan    nan   1.022     nan                            Gaia_DR3      -9.487      -8.899      -9.496       0.027      -6.255       0.020
 Gaia DR3 392135741102829056   4.2808463  46.3925487 14.490  1.482       4.709   7.5715  38.4002   -15.91     5.84     4.06    3.533  nan      nan    nan   2.553     nan                            Gaia_DR3      -9.043      -5.700      -5.960       0.059      -4.030       0.038
Gaia DR3 1916977632306988288 350.1173047  38.3580910 18.526  3.336       2.535   8.0374  38.4009   -12.23      nan      nan    3.641  nan      nan    nan   0.959     nan                                None     -10.060      -9.020      -8.252       0.186      -9.740       0.148
 Gaia DR3 381554449216960768   9.6071437  42.2529662 19.628  2.894       0.650   7.5568  38.4013   -16.13      nan      nan    3.530  nan      nan    nan   1.058     nan                                None      -8.623      -5.984      -8.526       0.407      -5.511       0.353
 Gaia DR3 384737058640692352   1.5612431  43.5563546 19.620  2.913       2.011   4.2681  38.5457   -15.09      nan      nan    4.204  nan      nan    nan   1.026     nan                                None     -10.977      -7.828      -9.889       0.331      -9.240       0.249
Gaia DR3 1923015020590802304 359.9885026  44.6806678 18.583  1.233       2.617   5.3041  38.5660   -15.02      nan      nan    4.149  nan      nan    nan   2.215     nan                                None     -10.947      -7.676      -8.685       0.335      -8.023       0.299
Gaia DR3 2880333230522980736   0.6747778  37.8804559 17.765  2.665       4.617   1.5230  38.5771   -13.99      nan      nan    3.233  nan      nan    nan   1.005     nan                                None      -8.494      -7.090      -5.941       0.110      -8.930       0.072
Gaia DR3 2876765319586273664   0.9879371  34.9538125 16.377  2.332       4.784   4.4579  38.5817   -13.50      nan      nan    3.301  nan      nan    nan   1.055     nan                                None      -8.653      -7.699     -10.819       0.056      -5.170       0.033
 Gaia DR3 391932503250031232   5.1847009  46.1559004 12.229  0.946       4.603   7.6380  38.5945   -16.01   -40.33     0.66    3.916  nan      nan    nan   1.020     nan                            Gaia_DR3      -9.953      -6.259      -9.209       0.013      -9.985       0.009
Gaia DR3 2879746473566879360 358.1879622  37.4948226 19.112  2.657       1.178   2.5431  38.6035   -13.49      nan      nan    3.248  nan      nan    nan   1.047     nan                                None      -8.663      -7.414      -7.858       0.320      -7.361       0.235
Gaia DR3 1937127836448895616 351.8591722  43.9205547 19.625  3.130       4.341   7.8002  38.6204   -13.59      nan      nan    3.565  nan      nan    nan   1.015     nan                                None      -9.791      -7.690      -7.469       0.268      -9.981       0.241
Gaia DR3 1939092491932111232 354.4722591  46.1417952 18.868  2.675       1.887   8.0177  38.6439   -14.39      nan      nan    3.616  nan      nan    nan   1.066     nan                                None      -9.828      -7.069      -9.283       0.192      -8.400       0.161
Gaia DR3 1919792386371191936 352.9270395  38.3608513 14.561  1.672       4.527   5.8764  38.6863   -12.73    -5.96     4.58    4.113  nan      nan    nan   0.993     nan                            Gaia_DR3     -11.251      -9.844     -14.954       0.026      -8.542       0.019
Gaia DR3 1925864542414261248 357.7391276  43.8333391 11.435  0.854       4.506   4.8619  38.7122   -14.53   -24.83     0.45    3.315  nan      nan    nan   1.064     nan                            Gaia_DR3      -8.865      -6.528      -6.797       0.016      -8.903       0.015
Gaia DR3 1924814680610552704 351.5388327  42.4961880 14.930  1.797       3.540   7.3510  38.7337   -13.28    -2.79     5.08    3.967  nan      nan    nan   1.203     nan                            Gaia_DR3     -10.907      -8.879     -13.373       0.020      -7.240       0.022
Gaia DR3 1920453639537430272 354.6541243  40.2068296 15.449  1.638       1.342   4.4614  38.7423   -13.38      nan      nan    3.299  nan      nan    nan  10.459     nan                                None      -8.959      -7.431      -8.952       0.398      -8.364       0.219
Gaia DR3 2879784780378290048 356.5250715  36.7587868 11.668  0.883       1.226   4.0012  38.8667   -13.05    -1.18     0.70    4.222  nan      nan    nan   1.056     nan                            Gaia_DR3     -11.362      -9.986     -10.877       0.019     -10.964       0.013
Gaia DR3 2880259292661346048   0.9973418  37.3371616 17.393  2.600       4.705   2.1064  38.8939   -13.95      nan      nan    3.238  nan      nan    nan   1.031     nan                                None      -8.487      -7.160      -6.939       0.117      -9.974       0.063
 Gaia DR3 378491484699537536   6.7703783  37.0852743 16.335  2.272       3.565   5.5318  38.9250   -14.88      nan      nan    4.143  nan      nan    nan   1.007     nan                                None     -10.389      -8.570      -7.366       0.041      -9.314       0.040
Gaia DR3 1912866390828952832 352.5075998  36.6728937 13.045  1.077       3.754   6.7517  38.9291   -12.31    -2.67     1.28    3.426  nan      nan    nan   0.969     nan                            Gaia_DR3      -9.387      -8.508     -10.090       0.012     -11.127       0.011
Gaia DR3 1920104986974113408 352.6198928  39.0657108 19.003  3.011       2.925   6.0042  38.9357   -12.81      nan      nan    3.371  nan      nan    nan   1.047     nan                                None      -9.233      -7.988     -10.498       0.281      -9.638       0.218
 Gaia DR3 385278911713950976   4.9711407  43.2967410 12.758  1.073       2.075   5.2219  38.9792   -15.58   -26.23     1.42    4.163  nan      nan    nan   0.980     nan                            Gaia_DR3     -10.599      -7.375     -10.348       0.011      -5.571       0.009
 Gaia DR3 378749805508191744   5.4832491  37.6583063 13.375  1.168       3.943   4.3616  38.9970   -14.76    -2.97     1.46    3.292  nan      nan    nan   1.114     nan                            Gaia_DR3      -8.346      -6.820      -6.404       0.013      -8.747       0.014
Gaia DR3 1912264442572195072 351.9966480  35.1035525 18.106  2.673       3.948   7.9110  39.0219   -11.89      nan      nan    3.570  nan      nan    nan   1.037     nan                                None      -9.799      -9.165      -7.223       0.133      -7.686       0.107
Gaia DR3 1924814680610552576 351.5377038  42.4960723 13.766  1.386       3.953   7.3517  39.0258   -13.28     3.14     2.10    3.977  nan      nan    nan   1.057     nan                            Gaia_DR3     -10.935      -8.902     -13.824       0.011      -7.276       0.012
Gaia DR3 1913969682028225920 351.3408584  37.8269262 12.509  0.978       4.214   7.2162  39.0543   -12.34    10.56     1.75    3.995  nan      nan    nan   1.030     nan                            Gaia_DR3     -10.994      -9.848      -9.648       0.011      -6.564       0.012
 Gaia DR3 369235074262217088  11.0074703  40.9351842 18.551  2.908       4.548   8.2768  39.0952   -16.16      nan      nan    3.738  nan      nan    nan   0.962     nan                                None      -9.000      -6.482      -6.082       0.179      -8.562       0.155
Gaia DR3 2868489948398703360 357.9960984  31.7202950 17.012  2.570       4.656   7.9007  39.1144   -12.30      nan      nan    3.889  nan      nan    nan   1.065     nan                                None     -10.383      -9.962      -7.663       0.091      -7.284       0.059
 Gaia DR3 369259675834685184  10.9142006  41.3755556 10.482  0.689       1.247   8.2755  39.1174   -16.20   -12.40     0.30    3.697  nan      nan    nan   0.779     nan                            Gaia_DR3      -8.911      -6.323      -8.271       0.012      -5.592       0.009
 Gaia DR3 382286384658392320   8.2149249  42.5393060 19.819  2.437       3.850   6.7134  39.1349   -15.96      nan      nan    4.053  nan      nan    nan   1.034     nan                                None     -10.033      -6.966     -11.833       0.352      -4.212       0.358
 Gaia DR3 365351156811727232   8.3879462  35.5196108 18.038  2.781       1.694   7.4472  39.2174   -14.88      nan      nan    3.490  nan      nan    nan   0.988     nan                                None      -8.626      -7.375      -8.790       0.121      -8.610       0.113
Gaia DR3 2874656692506100096 358.6442401  32.7783641 18.581  2.838       3.837   6.7493  39.2207   -12.64      nan      nan    4.052  nan      nan    nan   0.944     nan                                None     -10.780     -10.120      -7.522       0.217      -9.758       0.131
Gaia DR3 2874793757798161024 357.3703690  32.7559922 16.850  2.230       4.102   7.0539  39.2360   -12.40      nan      nan    3.447  nan      nan    nan   0.961     nan                                None      -9.235      -8.723     -12.144       0.068      -9.374       0.050
 Gaia DR3 387032117363981312   1.4372029  46.0204262 13.299  1.162       3.237   6.6833  39.3027   -15.44   -15.41     1.33    3.413  nan      nan    nan   0.931     nan                            Gaia_DR3      -8.920      -5.897      -6.808       0.012      -4.916       0.011
 Gaia DR3 388886924761405696   7.1664336  45.5761781 11.500  0.758       4.153   7.9642  39.4029   -16.22    -3.14     0.49    3.889  nan      nan    nan   1.494     nan                            Gaia_DR3      -9.719      -6.107      -6.604       0.021      -4.732       0.017
Gaia DR3 2873090472551885696 353.2582027  34.0269642 18.668  2.880       2.513   7.8137  39.4976   -11.90      nan      nan    3.923  nan      nan    nan   1.028     nan                                None     -10.718     -10.124      -9.225       0.198      -8.678       0.180
Gaia DR3 1926273423299986176 358.3774449  45.7267942 19.929    nan       0.990   6.5087  39.5610   -14.93      nan      nan    4.084  nan      nan    nan   1.166     nan                                None     -10.881      -7.536     -10.970       0.472      -8.384       0.403
 Gaia DR3 385733177517583744   4.9524262  44.4411117 18.440  2.758       3.873   6.1005  39.5731   -15.74      nan      nan    4.118  nan      nan    nan   0.905     nan                                None     -10.485      -7.025     -12.685       0.143      -9.567       0.113
Gaia DR3 2874745649869001728 358.1442661  32.6779444 12.091  0.842       2.684   6.9409  39.5775   -12.52    -7.02     0.74    3.429  nan      nan    nan   1.002     nan                            Gaia_DR3      -9.148      -8.623     -10.709       0.018      -9.776       0.011
 Gaia DR3 387233809028106880   1.0461719  47.5426330 18.819  3.070       3.849   8.1738  39.5837   -15.59      nan      nan    3.847  nan      nan    nan   1.022     nan                                None     -10.082      -6.362     -13.128       0.197      -7.045       0.161
Gaia DR3 1927427017159159296 359.0113048  47.0615164 14.139  0.787       3.828   7.7402  39.6092   -15.22    -5.76     5.89    3.518  nan      nan    nan  18.733     nan                            Gaia_DR3      -9.339      -6.157     -11.695       0.302      -7.741       0.271
 Gaia DR3 388993538731525760   6.4261909  46.4070943 18.461  2.853       2.449   8.3045  39.6124   -16.22      nan      nan    3.646  nan      nan    nan   1.035     nan                                None      -9.171      -5.629      -7.420       0.142      -4.937       0.121
 Gaia DR3 382384859670044800   8.4777263  42.6719253 12.648  1.032       3.988   6.9451  39.6152   -16.02    -9.59     1.79    4.044  nan      nan    nan   0.998     nan                            Gaia_DR3      -9.984      -6.886      -7.546       0.012      -9.256       0.014
Gaia DR3 1926559846082526080 355.9088792  44.4896504  9.407  0.395       3.074   6.0841  39.6595   -14.35     2.18     0.59    4.121  nan      nan    nan   0.967     nan                            Gaia_DR3     -11.126      -8.217     -13.789       0.012      -8.418       0.010
Gaia DR3 2875437968532979712   0.0851156  34.8116544 12.100  0.937       4.000   4.5775  39.7546   -13.31     7.99     0.58    4.215  nan      nan    nan   0.875     nan                            Gaia_DR3     -11.114      -9.959      -7.996       0.015      -8.253       0.009
Gaia DR3 2871691039062904576 355.6866592  32.1342556 10.942  0.683       2.511   8.1792  39.7569   -11.95   -12.27     0.40    3.857  nan      nan    nan   1.038     nan                            Gaia_DR3     -10.423     -10.031     -12.284       0.025      -9.191       0.015
Gaia DR3 1939143614929559168 355.0863080  46.6820978 19.436  2.905       4.959   8.2498  39.7770   -14.57      nan      nan    3.837  nan      nan    nan   1.106     nan                                None     -10.400      -7.309     -10.714       0.257     -11.308       0.250
Gaia DR3 2863148177313022208   6.9506027  33.8158743 14.839  1.745       2.604   7.6753  39.8505   -14.33    -3.97     6.94    3.960  nan      nan    nan   1.044     nan                            Gaia_DR3      -9.916      -8.871      -7.916       0.027      -9.726       0.026
Gaia DR3 1924508604060734976 350.0011117  41.9774688 17.408  2.562       3.896   8.2679  39.8917   -12.92      nan      nan    3.612  nan      nan    nan   0.957     nan                                None      -9.982      -8.355      -7.439       0.052      -9.882       0.077
Gaia DR3 1926042800738427008 359.7952290  45.0534123 10.023  1.050       3.497   5.6851  39.9552   -15.04     2.41     0.16    4.157  nan      nan    nan   1.006     nan                            Gaia_DR3     -10.981      -7.630      -8.726       0.015      -9.705       0.013
Gaia DR3 1917243439244006400 349.7375205  39.0578978 19.037  3.082       3.933   8.2327  39.9754   -12.30      nan      nan    3.856  nan      nan    nan   1.024     nan                                None     -10.664      -9.474     -13.860       0.221      -9.578       0.214
