GaiaDR3                               RA         DEC   Gmag  Bp-Rp  Voff(km/s) Sep(deg)   3D(pc) Vr(pred)  Vr(obs)    Vrerr Plx(mas)  SpT    FnuvJ  W1-W3    RUWE  XCrate                               RVsrc    PMRApred   PMDecpred        PMRA     PMRAerr       PMDec    PMDecerr
Gaia DR3 2581916673708201216  13.1943664   9.6929178 14.120  1.240       0.000   0.0000   0.0000    -4.60    -4.60     2.56    2.448  nan      nan    nan   1.000     nan                            Gaia_DR3     -11.003      -1.781     -11.003       0.024      -1.781       0.020
Gaia DR3 2581001360342309632  14.1884911   8.7396579 19.055  2.912       4.663   1.3681  10.0471    -4.91      nan      nan    2.434  nan      nan    nan   1.030     nan                                None     -10.905      -1.781      -8.556       0.392      -1.323       0.287
Gaia DR3 2774815062404718336  12.6607028  11.3711193 19.638 -0.004       2.587   1.7583  14.2529    -4.51      nan      nan    2.491  nan      nan    nan   1.075     nan                                None     -11.214      -1.760     -10.061       0.516      -1.041       0.390
Gaia DR3 2557728105092006016  11.9830880   8.4230615 15.011  1.475       4.243   1.7445  14.9803    -4.08   -11.31     3.48    2.400  nan      nan    nan   1.068     nan                            Gaia_DR3     -10.828      -1.830      -9.580       0.033      -3.577       0.031
Gaia DR3 2556612852408860800  13.5096689   7.4580682 19.475  2.248       4.925   2.2565  16.2554    -4.58      nan      nan    2.436  nan      nan    nan   1.068     nan                                None     -10.937      -1.855     -12.476       0.603      -3.862       0.405
Gaia DR3 2580768882352974720  15.2259963   8.5715447 18.874  2.987       4.595   2.2980  17.2135    -5.28      nan      nan    2.482  nan      nan    nan   1.204     nan                                None     -11.077      -1.793      -8.885       0.370      -0.805       0.276
Gaia DR3 2581096506753317632  13.9715221   9.1727314 11.433  0.736       4.687   0.9265  17.7971    -4.86    38.40     0.54    2.353  nan      nan    nan   1.400     nan                            Gaia_DR3     -10.549      -1.709      -8.968       0.036      -3.414       0.025
Gaia DR3 2577712171308375680  15.1047817   8.0353335 19.334  2.415       2.577   2.5120  18.0863    -5.20      nan      nan    2.435  nan      nan    nan   0.988     nan                                None     -10.872      -1.788      -9.552       0.483      -1.697       0.372
Gaia DR3 2556549394267230464  13.5644363   7.0609121 16.237  2.043       3.049   2.6573  19.1421    -4.58      nan      nan    2.467  nan      nan    nan   1.351     nan                                None     -11.077      -1.894      -9.948       0.097      -0.781       0.064
Gaia DR3 2557895162139889024  10.5397705   8.7125838 14.498  1.242       4.935   2.7978  23.2965    -3.56    -4.66     3.23    2.525  nan      nan    nan   1.009     nan                            Gaia_DR3     -11.437      -1.959     -11.012       0.034       0.634       0.022
Gaia DR3 2775042833110345600  13.5554313  12.3907998 12.027  0.843       3.253   2.7211  23.9706    -4.89   -16.96     0.64    2.538  nan      nan    nan   1.219     nan                            Gaia_DR3     -11.396      -1.713     -10.384       0.023      -3.129       0.019
Gaia DR3 2556499156034270080  13.4296110   6.7140172 18.897  2.116       3.173   2.9880  24.2315    -4.50      nan      nan    2.384  nan      nan    nan   0.996     nan                                None     -10.706      -1.847     -12.204       0.360      -2.393       0.220
Gaia DR3 2557853960518449536  10.1799350   8.3778708 15.343  1.609       3.953   3.2545  24.3954    -3.41      nan      nan    2.498  nan      nan    nan   1.026     nan                                None     -11.324      -1.959      -9.320       0.048      -1.395       0.033
Gaia DR3 2584438674209472896  14.9717029  12.4862918 17.432  2.359       4.759   3.2931  24.9843    -5.41      nan      nan    2.505  nan      nan    nan   0.995     nan                                None     -11.188      -1.626      -8.683       0.122      -1.427       0.093
Gaia DR3 2581684298797639680  15.3928066  10.6153930 14.619  1.394       2.883   2.3524  27.6415    -5.46   -19.22     5.12    2.589  nan      nan    nan   1.052     nan                            Gaia_DR3     -11.548      -1.761     -12.841       0.034      -0.863       0.023
Gaia DR3 2583341640777217024  16.5312346  11.6675130 19.821  2.324       2.562   3.8275  28.0308    -5.93      nan      nan    2.415  nan      nan    nan   1.044     nan                                None     -10.719      -1.548     -11.920       0.596      -1.039       0.422
Gaia DR3 2556813066604273280  12.6440115   7.7617145 18.779  2.601       3.694   2.0063  28.3662    -4.28      nan      nan    2.606  nan      nan    nan   0.998     nan                                None     -11.733      -1.995     -12.072       0.297      -3.995       0.213
Gaia DR3 2578185648502558208  17.0616987   8.7252279 18.149  2.520       3.346   3.9382  29.5181    -5.96      nan      nan    2.510  nan      nan    nan   0.980     nan                                None     -11.117      -1.752     -11.994       0.218      -0.214       0.142
Gaia DR3 2577380840350865280  16.4509561   7.1514243 18.302  2.757       4.217   4.1031  29.6035    -5.64      nan      nan    2.483  nan      nan    nan   1.003     nan                                None     -11.025      -1.833      -8.952       0.221      -1.072       0.137
Gaia DR3 2557570050295431808  10.7405448   7.6913573 16.372  1.932       3.220   3.1447  29.8315    -3.57      nan      nan    2.339  nan      nan    nan   1.011     nan                                None     -10.587      -1.840     -10.854       0.066      -0.275       0.053
Gaia DR3 2553090124527825664  13.9566937   5.5861011 16.438  1.843       2.515   4.1757  29.9024    -4.63      nan      nan    2.473  nan      nan    nan   0.937     nan                                None     -11.088      -1.952     -12.083       0.074      -1.099       0.048
Gaia DR3 2775485897641165696  10.5689869  11.5378956 18.073  2.243       3.247   3.1721  30.9791    -3.75      nan      nan    2.331  nan      nan    nan   0.957     nan                                None     -10.554      -1.718      -9.461       0.171      -2.880       0.130
Gaia DR3 2581745493491703808  12.8987964   9.0310784 15.510  1.679       3.330   0.7232  32.5484    -4.45      nan      nan    2.657  nan      nan    nan   0.969     nan                                None     -11.955      -1.972     -13.451       0.043      -3.088       0.032
Gaia DR3 2581461922570994176  14.9248451   9.5788742 15.122  1.344       4.379   1.7099  33.6280    -5.23      nan      nan    2.274  nan      nan    nan   1.042     nan                                None     -10.162      -1.608     -12.154       0.038      -0.946       0.029
Gaia DR3 2750467408199794816   9.8448626  10.1432290 15.548  1.938       1.815   3.3300  33.9061    -3.40      nan      nan    2.607  nan      nan    nan   1.487     nan                                None     -11.825      -1.997     -11.817       0.077      -1.000       0.050
Gaia DR3 2584888825436765824  15.8698704  13.4738367 15.994  1.955       2.557   4.6002  34.1294    -5.78      nan      nan    2.515  nan      nan    nan   0.999     nan                                None     -11.194      -1.542     -11.894       0.067      -0.381       0.052
Gaia DR3 2557251084548633984   9.6363109   7.2225922 18.033  2.547       2.469   4.2996  34.4982    -3.13      nan      nan    2.554  nan      nan    nan   1.011     nan                                None     -11.592      -2.053     -12.389       0.174      -0.989       0.124
Gaia DR3 2776186080389945216  11.9997623  13.7651982 19.161  2.443       3.973   4.2369  34.6551    -4.40      nan      nan    2.562  nan      nan    nan   1.067     nan                                None     -11.557      -1.739     -11.581       0.374       0.406       0.281
Gaia DR3 2583237427691254272  16.8867135  10.8739925 16.410    nan       0.522   3.8201  34.7237    -6.01      nan      nan    2.590  nan      nan    nan   1.387     nan                                None     -11.481      -1.691     -11.288       0.110      -1.481       0.075
Gaia DR3 2584593018154139776  16.3779383  12.6005445 19.890  2.321       2.704   4.2671  35.7289    -5.92      nan      nan    2.573  nan      nan    nan   1.000     nan                                None     -11.430      -1.603     -12.041       0.567      -2.937       0.479
Gaia DR3 2777726500475519360  12.4909711  14.2702232 15.559  1.530       4.236   4.6287  35.9838    -4.61      nan      nan    2.372  nan      nan    nan   1.090     nan                                None     -10.685      -1.568     -12.730       0.054      -1.014       0.040
Gaia DR3 2582552839968786304  13.2963339  10.4528259 16.838  2.346       3.706   0.7665  36.2303    -4.69      nan      nan    2.251  nan      nan    nan   0.977     nan                                None     -10.114      -1.605      -8.980       0.094      -2.948       0.069
Gaia DR3 2779325048648022272  10.0715605  13.7202672 18.845  2.483       4.128   5.0562  36.5438    -3.70      nan      nan    2.420  nan      nan    nan   1.035     nan                                None     -10.973      -1.732     -12.845       0.230      -2.696       0.183
Gaia DR3 2776177769628389376  11.8236975  13.6583245 13.319  0.904       3.652   4.1863  37.3596    -4.33     3.77     2.26    2.326  nan      nan    nan   1.091     nan                            Gaia_DR3     -10.499      -1.591     -10.082       0.020       0.151       0.016
Gaia DR3 2552204497975976192  14.4075428   4.5500748 17.615  2.248       3.067   5.2818  37.6205    -4.72      nan      nan    2.452  nan      nan    nan   1.102     nan                                None     -10.974      -1.971      -9.646       0.163      -1.106       0.110
Gaia DR3 2774237127310065792  11.0667313   9.8857399 19.741  2.595       3.132   2.1055  37.7039    -3.83      nan      nan    2.258  nan      nan    nan   1.047     nan                                None     -10.214      -1.700      -9.463       0.478      -2.988       0.425
Gaia DR3 2777745329612231936  13.6146845  14.0948822 15.723  1.629       4.102   4.4211  38.2227    -5.01      nan      nan    2.331  nan      nan    nan   0.988     nan                                None     -10.464      -1.498      -9.174       0.059       0.051       0.039
Gaia DR3 2552736249286821760  12.2183624   4.5822678 18.406  2.592       4.992   5.2015  38.3123    -3.91      nan      nan    2.519  nan      nan    nan   0.981     nan                                None     -11.356      -2.058      -8.819       0.248      -2.824       0.214
Gaia DR3 2583476361016733568  18.0099437  11.5068551 17.292  2.225       1.873   5.0688  38.3579    -6.45      nan      nan    2.382  nan      nan    nan   0.982     nan                                None     -10.500      -1.480      -9.699       0.141      -1.972       0.081
Gaia DR3 2580940440526617728  12.8692717   8.4966829 16.866  1.947       3.472   1.2386  39.6780    -4.41      nan      nan    2.237  nan      nan    nan   0.985     nan                                None     -10.064      -1.680     -11.654       0.090      -2.069       0.064
Gaia DR3 2775803003666434560  10.3039752  12.4414825 17.202  2.298       4.576   3.9496  39.6916    -3.71      nan      nan    2.296  nan      nan    nan   1.051     nan                                None     -10.404      -1.674      -9.380       0.087      -3.638       0.066
Gaia DR3 2750457821833344384   9.6782419   9.9775501 10.723  1.421       3.856   3.4761  39.7904    -3.33     2.63     0.19    2.655  nan      nan    nan   1.048     nan                            Gaia_DR3     -12.049      -2.046     -10.448       0.024      -3.494       0.018
