GaiaDR3                               RA         DEC   Gmag  Bp-Rp  Voff(km/s) Sep(deg)   3D(pc) Vr(pred)  Vr(obs)    Vrerr Plx(mas)  SpT    FnuvJ  W1-W3    RUWE  XCrate                               RVsrc    PMRApred   PMDecpred        PMRA     PMRAerr       PMDec    PMDecerr
Gaia DR3 2768048564768256512   3.9580020  13.5576632 11.399  2.603       0.000   0.0000   0.0000    51.04    51.04     0.26   82.194  nan      nan    nan   1.198     nan                            Gaia_DR3     618.065     329.446     618.065       0.039     329.446       0.034
Gaia DR3 1810616448010879488 310.1471881  15.5025902 11.837  3.142       2.174  51.9918   9.8007     6.11   -59.30     0.41  104.919  nan      nan    nan   1.122     nan                            Gaia_DR3    1272.596     661.561    1320.679       0.025     662.147       0.024
 Gaia DR3 333106054183616000  33.2295204  40.6679324  7.030  0.844       1.170  37.2522  18.2562    62.94     6.57     0.16   37.895  nan      nan    nan   3.023     nan                            Gaia_DR3      72.038    -111.488      68.849       0.074    -102.702       0.067
Gaia DR3 2551119490453350144  10.4951408   3.7693014 15.618  3.372       1.381  11.7246  26.3301    50.82    24.10     4.65   26.229  nan      nan    nan   1.025     nan                            Gaia_DR3     167.497     150.241     164.531       0.057     157.276       0.043
 Gaia DR3 326109689896765568  34.3288558  33.8469627  4.016  0.045       2.477  34.1922  26.5717    64.28     5.11     1.74   27.979  nan      nan    nan   1.668     nan                            Gaia_DR3      46.744     -38.149      45.253       0.326     -52.685       0.362
 Gaia DR3 225189812554440704  62.0856662  35.9892950  9.447  1.418       2.647  56.4206  29.0698    61.68    -9.34     0.15   29.434  nan      nan    nan   1.075     nan                            Gaia_DR3    -121.279     -44.556    -130.139       0.019     -58.388       0.013
Gaia DR3 3032390401547521024 107.7044105 -14.4316841  9.367  1.663       1.815 106.3879  29.1960    15.55    71.21     0.14   42.866  nan      nan    nan   1.219     nan                            Gaia_DR3    -473.297     320.382    -472.490       0.013     303.998       0.013
 Gaia DR3 344907249923454848  29.8931585  40.4340591 14.329  2.887       1.187  35.1683  29.5754    62.52   -32.18     6.16   25.854  nan      nan    nan   9.633     nan                            Gaia_DR3      67.102     -72.466      64.551       0.223     -78.413       0.269
Gaia DR3 1899053943507119616 333.9030274  32.8058378 12.826  2.540       2.896  33.4634  29.6053    34.34   -30.98     0.54   25.651  nan      nan    nan   2.233     nan                            Gaia_DR3     289.349      76.160     294.969       0.027      90.779       0.030
