GaiaDR3                               RA         DEC   Gmag  Bp-Rp  Voff(km/s) Sep(deg)   3D(pc) Vr(pred)  Vr(obs)    Vrerr Plx(mas)  SpT    FnuvJ  W1-W3    RUWE  XCrate                               RVsrc    PMRApred   PMDecpred        PMRA     PMRAerr       PMDec    PMDecerr
Gaia DR3 6339097679918871168 225.6867249  -3.0314907  6.572  0.271       0.000   0.0000   0.0000   -24.26   -25.06     0.28   10.100  nan      nan    nan   1.232     nan                            Gaia_DR3     -50.473     -23.755     -50.473       0.032     -23.755       0.026
Gaia DR3 6339097675623770496 225.6891984  -3.0306300 14.407  2.430       0.570   0.0026   2.8983   -24.26   -51.71    15.47    9.812  nan      nan    nan   1.152     nan                            Gaia_DR3     -49.035     -23.078     -49.691       0.090     -24.058       0.079
Gaia DR3 6334530446056179840 228.0730136  -6.0860110 17.185  3.163       2.555   3.8713   6.7447   -24.59      nan      nan   10.215  nan      nan    nan   0.942     nan                                None     -48.780     -26.999     -53.991       0.100     -28.762       0.089
Gaia DR3 1153867879176603136 225.3329206   2.5446753 13.815  2.183       1.325   5.5874   9.7233   -25.08   -29.00     2.06   10.019  nan      nan    nan   1.126     nan                            Gaia_DR3     -50.392     -18.485     -47.652       0.017     -17.920       0.015
Gaia DR3 4413931739706856704 230.1116426  -3.1907253 19.635  2.790       2.527   4.4213  11.0728   -25.98      nan      nan    9.369  nan      nan    nan   1.022     nan                                None     -42.895     -22.361     -46.945       0.451     -19.444       0.381
Gaia DR3 4419596737145946496 226.5436968   0.4141685 16.785  3.057       0.884   3.5505  12.5853   -25.24      nan      nan   11.385  nan      nan    nan   0.965     nan                                None     -56.000     -23.222     -55.069       0.072     -21.316       0.064
Gaia DR3 4413977511173558016 230.6233751  -3.2101898 14.818  2.595       2.648   4.9326  13.5568   -26.17   -26.28     3.47   11.351  nan      nan    nan   1.121     nan                            Gaia_DR3     -51.403     -27.140     -47.404       0.032     -22.225       0.027
Gaia DR3 3642200028707842048 218.1609745  -4.2283143 11.027  1.205       1.621   7.6053  14.4592   -20.71   -23.44     0.52    9.592  nan      nan    nan   2.383     nan                            Gaia_DR3     -54.099     -23.086     -56.873       0.061     -24.834       0.056
Gaia DR3 3649245351325902848 218.9477419  -2.3128647  9.926  0.860       1.009   6.7699  14.9507   -21.45     5.93     0.23    9.288  nan      nan    nan   0.975     nan                            Gaia_DR3     -51.801     -21.014     -51.932       0.019     -19.043       0.015
Gaia DR3 3649245351328514304 218.9493382  -2.3128124 14.581  2.362       1.270   6.7683  15.1782   -21.45     4.44     3.58    9.257  nan      nan    nan   1.205     nan                            Gaia_DR3     -51.626     -20.944     -50.291       0.032     -18.856       0.025
Gaia DR3 3652030414279168640 222.8567583   1.0741510 18.615  3.271       2.457   4.9859  15.3666   -23.80      nan      nan    8.979  nan      nan    nan   0.938     nan                                None     -47.139     -17.817     -51.671       0.242     -16.778       0.199
Gaia DR3 3641625327724140288 216.9468455  -5.4435445 15.275  2.764       1.281   9.0429  15.8820   -19.90    -6.77     4.73    9.906  nan      nan    nan   1.041     nan                            Gaia_DR3     -56.807     -24.640     -54.540       0.039     -26.062       0.034
Gaia DR3 1157551380568592768 222.1219628   3.2956578  8.268  0.673       0.314   7.2614  16.7059   -23.82    -6.62     0.17    9.150  nan      nan    nan   1.024     nan                            Gaia_DR3     -48.618     -16.399     -48.019       0.020     -16.482       0.019
Gaia DR3 1159208512099009408 221.6589628   5.3871591 17.123  3.029       2.230   9.3306  16.7402   -23.91      nan      nan    9.761  nan      nan    nan   0.959     nan                                None     -52.248     -15.731     -55.631       0.107     -12.629       0.091
Gaia DR3 6323871707321680128 221.4550711 -11.7611822 17.190  3.527       1.274   9.6841  17.0223   -20.51      nan      nan    9.890  nan      nan    nan   1.605     nan                                None     -53.108     -29.900     -51.385       0.178     -27.880       0.158
Gaia DR3 6325430990903946496 222.0139713 -11.1161516 13.161  1.864       1.419   8.8670  17.1072   -20.91    -8.39     6.70    9.473  nan      nan    nan   1.071     nan                            Gaia_DR3     -50.423     -28.274     -51.745       0.018     -30.782       0.015
Gaia DR3 6315024456944548736 231.2683511 -11.6467972  9.986  0.866       2.670  10.2376  17.6360   -24.46    -3.45     0.41   10.142  nan      nan    nan   0.857     nan                            Gaia_DR3     -45.280     -32.305     -39.588       0.018     -31.881       0.012
Gaia DR3 6312964899866923008 224.1491995 -12.7615515 13.611  2.111       1.649   9.8482  17.7346   -21.40   -30.50     2.35    9.726  nan      nan    nan   1.059     nan                            Gaia_DR3     -49.953     -30.666     -48.893       0.020     -27.456       0.016
Gaia DR3 6333213368564768640 223.5968266  -8.0808014 16.184  2.884       1.862   5.4607  17.7781   -22.31      nan      nan   11.978  nan      nan    nan   1.144     nan                                None     -62.105     -33.145     -62.616       0.067     -37.820       0.060
Gaia DR3 6318721530433606528 228.5759853 -10.9338196 17.214  3.367       2.241   8.4058  17.9451   -23.64      nan      nan   11.449  nan      nan    nan   1.043     nan                                None     -54.124     -35.262     -52.313       0.137     -40.359       0.107
Gaia DR3 4427972610568585344 233.6314993   4.7305959  7.034  0.190       2.819  11.1022  19.0662   -28.57   -10.12     0.28   10.280  nan      nan    nan   0.911     nan                            Gaia_DR3     -43.440     -16.308     -41.390       0.025     -10.552       0.023
Gaia DR3 4427972610568585088 233.6375418   4.7359691 16.129  2.920       2.428  11.1103  19.1356   -28.57      nan      nan   10.140  nan      nan    nan   1.044     nan                                None     -42.844     -16.080     -41.228       0.050     -11.147       0.040
Gaia DR3 6318717132386655744 228.3112332 -11.0072598  6.616  0.293       2.192   8.3897  19.5698   -23.52   -24.04     0.75   11.799  nan      nan    nan   1.194     nan                            Gaia_DR3     -56.075     -36.365     -52.375       0.036     -40.371       0.025
Gaia DR3 6328941800250685312 216.0928357  -9.3100932 17.064  3.254       1.631  11.4150  19.6143   -18.66      nan      nan   10.214  nan      nan    nan   0.998     nan                                None     -59.244     -28.100     -56.078       0.139     -29.622       0.107
Gaia DR3 6314692026475820928 231.9766405 -12.6217465 11.856  1.424       2.962  11.4327  19.7693   -24.45    -7.82     1.47   10.563  nan      nan    nan  13.665     nan                            Gaia_DR3     -46.411     -34.694     -49.137       0.220     -28.689       0.170
Gaia DR3 6307285647431664384 225.1304367 -14.6193658 16.733  2.963       2.662  11.6009  19.9230   -21.30      nan      nan   10.385  nan      nan    nan   1.046     nan                                None     -52.425     -34.476     -56.271       0.079     -30.096       0.064
Gaia DR3 4397436149011852416 236.3747881  -5.9691227 17.373  3.321       2.461  11.0514  20.5399   -27.60      nan      nan   11.195  nan      nan    nan   0.983     nan                                None     -44.107     -30.206     -49.880       0.119     -29.569       0.078
Gaia DR3 6309278134299897472 227.2460584 -13.4959024 16.464  3.224       0.344  10.5772  20.6531   -22.45      nan      nan    9.334  nan      nan    nan   2.533     nan                                None     -45.297     -30.555     -44.951       0.167     -31.136       0.134
Gaia DR3 6324309244230008832 217.6754130 -12.3010581 20.296  2.861       2.727  12.1991  21.0194   -18.68      nan      nan   10.122  nan      nan    nan   1.058     nan                                None     -57.475     -30.228     -51.655       0.903     -30.203       0.880
Gaia DR3 6337658827219820800 223.6586233  -4.0446081 20.631  2.209       1.884   2.2636  21.1138   -23.21      nan      nan    8.355  nan      nan    nan   1.036     nan                                None     -43.277     -20.299     -46.260       1.432     -18.844       1.568
Gaia DR3 1153916223328348544 226.6405308   2.6170431  8.705  0.641       2.179   5.7284  21.1318   -25.63   -29.85     0.29    8.533  nan      nan    nan   1.079     nan                            Gaia_DR3     -41.892     -15.641     -45.609       0.024     -16.886       0.020
Gaia DR3 4429137165180871936 232.4955905   6.2776671 16.699  2.991       2.233  11.5274  21.3673   -28.36      nan      nan    9.516  nan      nan    nan   1.007     nan                                None     -41.316     -13.632     -44.378       0.069     -10.362       0.055
Gaia DR3 1172289608089050496 218.4615548   7.2478001 16.854  0.009       2.435  12.5561  21.6265   -22.71      nan      nan   10.128  nan      nan    nan   1.025     nan                                None     -56.879     -15.046     -61.147       0.080     -12.078       0.077
Gaia DR3 6335469566425059840 226.3250656  -5.5970126 14.986  2.408       2.870   2.6433  21.8229   -24.00   -14.69     3.79    8.316  nan      nan    nan   1.077     nan                            Gaia_DR3     -41.072     -21.490     -42.397       0.029     -16.636       0.025
Gaia DR3 4395861373483932032 235.8812698  -8.2390101 16.927  0.203       2.569  11.4004  22.3167   -26.91      nan      nan   11.583  nan      nan    nan   1.052     nan                                None     -46.238     -33.841     -52.498       0.099     -34.249       0.082
Gaia DR3 3652532895388193792 216.4825686  -1.5651441 14.663  2.442       2.587   9.3127  22.3270   -20.43      nan      nan    8.829  nan      nan    nan   1.084     nan                                None     -50.950     -19.395     -52.306       0.033     -14.774       0.024
Gaia DR3 1160917432337918720 223.7439444   6.7554907 18.971  3.959       2.855   9.9773  22.3685   -24.99      nan      nan    8.939  nan      nan    nan   0.947     nan                                None     -46.232     -13.124     -45.802       0.267      -7.762       0.234
Gaia DR3 6322499448090633600 230.6075191  -6.9256677 17.099  3.009       2.906   6.2599  22.4642   -25.37      nan      nan    8.466  nan      nan    nan   1.133     nan                                None     -38.350     -23.226     -33.178       0.115     -22.835       0.083
Gaia DR3 6308250292791143936 228.7164185 -14.2763093 17.009  3.245       2.720  11.6356  22.7713   -22.80      nan      nan   11.623  nan      nan    nan   1.136     nan                                None     -54.789     -39.149     -54.822       0.103     -32.483       0.082
Gaia DR3 6307897456933200128 229.4952626 -15.1670262  9.447  0.782       1.768  12.7026  22.9889   -22.84   -14.59     0.41    9.618  nan      nan    nan   1.093     nan                            Gaia_DR3     -44.616     -33.271     -45.001       0.020     -36.834       0.014
Gaia DR3 6322498662112291072 230.5947540  -6.9754177 10.774  0.975       2.915   6.2809  23.2031   -25.36    -8.72     1.77    8.408  nan      nan    nan   0.964     nan                            Gaia_DR3     -38.098     -23.105     -33.035       0.017     -22.069       0.015
Gaia DR3 6265696035995978624 232.3180042 -15.0024131 16.674  3.220       2.948  13.6392  23.3507   -23.90      nan      nan   10.432  nan      nan    nan   1.168     nan                                None     -45.478     -36.540     -49.953       0.094     -31.850       0.077
Gaia DR3 6265706893673191552 231.7481002 -15.2450203 10.197  0.964       1.359  13.5955  23.3699   -23.63    -4.69     0.30   10.624  nan      nan    nan   1.119     nan                            Gaia_DR3     -46.922     -37.316     -48.723       0.019     -34.862       0.015
Gaia DR3 6306040789814221056 226.6395393 -16.5631459 11.587  1.416       0.480  13.5640  23.5870   -21.35   -21.78     1.07    9.961  nan      nan    nan   4.132     nan                            Gaia_DR3     -48.908     -34.941     -49.445       0.094     -34.089       0.074
Gaia DR3 4399925752573692800 239.4955182  -2.9849702 14.094    nan       2.141  13.7898  23.6401   -29.20   -22.55     3.68   10.254  nan      nan    nan   2.053     nan                            Gaia_DR3     -36.950     -24.631     -33.955       0.123     -21.102       0.107
Gaia DR3 6265706893673191936 231.7459152 -15.2444663 17.594  3.401       2.862  13.5940  23.6935   -23.63      nan      nan   10.894  nan      nan    nan   1.685     nan                                None     -48.120     -38.266     -51.333       0.220     -32.531       0.177
Gaia DR3 4399925752573692672 239.4960048  -2.9850694 12.396  1.665       1.541  13.7902  23.7656   -29.20   -25.68     0.99   10.106  nan      nan    nan   1.136     nan                            Gaia_DR3     -36.418     -24.277     -35.306       0.016     -27.365       0.013
Gaia DR3 3666796481778157696 214.3622744   2.1534272 15.003  2.484       0.802  12.4512  23.9483   -20.04   -19.98     4.25    9.299  nan      nan    nan   1.070     nan                            Gaia_DR3     -55.126     -17.860     -53.707       0.030     -17.184       0.027
Gaia DR3 1161849818198211584 225.3294291   9.0084057 16.212  2.751       2.943  12.0452  24.1955   -25.91      nan      nan    9.139  nan      nan    nan   0.972     nan                                None     -45.969     -11.311     -41.640       0.051      -7.649       0.048
Gaia DR3 6339379017455784064 225.0169501  -2.4303482 19.885  2.874       2.501   0.8994  24.5262   -24.10      nan      nan    8.099  nan      nan    nan   1.033     nan                                None     -40.965     -18.592     -38.845       0.674     -22.298       0.632
Gaia DR3 3668700080003253248 215.9879290   4.2555605 14.414  2.180       2.241  12.1256  24.8020   -21.14    17.14     2.65    9.065  nan      nan    nan   5.880     nan                            Gaia_DR3     -52.648     -15.881     -50.397       0.171     -19.523       0.131
Gaia DR3 6333705395723318784 223.0639505  -6.4910170 18.959  1.617       2.361   4.3356  25.0120   -22.44      nan      nan   13.358  nan      nan    nan   0.981     nan                                None     -69.884     -35.131     -63.325       0.281     -34.044       0.226
Gaia DR3 4423667541509435776 234.8603225   1.3785427 14.605  2.368       0.621  10.1757  25.0519   -28.50   -17.39     3.29    8.666  nan      nan    nan   1.092     nan                            Gaia_DR3     -35.523     -16.760     -36.642       0.024     -16.944       0.020
Gaia DR3 3659233074434608512 210.9720080  -1.7996966 18.005  3.459       0.820  14.7528  25.2917   -17.67      nan      nan   10.232  nan      nan    nan   1.112     nan                                None     -63.060     -22.471     -64.816       0.193     -22.259       0.144
Gaia DR3 6304564321792738816 213.5522119 -11.2996864 14.953  2.606       1.278  14.5961  25.4543   -16.98      nan      nan   11.015  nan      nan    nan   1.009     nan                                None     -65.939     -31.226     -64.182       0.038     -28.833       0.031
Gaia DR3 1169850169746262912 229.5414833  11.2466361 18.087  3.908       1.901  14.7841  25.7775   -27.77      nan      nan   11.035  nan      nan    nan   0.940     nan                                None     -51.136     -10.527     -49.082       0.155     -14.443       0.149
Gaia DR3 4399401629124908032 237.1305624  -4.2709310 16.341  2.798       1.720  11.4874  25.9128   -28.21      nan      nan    8.784  nan      nan    nan   0.963     nan                                None     -33.902     -22.208     -32.414       0.062     -19.393       0.058
Gaia DR3 6306754686394647936 224.8152956 -16.4983694 15.852  3.138       0.409  13.4941  26.1291   -20.65    61.51     5.29   11.894  nan      nan    nan   1.038     nan                            Gaia_DR3     -60.380     -41.122     -59.443       0.067     -40.705       0.060
Gaia DR3 4417272163406317696 231.0798010   0.0255556 14.434  2.742       1.904   6.1971  26.3572   -26.94   -27.99     3.07   13.451  nan      nan    nan   1.069     nan                            Gaia_DR3     -60.307     -27.919     -63.547       0.026     -32.237       0.025
Gaia DR3 1180343015366419584 224.5832861  11.1565637 19.927  2.322       0.944  14.2305  26.4450   -25.80      nan      nan    9.406  nan      nan    nan   1.240     nan                                None     -47.946      -9.827     -47.542       0.642     -11.654       0.526
Gaia DR3 6317709911016302208 231.4326572 -10.0150544 16.368  3.174       1.645   9.0176  27.0352   -24.94      nan      nan    8.338  nan      nan    nan   1.469     nan                                None     -37.091     -25.342     -34.273       0.098     -25.989       0.078
Gaia DR3 6303653135890998912 214.3441376 -12.3477611 18.769  3.598       0.887  14.5891  27.1255   -17.11      nan      nan    9.391  nan      nan    nan   1.080     nan                                None     -55.682     -27.397     -54.328       0.287     -28.514       0.241
Gaia DR3 3668181110514979328 213.6942418   4.7098488  9.181  0.794       1.554  14.2653  27.3643   -20.10      nan      nan   11.966  nan      nan    nan   1.185     nan                                None     -71.511     -20.772     -67.735       0.021     -19.714       0.016
Gaia DR3 3639674450498998144 216.2812307  -7.1135931 16.525  2.954       0.338  10.2174  27.4574   -19.23      nan      nan    8.435  nan      nan    nan   0.987     nan                                None     -48.805     -21.936     -49.162       0.076     -21.452       0.063
Gaia DR3 1173707844945017984 221.7765825   9.0490828 17.659  3.463       1.912  12.6937  27.6928   -24.40      nan      nan   12.585  nan      nan    nan   0.941     nan                                None     -67.239     -16.164     -66.407       0.126     -11.159       0.124
Gaia DR3 1178968630126262784 218.8778943  11.6907657 20.181  2.811       1.768  16.2044  27.7534   -23.38      nan      nan   10.814  nan      nan    nan   1.318     nan                                None     -60.371     -11.914     -62.908       1.010      -8.783       0.688
Gaia DR3 6322539103524502144 231.2133240  -6.5451164 15.275  2.944       2.298   6.5319  27.8969   -25.68      nan      nan   13.727  nan      nan    nan   1.057     nan                                None     -61.361     -37.246     -65.578       0.043     -32.103       0.042
Gaia DR3 4406649953371847808 241.7361588  -0.9662760 17.083  3.628       0.807  16.1711  27.9054   -30.23      nan      nan   11.011  nan      nan    nan   3.655     nan                                None     -36.946     -24.069     -35.344       0.371     -23.097       0.260
Gaia DR3 3670925109285688832 211.3212052   4.4170030 16.851  2.807       1.032  16.1718  27.9100   -18.87      nan      nan   10.061  nan      nan    nan   0.854     nan                                None     -61.774     -17.877     -63.052       0.150     -19.653       0.103
Gaia DR3 3641723699654831872 217.9720721  -5.9238065 10.579  0.921       2.425   8.2162  27.9848   -20.28    -6.81     0.31    8.187  nan      nan    nan   1.130     nan                            Gaia_DR3     -46.299     -20.739     -43.704       0.026     -24.024       0.030
Gaia DR3 3616084703402955008 211.8203345  -8.1159532  9.228  0.730       2.810  14.7030  28.0437   -16.84    -6.19     0.30    9.241  nan      nan    nan   0.968     nan                            Gaia_DR3     -56.427     -24.078     -51.751       0.021     -26.924       0.017
Gaia DR3 4400967161881347200 234.1079082  -4.7392337 13.014  1.602       2.820   8.5733  28.0932   -27.11     2.34     1.16    8.210  nan      nan    nan   0.991     nan                            Gaia_DR3     -34.291     -21.011     -29.503       0.019     -21.958       0.015
Gaia DR3 4430483070492569984 235.1456491   6.7416307 16.283  2.785       2.184  13.5895  28.1277   -29.33      nan      nan    8.925  nan      nan    nan   1.033     nan                                None     -36.316     -12.147     -39.627       0.053     -14.581       0.042
Gaia DR3 4418855490214825216 230.0395893   0.3312447 11.410  1.093       2.477   5.4990  28.1899   -26.60   -23.30     1.32    7.993  nan      nan    nan   1.048     nan                            Gaia_DR3     -36.656     -16.352     -37.789       0.023     -20.370       0.019
Gaia DR3 3670925113580306944 211.3211397   4.4167985 16.772  3.015       0.904  16.1718  28.3870   -18.87      nan      nan    9.820  nan      nan    nan   0.929     nan                                None     -60.297     -17.449     -59.807       0.131     -19.256       0.095
Gaia DR3 1166261642964846336 232.6794664  10.9574237 17.757  3.280       0.173  15.6240  28.5996   -28.89      nan      nan    9.462  nan      nan    nan   1.065     nan                                None     -40.902      -8.865     -40.685       0.140      -9.133       0.127
Gaia DR3 6256826065240593920 227.3188904 -19.4278488 17.819  0.199       2.671  16.4737  28.7264   -20.75      nan      nan    9.899  nan      nan    nan   1.049     nan                                None     -47.974     -37.098     -47.689       0.206     -31.532       0.210
Gaia DR3 4406673146195241088 242.1390921  -0.6910276 14.658  2.600       2.636  16.6082  29.0815   -30.39   -29.63     4.41    9.845  nan      nan    nan   1.176     nan                            Gaia_DR3     -32.588     -21.221     -29.779       0.026     -25.914       0.019
Gaia DR3 4425449987296034048 240.1241822   4.3267226 12.944    nan       1.614  16.1947  29.2884   -30.60   -26.48     1.70   11.720  nan      nan    nan   2.013     nan                            Gaia_DR3     -41.423     -18.701     -38.373       0.095     -16.134       0.059
Gaia DR3 6303421276376381184 214.7880454 -12.9127620 16.018  2.919       2.192  14.6227  29.3698   -17.18      nan      nan    8.991  nan      nan    nan   0.932     nan                                None     -53.019     -26.640     -51.372       0.051     -22.827       0.041
Gaia DR3 6335575939880064768 226.3355077  -4.9406766 17.109  3.250       0.858   2.0159  29.3901   -24.14      nan      nan    7.804  nan      nan    nan   1.028     nan                                None     -38.536     -19.714     -39.205       0.097     -18.470       0.086
Gaia DR3 6264083052443333632 239.0400636 -13.3536090 17.476  3.404       2.269  16.7546  29.4951   -26.54      nan      nan   11.445  nan      nan    nan   1.054     nan                                None     -41.812     -39.655     -37.215       0.177     -36.681       0.130
Gaia DR3 6264527220780880768 233.3126536 -16.6883836 14.077  2.478       2.322  15.5777  29.6802   -23.74   -39.73     3.46   12.167  nan      nan    nan   1.119     nan                            Gaia_DR3     -51.815     -44.666     -51.381       0.028     -38.726       0.022
