GaiaDR3                               RA         DEC   Gmag  Bp-Rp  Voff(km/s) Sep(deg)   3D(pc) Vr(pred)  Vr(obs)    Vrerr Plx(mas)  SpT    FnuvJ  W1-W3    RUWE  XCrate                               RVsrc    PMRApred   PMDecpred        PMRA     PMRAerr       PMDec    PMDecerr
Gaia DR3 2535901287452166400  12.7736894  -1.1958844 12.113  1.103       0.000   0.0000   0.0000    20.27    20.27     0.64    5.915  nan      nan    nan   1.098     nan                            Gaia_DR3     -11.103       0.450     -11.103       0.021       0.450       0.020
Gaia DR3 2532504483717243008  14.4682765  -2.5124633 15.964  2.430       2.016   2.1452   6.3630    19.98      nan      nan    5.942  nan      nan    nan   1.069     nan                                None     -11.901       1.021      -9.423       0.076       1.513       0.056
Gaia DR3 2536774368404237824  12.8480632  -0.2112707 16.830  2.681       4.467   0.9874  12.3112    20.26      nan      nan    6.366  nan      nan    nan   1.005     nan                                None     -11.985       0.017      -6.786       0.096      -2.966       0.077
Gaia DR3 2528382410329518720   9.1442900  -3.6780885 17.648  2.863       4.861   4.3941  13.2948    20.75      nan      nan    5.829  nan      nan    nan   1.014     nan                                None      -9.341       1.564      -4.848       0.154      -2.371       0.123
Gaia DR3 2542767286595584896   8.7422776  -0.5119710 19.420  3.051       1.962   4.0885  13.8508    20.85      nan      nan    5.699  nan      nan    nan   1.003     nan                                None      -8.958       0.149     -10.738       0.416       1.695       0.334
Gaia DR3 2550902955382114176  12.3663989   3.3659177 15.227  2.290       3.849   4.5799  14.8373    20.30   -30.15     6.72    5.725  nan      nan    nan   0.973     nan                            Gaia_DR3     -10.571      -1.517     -14.372       0.048       1.153       0.042
Gaia DR3 2539328220382162816  15.4542682   2.4789124 17.991  3.162       3.849   4.5482  15.2900    19.81      nan      nan    5.685  nan      nan    nan   0.966     nan                                None     -11.798      -1.104      -9.134       0.184      -4.870       0.126
Gaia DR3 2543230872482132352   8.7425729   0.1943236 14.564  2.222       3.606   4.2639  15.6154    20.85   -49.89     4.08    6.276  nan      nan    nan  12.702     nan                            Gaia_DR3      -9.865      -0.176     -12.938       0.344       3.473       0.268
Gaia DR3 2544015099151024640   8.9447280   0.4818400 14.572  1.996       2.580   4.1802  15.6924    20.82   -29.65     2.88    5.607  nan      nan    nan   1.038     nan                            Gaia_DR3      -8.901      -0.281      -6.996       0.030       2.101       0.026
Gaia DR3 2543459227302985856   7.6054411  -0.5238219 12.890  1.657       4.391   5.2112  16.0037    20.99    13.06     1.50    6.103  nan      nan    nan   1.102     nan                            Gaia_DR3      -9.058       0.167     -11.983       0.023       5.000       0.018
Gaia DR3 2528293732140537216   8.1516987  -4.1514687 13.899  1.637       4.331   5.4815  16.1858    20.87     0.17     1.77    5.904  nan      nan    nan   0.943     nan                            Gaia_DR3      -9.013       1.809      -7.898       0.024       7.083       0.020
Gaia DR3 2526359862985412480  13.5894541  -3.1907144 14.615  1.956       4.195   2.1549  16.1888    20.11    13.50     3.01    5.440  nan      nan    nan   1.026     nan                            Gaia_DR3     -10.541       1.215     -10.258       0.037       6.017       0.030
Gaia DR3 2528293148024985216   8.1501864  -4.1709895 16.477  2.367       4.422   5.4933  16.3821    20.87      nan      nan    6.033  nan      nan    nan   1.017     nan                                None      -9.208       1.857      -7.842       0.082       7.313       0.059
Gaia DR3 2527372684993691648   9.3039170  -5.2045549 15.952  2.869       4.617   5.2978  16.9948    20.69      nan      nan    6.187  nan      nan    nan   1.067     nan                                None      -9.991       2.378      -4.016       0.074       1.635       0.055
Gaia DR3 2539444738550584704  15.7472949   3.3057320 12.776  1.297       4.507   5.3944  18.0821    19.75     0.70     1.09    5.652  nan      nan    nan   1.018     nan                            Gaia_DR3     -11.848      -1.434      -6.619       0.022      -2.653       0.015
Gaia DR3 2543856941274967680   7.0426949   0.3481281 10.985  0.956       2.453   5.9350  18.3349    21.06     8.37     0.56    5.757  nan      nan    nan   1.308     nan                            Gaia_DR3      -8.295      -0.231      -7.428       0.028       2.618       0.021
Gaia DR3 2482898333002826368  17.6227351  -5.1454828 14.268  1.927       4.145   6.2475  18.7074    19.37    10.84     2.57    6.072  nan      nan    nan   1.022     nan                            Gaia_DR3     -13.553       2.154     -16.025       0.028      -2.541       0.028
Gaia DR3 2529952517229872128  10.1191310  -2.9971968 13.593  1.755       4.585   3.2065  18.9406    20.64    19.17     1.56    6.562  nan      nan    nan   1.012     nan                            Gaia_DR3     -11.005       1.409      -6.472       0.024       5.845       0.020
Gaia DR3 2538839457399406848  17.8102971   2.8240136 17.753  3.100       4.183   6.4429  19.1483    19.39      nan      nan    6.046  nan      nan    nan   0.956     nan                                None     -13.574      -1.299     -18.618       0.157      -3.028       0.101
Gaia DR3 2543566837707231360   7.6003848  -0.3924677 18.701  2.961       4.872   5.2348  19.1884    20.99      nan      nan    5.562  nan      nan    nan   0.993     nan                                None      -8.254       0.096      -3.220       0.305       2.796       0.201
Gaia DR3 2552163785981876224  14.7924140   4.6496482 18.408  3.070       1.686   6.1837  19.4769    19.87      nan      nan    5.715  nan      nan    nan   1.002     nan                                None     -11.581      -2.024      -9.582       0.237      -1.670       0.161
Gaia DR3 2528540022745533440   8.1592074  -3.5581013 17.196  2.815       4.975   5.1801  19.6222    20.88      nan      nan    5.534  nan      nan    nan   1.054     nan                                None      -8.450       1.443      -7.572       0.105      -4.294       0.072
Gaia DR3 2526918346173026176   8.0212909  -5.6770278 15.491  2.303       3.609   6.5248  19.7311    20.84     7.93     6.67    5.798  nan      nan    nan   1.094     nan                            Gaia_DR3      -8.792       2.457      -4.540       0.047       1.283       0.040
Gaia DR3 2539842693040239360  15.5154027   3.6144400 16.437  2.538       0.996   5.5361  19.9903    19.78      nan      nan    5.561  nan      nan    nan   1.101     nan                                None     -11.563      -1.539     -12.290       0.084      -0.626       0.062
Gaia DR3 2543856941274701056   7.0433505   0.3475919 17.409  1.560       3.591   5.9342  20.9451    21.06      nan      nan    5.565  nan      nan    nan   1.093     nan                                None      -8.018      -0.223      -9.041       0.160       3.864       0.134
Gaia DR3 2553936851560638976   7.9261203   3.7562266  8.246  0.333       3.346   6.9279  20.9753    20.90    15.47     0.65    6.138  nan      nan    nan   0.958     nan                            Gaia_DR3      -9.262      -1.858      -7.070       0.030      -5.591       0.023
Gaia DR3 2476173685528349184  15.2244979  -7.3164682 17.567  2.836       2.041   6.5901  21.0880    19.72      nan      nan    6.262  nan      nan    nan   1.051     nan                                None     -12.889       3.261     -13.535       0.168       0.646       0.146
Gaia DR3 2474668351030470656  13.8621772  -7.8328610 16.328    nan       4.194   6.7250  21.1471    19.92      nan      nan    6.231  nan      nan    nan   1.027     nan                                None     -12.201       3.519      -9.885       0.164       8.518       0.114
Gaia DR3 2475978586637570688  15.2549699  -7.5412767 18.780  3.128       4.669   6.8102  21.4699    19.70      nan      nan    6.242  nan      nan    nan   1.034     nan                                None     -12.862       3.352      -6.729       0.286       3.708       0.286
Gaia DR3 2431865600311390720   6.0228014  -5.2921573 16.475  2.624       4.938   7.8860  23.4167    21.09      nan      nan    5.859  nan      nan    nan   0.947     nan                                None      -7.977       2.337      -2.359       0.087       4.713       0.053
Gaia DR3 2532585362246116352  15.6060410  -2.0575954  9.899  0.720       4.198   2.9594  23.6020    19.80     1.49     0.51    6.807  nan      nan    nan   1.697     nan                            Gaia_DR3     -14.200       0.932      -8.805       0.053       3.612       0.041
Gaia DR3 2543997747483073152   8.4429452   0.3630860 15.499  2.331       3.905   4.6026  24.0615    20.88     5.16     9.91    5.308  nan      nan    nan   1.071     nan                            Gaia_DR3      -8.221      -0.218     -12.005       0.043      -2.405       0.037
Gaia DR3 2528502364472237568   7.9957596  -3.8721846 11.699  1.064       3.293   5.4720  24.5231    20.90     9.03     0.36    6.675  nan      nan    nan   1.504     nan                            Gaia_DR3     -10.108       1.904     -12.690       0.049       5.751       0.025
Gaia DR3 2540500372792794624   6.2665147  -2.9563756 15.618  2.278       1.789   6.7367  24.6091    21.12      nan      nan    5.480  nan      nan    nan   0.974     nan                                None      -7.565       1.189      -5.986       0.073       2.523       0.041
Gaia DR3 2525409713141245568  12.8575348  -5.6136620 17.054  2.867       0.459   4.4186  24.6553    20.17      nan      nan    6.774  nan      nan    nan   0.977     nan                                None     -12.757       2.743     -13.312       0.091       3.092       0.088
Gaia DR3 2524653970695665920  12.9731714  -5.7342741 14.319  1.947       4.381   4.5428  24.7849    20.15    10.66     2.55    6.771  nan      nan    nan   1.081     nan                            Gaia_DR3     -12.811       2.800     -12.524       0.025      -3.446       0.026
Gaia DR3 2554156719526317824  10.0166817   4.0376944 10.198  0.702       4.173   5.9145  24.8116    20.62     0.64     0.20    6.644  nan      nan    nan   0.966     nan                            Gaia_DR3     -11.091      -2.128     -10.811       0.021      -7.966       0.017
Gaia DR3 2473380273158346880  14.9250635  -9.5614661 10.565  0.735       2.709   8.6349  25.3909    19.66   -12.85     0.24    6.004  nan      nan    nan   0.968     nan                            Gaia_DR3     -12.226       4.113     -14.289       0.021       1.375       0.017
Gaia DR3 2431836871274480000   5.6513781  -5.4685467 17.807  3.070       4.628   8.2938  25.4445    21.13      nan      nan    5.729  nan      nan    nan   0.984     nan                                None      -7.633       2.369     -12.228       0.134       5.551       0.105
Gaia DR3 2475346921502986368  18.5959308  -7.7632458 16.079  2.741       4.026   8.7627  25.7708    19.10      nan      nan    6.015  nan      nan    nan   1.695     nan                                None     -13.843       3.224      -8.744       0.122       3.492       0.125
Gaia DR3 2556778500707064704  12.6914641   7.2263253 17.245  2.785       3.982   8.4226  26.0074    20.11      nan      nan    5.708  nan      nan    nan   1.076     nan                                None     -10.680      -3.147     -11.682       0.141       1.539       0.110
Gaia DR3 2523431519923859456   9.1450949  -7.5251461 13.464  1.497       3.285   7.2895  26.1080    20.62    -8.36     1.10    5.477  nan      nan    nan   1.260     nan                            Gaia_DR3      -8.778       3.075     -11.127       0.020       0.097       0.020
Gaia DR3 2430261309767035136   6.9376259  -8.1974326 16.667  2.532       2.428   9.1000  26.9969    20.86      nan      nan    6.126  nan      nan    nan   0.982     nan                                None      -8.777       3.803      -5.853       0.070       4.938       0.056
Gaia DR3 2431465790395651712   5.3024994  -6.5904601 15.383  2.399       3.324   9.1990  27.0540    21.12    20.96     5.67    6.035  nan      nan    nan   5.017     nan                            Gaia_DR3      -7.876       3.027      -3.694       0.199       3.657       0.148
Gaia DR3 2547945406543353344   4.2361695   1.7298252 15.145  2.204       4.037   9.0239  27.2712    21.36    11.47     4.27    6.226  nan      nan    nan   1.009     nan                            Gaia_DR3      -7.605      -0.929     -10.639       0.042       3.415       0.033
Gaia DR3 2532142813111059840  18.3700869  -1.3591751 16.769  2.636       4.046   5.5974  27.3978    19.30      nan      nan    6.831  nan      nan    nan   0.892     nan                                None     -15.611       0.570     -14.430       0.083       6.276       0.063
Gaia DR3 2476564626335323136  17.5868497  -6.3703896 18.535  3.290       3.733   7.0587  27.4296    19.34      nan      nan    6.672  nan      nan    nan   1.113     nan                                None     -14.874       2.951     -11.212       0.269      -0.813       0.303
Gaia DR3 2485774277463893376  22.2012628  -0.9876781 16.650  2.875       4.810   9.4282  28.1538    18.54      nan      nan    6.183  nan      nan    nan   1.003     nan                                None     -15.781       0.336     -13.067       0.077       5.988       0.038
Gaia DR3 2747385374028259328   6.7602569   5.9558342 15.983  2.492       1.759   9.3380  28.4006    20.97      nan      nan    5.741  nan      nan    nan   1.030     nan                                None      -8.146      -2.726      -9.801       0.071      -1.387       0.065
Gaia DR3 2540050672536834560   5.6090720  -4.4918975 17.109  3.002       2.857   7.8775  28.4538    21.16      nan      nan    5.435  nan      nan    nan   2.240     nan                                None      -7.224       1.834      -9.349       0.259       4.324       0.196
Gaia DR3 2482345583596155392  20.2450640  -5.1875333 18.302  3.170       3.313   8.4592  28.5435    18.87      nan      nan    6.526  nan      nan    nan   0.995     nan                                None     -15.776       2.272     -17.555       0.223      -1.924       0.138
Gaia DR3 2580927147602990720  13.2613859   8.3973807 17.490  2.932       3.470   9.6056  28.8349    19.97      nan      nan    5.792  nan      nan    nan   1.094     nan                                None     -11.082      -3.679      -8.629       0.132      -7.133       0.094
Gaia DR3 2556935284193399168   9.9737526   6.3384729 12.135  1.059       3.042   8.0361  28.9647    20.55     9.06     0.50    5.430  nan      nan    nan   1.158     nan                            Gaia_DR3      -9.047      -2.687     -11.020       0.021       0.183       0.016
Gaia DR3 2526561520290413184   8.7538958  -6.6965297 17.397  3.022       4.793   6.8064  29.1231    20.71      nan      nan    6.815  nan      nan    nan   0.991     nan                                None     -10.718       3.405     -12.323       0.139      10.101       0.101
