GaiaDR3                               RA         DEC   Gmag  Bp-Rp  Voff(km/s) Sep(deg)   3D(pc) Vr(pred)  Vr(obs)    Vrerr Plx(mas)  SpT    FnuvJ  W1-W3    RUWE  XCrate                               RVsrc    PMRApred   PMDecpred        PMRA     PMRAerr       PMDec    PMDecerr
Gaia DR3 1476485996883837184 201.2826037  38.9223634  9.684  1.260       0.000   0.0000   0.0000    -7.14      nan      nan   23.480  nan      nan    nan   0.962     nan                                None    -124.608     -27.300    -124.608       0.008     -27.300       0.009
Gaia DR3 1549259098113618688 202.2628853  42.2381820  7.507  0.741       1.354   3.3983   3.3662    -7.77      nan      nan   24.822  nan      nan    nan   0.922     nan                                None    -131.519     -25.134    -132.138       0.012     -18.075       0.016
Gaia DR3 1501788886175060608 203.8536299  43.7704008 14.827  2.979       2.215   5.2174   3.8789    -8.40      nan      nan   23.458  nan      nan    nan   1.177     nan                                None    -123.897     -20.333    -130.997       0.084     -11.994       0.107
Gaia DR3 1501788130259330688 203.8581833  43.7657168 10.490  1.567       1.599   5.2143   3.8827    -8.40      nan      nan   23.750  nan      nan    nan   1.016     nan                                None    -125.439     -20.583    -122.235       0.008     -13.249       0.011
Gaia DR3 1501788881878538496 203.8538825  43.7705186 14.781  2.974       1.164   5.2176   3.9358    -8.40      nan      nan   23.974  nan      nan    nan   0.916     nan                                None    -126.624     -20.780    -124.570       0.072     -15.269       0.122
Gaia DR3 1523644978312478976 194.6451020  38.2799378  9.029  1.184       0.948   5.2257   3.9864    -4.79      nan      nan   24.101  nan      nan    nan   2.028     nan                                None    -128.274     -37.630    -129.219       0.023     -42.352       0.024
Gaia DR3 1523645047031954944 194.6324627  38.2785707  8.484  0.932       1.135   5.2357   4.1739    -4.78      nan      nan   24.457  nan      nan    nan   1.062     nan                                None    -130.168     -38.204    -131.573       0.014     -43.887       0.014
Gaia DR3 1500434116051163904 207.3734901  41.6270203 16.600  4.484       0.523   5.3749   4.9901    -9.38      nan      nan   25.378  nan      nan    nan   1.269     nan                                None    -132.729     -18.219    -131.888       0.057     -20.889       0.083
Gaia DR3 1484502295643717888 215.2861808  37.4009180  8.654  1.033       2.487  11.1039   8.6974   -11.78      nan      nan   25.708  nan      nan    nan   0.961     nan                                None    -129.626     -11.062    -130.648       0.010     -24.501       0.015
Gaia DR3 1515247836210515456 190.8058535  34.4650685 13.014  2.660       1.860   9.5013   8.8297    -2.89      nan      nan   27.276  nan      nan    nan   1.140     nan                                None    -144.530     -49.821    -145.987       0.016     -60.414       0.018
Gaia DR3 1490845584382687232 217.3919946  39.7903982  8.918  1.030       0.386  12.4694   9.2054   -12.53      nan      nan   23.805  nan      nan    nan   0.976     nan                                None    -118.451      -4.962    -118.071       0.010      -6.860       0.013
Gaia DR3 1535849763538623232 182.9661909  39.9578284 11.010  1.704       0.937  14.1585  11.1638    -1.10      nan      nan   22.071  nan      nan    nan   1.367     nan                                None    -114.259     -49.013    -116.567       0.024     -52.712       0.027
Gaia DR3 1489976179921954432 219.7152379  42.2288678 11.776  2.094       1.761  14.3546  11.2731   -13.26      nan      nan   26.803  nan      nan    nan   1.669     nan                                None    -131.196       1.037    -134.584       0.098      -8.316       0.183
Gaia DR3 3958028559033816832 193.0083530  25.4564595  9.441  1.478       1.900  15.1606  11.3067    -2.38      nan      nan   25.536  nan      nan    nan   2.741     nan                                None    -135.729     -46.268    -140.252       0.054     -37.094       0.045
Gaia DR3 3958028490314315008 192.9093445  25.5086632  8.851  1.067       1.820  15.1520  11.4014    -2.34      nan      nan   25.878  nan      nan    nan   0.884     nan                                None    -137.530     -46.978    -141.047       0.016     -37.692       0.016
Gaia DR3 1518521529003631488 190.1478351  35.9618356 15.383  3.012       1.604   9.3157  14.0553    -2.89      nan      nan   18.425  nan      nan    nan   1.077     nan                                None     -97.509     -34.006     -99.332       0.021     -28.050       0.035
Gaia DR3 1476430505906769408 199.7951868  38.7431274 14.582  2.865       2.634   1.1724  14.4299    -6.62      nan      nan   17.549  nan      nan    nan   4.889     nan                                None     -93.300     -22.001     -89.755       0.056     -31.080       0.065
Gaia DR3 1247168931216260736 211.0410505  20.7590410  9.793  1.343       2.383  20.0078  14.5743    -9.03      nan      nan   24.815  nan      nan    nan   1.072     nan                                None    -127.925     -31.216    -126.245       0.015     -18.863       0.012
Gaia DR3 3942267575245222656 192.9644116  20.3809864 13.351  2.606       2.515  19.8774  14.6741    -1.59      nan      nan   23.570  nan      nan    nan   1.263     nan                                None    -125.275     -43.617    -127.981       0.023     -31.416       0.023
Gaia DR3 1473443510771118464 202.0968323  35.7567661 14.137  3.052       1.300   3.2311  15.1446    -7.12      nan      nan   36.274  nan      nan    nan   1.393     nan                                None    -192.255     -43.532    -185.386       0.012     -36.342       0.016
Gaia DR3 1254447492033650816 217.3761537  23.2459641 16.071  3.526       1.706  20.8059  15.1484   -11.72      nan      nan   24.628  nan      nan    nan   1.030     nan                                None    -122.561     -23.467    -117.485       0.042     -16.210       0.050
Gaia DR3 1252420576707828352 212.9493000  21.2708946 12.307  2.591       2.931  20.2915  15.1936    -9.84      nan      nan   27.487  nan      nan    nan   1.514     nan                                None    -140.399     -32.404    -139.228       0.023     -49.346       0.021
Gaia DR3 4030344297785870720 184.0736099  37.0761199 18.011  4.668       1.066  13.6652  15.3354    -0.95      nan      nan   18.883  nan      nan    nan   1.126     nan                                None     -98.195     -40.961    -101.763       0.121     -38.666       0.169
Gaia DR3 4026742744370003712 179.5293205  32.2736322  6.350  0.447       2.524  18.8387  15.3940     1.55      nan      nan   21.175  nan      nan    nan   1.047     nan                                None    -107.840     -50.743    -108.495       0.021     -61.989       0.033
Gaia DR3 4026742744369123584 179.5274430  32.2725651 12.159  1.946       1.274  18.8406  15.4148     1.55      nan      nan   21.156  nan      nan    nan   1.685     nan                                None    -107.741     -50.699    -105.413       0.018     -55.880       0.025
Gaia DR3 1524497305982984832 199.7899685  39.2207497 14.161  2.546       1.567   1.1966  15.4470    -6.66      nan      nan   17.241  nan      nan    nan   0.928     nan                                None     -91.664     -21.419     -91.916       0.025     -27.110       0.029
Gaia DR3 1609807687330195584 212.9688351  55.9908915 19.296  3.468       1.825  18.7493  15.5399   -11.27      nan      nan   20.972  nan      nan    nan   1.105     nan                                None    -107.109       4.494    -102.625       0.273      -2.213       0.309
Gaia DR3 4027326928641456256 181.2791936  33.7496624  7.388  0.704       2.198  16.8825  15.5603     0.64      nan      nan   19.922  nan      nan    nan   1.016     nan                                None    -102.358     -46.163    -102.129       0.015     -55.393       0.016
Gaia DR3 1246438718056644224 209.7519728  19.0164870 15.243  3.310       2.218  21.2145  15.6246    -8.32      nan      nan   26.933  nan      nan    nan   1.129     nan                                None    -139.619     -36.446    -135.862       0.034     -24.424       0.030
Gaia DR3 1473443510771118336 202.0978696  35.7565721 14.362  3.232       1.089   3.2314  15.7944    -7.12      nan      nan   37.161  nan      nan    nan  25.051     nan                                None    -196.954     -44.594    -191.892       0.256     -51.461       0.338
 Gaia DR3 785997230125164544 175.0136927  46.1259481 15.022  2.980       1.855  20.5411  15.9756     0.09      nan      nan   21.964  nan      nan    nan   1.051     nan                                None    -108.816     -59.095    -109.600       0.017     -67.649       0.024
 Gaia DR3 759822153234671104 172.4673311  36.1112321 12.495  2.411       2.182  22.9315  16.7317     3.14      nan      nan   24.174  nan      nan    nan   1.337     nan                                None    -117.554     -67.082    -126.622       0.019     -60.647       0.026
Gaia DR3 1485151935217184256 211.7808726  37.8729979 11.857  1.911       1.120   8.2896  17.0095   -10.63      nan      nan   17.240  nan      nan    nan   1.252     nan                                None     -88.568     -10.361     -87.381       0.009      -6.468       0.013
Gaia DR3 1442307677933551104 201.1409439  21.2215714 15.583  3.025       2.391  17.7012  17.2355    -5.07      nan      nan   19.250  nan      nan    nan   1.041     nan                                None    -102.180     -30.234     -97.074       0.048     -21.985       0.027
 Gaia DR3 765512332067110656 168.9804085  40.8321449 13.664  2.661       0.825  24.7224  17.8543     3.09      nan      nan   25.050  nan      nan    nan   1.202     nan                                None    -118.279     -75.420    -122.209       0.018     -77.298       0.020
 Gaia DR3 764233664467965824 169.5395954  38.4882408 15.517  3.565       1.711  24.6490  18.2203     3.50      nan      nan   23.381  nan      nan    nan   4.600     nan                                None    -110.957     -69.041    -119.346       0.209     -68.179       0.299
Gaia DR3 1291109504671837824 229.6859091  35.9487659 11.071  1.689       1.073  22.6557  18.3338   -16.33      nan      nan   21.058  nan      nan    nan   1.061     nan                                None     -93.872       4.452     -89.879       0.011       7.048       0.017
Gaia DR3 1389261735157949440 230.9782444  40.8685182 20.768  1.963       2.653  22.7565  18.3398   -16.54      nan      nan   21.127  nan      nan    nan   1.231     nan                                None     -92.768      12.072     -85.378       1.143       2.854       2.000
Gaia DR3 1253353890280943104 212.9298436  22.1124097 17.411  0.502       2.157  19.5366  18.8445    -9.91      nan      nan   19.056  nan      nan    nan   0.986     nan                                None     -97.345     -21.894    -105.745       0.075     -24.027       0.067
Gaia DR3 4018761080226203264 172.9742646  27.4257339 12.537  2.683       2.242  26.1879  18.9213     4.91      nan      nan   27.751  nan      nan    nan   1.271     nan                                None    -135.473     -72.795    -124.638       0.026     -65.400       0.023
Gaia DR3 1272051188593078912 230.3297955  28.8414467 14.211  2.933       2.679  25.9936  19.3310   -16.54      nan      nan   23.089  nan      nan    nan   1.111     nan                                None    -102.166      -4.442     -98.408       0.012     -16.927       0.015
Gaia DR3 1678074272650459008 197.9965323  65.8336938 12.110  2.197       1.419  26.9775  19.4137    -8.27      nan      nan   27.740  nan      nan    nan   1.227     nan                                None    -147.673     -17.557    -150.557       0.014     -25.339       0.013
Gaia DR3 1278423305151962368 228.8530465  33.7878405 12.809  2.319       2.823  22.6965  19.5602   -16.10      nan      nan   20.040  nan      nan    nan   3.278     nan                                None     -90.174       0.905     -80.532       0.083       7.925       0.104
Gaia DR3 1278340773059748608 228.9881982  33.1015022 13.184  2.725       2.692  23.0561  19.5885   -16.14      nan      nan   20.219  nan      nan    nan   5.242     nan                                None     -90.842       0.207     -80.042       0.040       4.076       0.049
Gaia DR3 1566653578222808832 196.9975366  58.4288678 14.774  2.683       1.999  19.7009  19.6371    -7.59      nan      nan   18.694  nan      nan    nan   0.987     nan                                None     -99.547     -17.416    -104.775       0.020     -23.312       0.021
Gaia DR3 3933777077736204544 188.1479519  16.0406795 10.895  1.661       2.720  25.6111  19.9464     1.11      nan      nan   21.700  nan      nan    nan   0.894     nan                                None    -114.327     -43.261    -103.491       0.024     -37.148       0.016
Gaia DR3 1397457048152981632 235.9273964  44.8478104 12.372  2.278       1.881  26.2521  19.9558   -17.55      nan      nan   22.331  nan      nan    nan   1.220     nan                                None     -91.884      23.926     -92.046       0.014      15.070       0.016
Gaia DR3 1610856453920291712 220.0432282  57.7132271  7.752  0.680       1.295  22.3887  20.0425   -12.80      nan      nan   19.550  nan      nan    nan   1.370     nan                                None     -95.461      15.791     -94.439       0.062      10.554       0.076
Gaia DR3 1387401640655986688 230.1725527  36.7693580 14.111  2.749       1.112  22.8190  20.0952   -16.46      nan      nan   19.723  nan      nan    nan   1.205     nan                                None     -87.432       5.588     -82.812       0.015       5.462       0.020
Gaia DR3 1668251063969207552 214.7625528  64.8629177 13.158  2.575       1.073  27.1086  20.6548   -11.30      nan      nan   22.232  nan      nan    nan   1.297     nan                                None    -112.440      16.063    -112.730       0.014      11.044       0.014
Gaia DR3 1396617472242087168 236.5959716  44.0541805 11.226  1.767       1.129  26.7330  20.9495   -17.78      nan      nan   21.499  nan      nan    nan   1.140     nan                                None     -87.608      22.644     -86.917       0.013      17.574       0.015
Gaia DR3 4021944436971219584 171.7315634  28.5489385 18.144  4.669       2.312  26.5229  21.0972     5.10      nan      nan   21.169  nan      nan    nan   1.062     nan                                None    -102.341     -57.016    -109.603       0.168     -64.348       0.181
Gaia DR3 1610907546851440128 217.6296311  57.1728598 16.513  3.537       2.707  21.1488  21.1252   -12.30      nan      nan   18.444  nan      nan    nan   1.185     nan                                None     -91.630      11.211    -102.155       0.050      11.073       0.063
Gaia DR3 1613573690750097024 223.8383164  56.9290476 14.852 -0.155       2.646  23.2855  21.2021   -13.68      nan      nan   19.228  nan      nan    nan   0.964     nan                                None     -90.977      19.951     -80.676       0.022      22.936       0.025
 Gaia DR3 844152289904253312 168.9737242  55.3303262 10.473  2.030       2.772  27.0314  21.6754    -0.58      nan      nan   35.486  nan      nan    nan   1.389     nan                                None    -167.546    -109.253    -178.204       0.012     -91.460       0.016
 Gaia DR3 788340461203094912 170.5226845  46.9077843  9.271  1.589       2.446  23.7189  21.8472     1.15      nan      nan   39.319  nan      nan    nan   1.019     nan                                None    -188.191    -116.757    -197.487       0.010    -134.777       0.009
Gaia DR3 1263985102569989504 229.8126737  24.3270484 10.574  1.523       1.675  28.1588  21.8969   -16.24      nan      nan   21.627  nan      nan    nan   1.030     nan                                None     -96.269     -10.443     -90.343       0.012      -5.630       0.013
Gaia DR3 1680943860560015488 187.1508367  67.4912503 15.274  3.148       2.938  29.6308  21.9214    -6.53      nan      nan   23.193  nan      nan    nan   1.466     nan                                None    -121.858     -35.017    -108.024       0.036     -38.886       0.047
Gaia DR3 1383172330523940096 240.5723219  40.4968188 12.553  2.358       0.137  30.0157  21.9958   -19.05      nan      nan   23.614  nan      nan    nan   1.221     nan                                None     -90.379      23.534     -89.715       0.013      23.368       0.017
Gaia DR3 1255034459444168704 218.2865282  24.5349321 17.280  4.730       1.678  20.3315  22.0821   -12.16      nan      nan   42.473  nan      nan    nan   1.066     nan                                None    -210.054     -36.707    -195.931       0.092     -31.576       0.107
 Gaia DR3 833009804708229760 164.2664513  50.0021433 13.933  2.612       0.887  28.2876  22.2216     1.94      nan      nan   21.367  nan      nan    nan   1.012     nan                                None     -96.224     -71.947     -93.902       0.013     -68.695       0.021
 Gaia DR3 862234033499968640 165.9323870  61.7469449 15.920  1.593       1.944  31.3728  22.4139    -1.65      nan      nan   25.223  nan      nan    nan   0.584     nan                                None    -115.624     -82.314    -120.978       0.116     -73.469       0.121
Gaia DR3 1668845350004416256 221.3180642  65.3301413  7.107  0.639       2.852  28.8366  22.7477   -12.39      nan      nan   21.240  nan      nan    nan   0.994     nan                                None    -102.680      26.693    -111.154       0.021      36.246       0.020
Gaia DR3 3908825173171874688 186.4851584  13.6676607 18.393  4.501       2.268  28.4361  23.1023     2.20      nan      nan   20.612  nan      nan    nan   1.032     nan                                None    -108.083     -41.599    -101.411       0.232     -48.853       0.212
Gaia DR3 1558893534392538496 205.9600352  50.5014044 12.847  2.263       0.507  12.0404  23.1853    -9.40      nan      nan   15.856  nan      nan    nan   2.320     nan                                None     -83.294      -7.988     -81.914       0.048      -8.972       0.056
Gaia DR3 1558893534390665600 205.9603879  50.5015789 13.030  2.198       1.399  12.0407  23.2800    -9.41      nan      nan   15.830  nan      nan    nan   1.106     nan                                None     -83.159      -7.974     -81.303       0.046     -12.257       0.049
Gaia DR3 1694997062272007680 220.4405390  70.2623569 13.400  2.601       2.513  32.9079  23.2986   -11.72      nan      nan   30.281  nan      nan    nan   1.246     nan                                None    -147.404      42.603    -146.967       0.016      26.566       0.017
Gaia DR3 1236585612107071616 221.7376386  18.3002001  9.262  1.006       2.103  27.2084  23.6730   -12.97      nan      nan   19.479  nan      nan    nan   0.943     nan                                None     -93.845     -20.362     -87.653       0.015     -14.341       0.015
 Gaia DR3 772871844428105216 176.2521837  44.2152780 14.096  2.627       1.741  19.3751  23.7303     0.15      nan      nan   16.880  nan      nan    nan   1.166     nan                                None     -84.322     -44.115     -83.893       0.019     -50.294       0.019
Gaia DR3 1370571450529693952 234.4452925  33.1002100 14.265  2.770       0.663  27.2914  23.7951   -17.79      nan      nan   19.438  nan      nan    nan   1.191     nan                                None     -81.655       4.596     -79.070       0.013       3.766       0.018
Gaia DR3 1669700701331083264 221.6291202  67.7219302 16.415  3.547       2.916  30.9175  23.8642   -12.18      nan      nan   21.711  nan      nan    nan   1.043     nan                                None    -104.694      30.157    -100.919       0.056      17.355       0.055
Gaia DR3 3977050728669174912 170.4548823  18.1895954  7.768  0.996       2.428  33.8177  23.9008     7.80      nan      nan   30.947  nan      nan    nan   1.079     nan                                None    -148.037     -77.037    -151.945       0.030     -92.386       0.024
Gaia DR3 3978500258656158720 171.6127755  20.5178132  7.799  0.754       2.724  31.4254  24.2895     6.88      nan      nan   21.652  nan      nan    nan   1.026     nan                                None    -104.574     -54.563    -106.306       0.028     -66.873       0.023
Gaia DR3 1426873554041125120 247.7599941  54.2270452 14.397  2.964       0.485  34.6208  24.6099   -18.63      nan      nan   25.291  nan      nan    nan   1.134     nan                                None     -84.323      57.834     -82.452       0.022      56.048       0.023
Gaia DR3 1515952176488267008 194.4162268  35.2244178  9.772  2.050       2.262   6.6066  24.9694    -4.30      nan      nan   56.111  nan      nan    nan  10.599     nan                                None    -298.601     -91.193    -277.648       0.205    -107.826       0.149
 Gaia DR3 729891110264400512 162.4219244  25.6476162 16.103  3.933       2.767  35.1095  25.0956     8.96      nan      nan   34.037  nan      nan    nan   0.999     nan                                None    -150.088    -100.789    -139.860       0.056    -117.805       0.066
Gaia DR3 3945018965655377920 196.7719492  23.5342116 14.963  2.820       2.426  15.8582  25.1761    -3.61      nan      nan   15.800  nan      nan    nan   1.018     nan                                None     -84.136     -26.671     -85.629       0.040     -34.613       0.049
 Gaia DR3 778239690259641088 164.9720001  42.0254540 18.384  3.599       2.966  27.5869  25.3110     3.94      nan      nan   18.653  nan      nan    nan   0.885     nan                                None     -84.648     -60.448     -78.503       0.190     -70.362       0.290
Gaia DR3 1540254677701046400 190.6507797  42.2417082 17.053  3.468       1.043   8.7224  25.3889    -3.99      nan      nan   15.004  nan      nan    nan   1.053     nan                                None     -79.480     -26.059     -80.574       0.062     -22.946       0.067
Gaia DR3 1612198918962583552 217.0363324  59.7393995 17.844  4.208       2.907  23.0749  25.4082   -12.04      nan      nan   17.142  nan      nan    nan   1.005     nan                                None     -85.495      11.638     -95.884       0.123      13.188       0.127
Gaia DR3 3975240653357177984 179.1795372  19.5840351 18.572  3.995       2.272  27.1630  25.6286     4.15      nan      nan   18.319  nan      nan    nan   1.039     nan                                None     -93.117     -41.699     -86.080       0.279     -36.457       0.194
 Gaia DR3 767786671869455360 174.7410191  41.1797923  8.984  0.759       0.238  20.3621  25.6694     1.27      nan      nan   16.424  nan      nan    nan  37.820     nan                                None     -81.216     -44.253     -81.756       0.553     -43.630       0.502
Gaia DR3 3900151160301345152 185.6327414   5.3052160  6.335  0.702       2.012  36.4826  25.6764     3.94      nan      nan   33.341  nan      nan    nan   1.050     nan                                None    -174.352     -64.562    -168.058       0.045     -51.896       0.040
Gaia DR3 1675341127261729152 197.8652545  60.5869497 16.843  3.494       2.357  21.7698  25.7991    -7.94      nan      nan   16.681  nan      nan    nan   1.115     nan                                None     -88.804     -13.352     -96.853       0.083     -11.375       0.070
 Gaia DR3 853607127830197120 159.3822993  55.7858931 13.061  2.436       2.859  32.3126  25.9110     1.31      nan      nan   20.675  nan      nan    nan   1.214     nan                                None     -87.767     -76.492    -100.222       0.012     -76.881       0.016
 Gaia DR3 837423691059235456 163.1311984  52.4839497 16.007  3.196       1.884  29.4356  26.0734     1.50      nan      nan   18.997  nan      nan    nan   0.983     nan                                None     -84.466     -65.579     -77.169       0.031     -63.657       0.041
Gaia DR3 3935601854721369472 191.0369769  17.1748401 13.477  2.495       2.922  23.5125  26.2303    -0.29      nan      nan   16.939  nan      nan    nan   1.114     nan                                None     -89.790     -32.507     -82.850       0.024     -40.301       0.019
Gaia DR3 1661321254496066432 211.6600666  61.2052410 15.868  3.372       1.484  23.1916  26.4793   -10.87      nan      nan   16.768  nan      nan    nan   1.825     nan                                None     -86.195       5.482     -81.102       0.060       4.225       0.057
Gaia DR3 3957887649746830976 192.1943937  24.8397584  6.115  0.870       1.986  16.0372  26.5790    -1.96      nan      nan   58.486  nan      nan    nan   0.911     nan                                None    -310.563    -108.133    -334.908       0.022    -105.517       0.020
Gaia DR3 1160716496587849088 226.5891890   7.7151789 11.428  2.210       2.769  38.6190  26.5817   -13.71      nan      nan   29.908  nan      nan    nan   1.386     nan                                None    -137.838     -44.157    -126.977       0.027     -57.828       0.022
 Gaia DR3 732579686776901120 168.2494785  29.8420417 13.198  2.434       0.923  28.5519  26.9206     6.00      nan      nan   18.173  nan      nan    nan   1.015     nan                                None     -85.230     -51.994     -87.904       0.012     -54.306       0.013
Gaia DR3 1383268439008361344 240.1300259  41.2035403 16.006  3.256       1.652  29.5715  26.9539   -18.88      nan      nan   18.547  nan      nan    nan   1.015     nan                                None     -71.517      19.040     -71.273       0.035      12.585       0.040
Gaia DR3 1289138423920964608 226.2625903  33.7491737 14.095  2.671       2.347  20.7049  27.2693   -15.29      nan      nan   15.981  nan      nan    nan   1.202     nan                                None     -73.894      -1.146     -66.821       0.013       2.385       0.015
Gaia DR3 1220278033602341376 238.1062311  25.9157670 15.605  3.176       1.360  33.4122  27.6534   -18.91      nan      nan   19.919  nan      nan    nan   1.453     nan                                None     -79.341      -2.399     -76.356       0.028       2.469       0.042
Gaia DR3 1220278037896123776 238.1063686  25.9162402 15.571  3.158       2.469  33.4120  27.6774   -18.91      nan      nan   19.901  nan      nan    nan   1.425     nan                                None     -79.269      -2.396     -69.124       0.025      -0.305       0.039
Gaia DR3 1420101696285626624 256.3334623  54.4710536  5.590  0.639       0.441  39.6205  27.7350   -19.82      nan      nan   36.790  nan      nan    nan   1.266     nan                                None     -98.517      98.236     -97.897       0.109      94.870       0.079
 Gaia DR3 857154289780788352 165.1739309  57.4878878 15.086  2.946       2.111  29.8153  27.8085    -0.34      nan      nan   18.189  nan      nan    nan   1.121     nan                                None     -82.723     -60.594     -84.509       0.021     -52.700       0.027
Gaia DR3 1717627794711189760 189.3271165  79.2154977  6.856  0.758       2.952  40.5721  27.8223    -8.03      nan      nan   28.607  nan      nan    nan  15.625     nan                                None    -151.137     -28.653    -139.080       0.421     -15.553       0.354
 Gaia DR3 724786936769969664 160.7573526  26.3252722  5.475  0.254       1.642  36.0351  28.0812     9.33      nan      nan   21.221  nan      nan    nan   1.079     nan                                None     -91.698     -64.504     -98.971       0.081     -65.543       0.079
Gaia DR3 1321207948286591232 237.3213714  30.9851625 14.572  2.824       1.994  30.3706  28.1928   -18.66      nan      nan   18.201  nan      nan    nan   1.093     nan                                None     -73.371       3.716     -65.731       0.065       4.082       0.096
Gaia DR3 1329124913043769216 246.0831715  34.2433572 14.535  2.980       2.987  35.9160  28.5525   -20.82      nan      nan   20.697  nan      nan    nan   1.156     nan                                None     -71.491      15.528     -58.549       0.016      17.056       0.023
 Gaia DR3 808271445919284864 149.8834108  43.8909347 16.181  3.493       1.825  38.2453  28.6530     7.14      nan      nan   22.386  nan      nan    nan   0.988     nan                                None     -81.849     -89.955     -89.424       0.041     -85.856       0.040
 Gaia DR3 736493986827074048 163.8750255  31.0574779 14.270  2.601       1.407  31.4031  28.8723     7.14      nan      nan   18.241  nan      nan    nan   1.122     nan                                None     -81.791     -55.964     -76.880       0.020     -58.233       0.019
Gaia DR3 1521696059591147136 191.6429456  39.3181151 12.502  2.048       1.079   7.4856  28.9694    -3.90      nan      nan   14.153  nan      nan    nan   2.175     nan                                None     -75.092     -24.332     -73.678       0.020     -27.223       0.020
Gaia DR3 1321207948287911168 237.3211583  30.9852797 14.566  2.811       1.025  30.3704  29.0237   -18.66      nan      nan   17.792  nan      nan    nan   1.115     nan                                None     -71.723       3.633     -72.245       0.049      -0.175       0.062
Gaia DR3 1452888755068439424 211.2666425  29.3086468 17.519  4.177       2.814  12.6614  29.1452    -9.90      nan      nan   14.459  nan      nan    nan   4.042     nan                                None     -74.460     -13.749     -73.328       0.470     -22.252       0.413
Gaia DR3 3717157893901778176 198.2523884   5.9246231 15.850  3.259       2.002  33.1114  29.2033    -1.66      nan      nan   18.753  nan      nan    nan   1.093     nan                                None     -99.820     -34.222    -103.329       0.070     -27.129       0.054
Gaia DR3 1516729325050723840 193.3036428  35.0374771 16.854  3.406       1.530   7.4602  29.2991    -3.88      nan      nan   14.084  nan      nan    nan   0.977     nan                                None     -74.884     -23.767     -72.543       0.051     -19.873       0.103
Gaia DR3 1065497067340068096 149.7367068  65.3024516 14.413  2.864       1.690  39.3802  29.5144    -0.29      nan      nan   22.325  nan      nan    nan   1.118     nan                                None     -81.406     -95.989     -77.103       0.016     -89.302       0.017
Gaia DR3 1451450048399808384 207.2645953  26.9794351  7.204  1.304       2.389  12.9467  29.5902    -8.17      nan      nan   74.094  nan      nan    nan   1.411     nan                                None    -387.652     -88.879    -417.140       0.036    -111.759       0.023
Gaia DR3 1520000780164239744 191.6821344  36.1435883 17.545  3.804       2.659   8.0994  29.7644    -3.46      nan      nan   14.022  nan      nan    nan   0.952     nan                                None     -74.404     -24.679     -79.315       0.072     -18.544       0.137
Gaia DR3 1524090070066693632 197.9121444  40.1923375 19.900  2.950       2.107   2.8920  29.8225    -6.13      nan      nan   13.835  nan      nan    nan   1.128     nan                                None     -73.654     -18.413     -76.651       0.355     -13.048       0.306
Gaia DR3 1681718810099326080 185.8294927  67.9020908 10.830  1.445       0.342  30.2073  29.8424    -6.37      nan      nan   17.368  nan      nan    nan   1.295     nan                                None     -90.884     -27.997     -91.843       0.024     -27.194       0.020
Gaia DR3 1203627102528283392 237.9127156  18.6731136 12.127  2.093       2.100  37.5678  29.8616   -18.62      nan      nan   20.617  nan      nan    nan   1.518     nan                                None     -82.367     -12.918     -74.141       0.016      -8.959       0.017
