GaiaDR3                               RA         DEC   Gmag  Bp-Rp  Voff(km/s) Sep(deg)   3D(pc) Vr(pred)  Vr(obs)    Vrerr Plx(mas)  SpT    FnuvJ  W1-W3    RUWE  XCrate                               RVsrc    PMRApred   PMDecpred        PMRA     PMRAerr       PMDec    PMDecerr
Gaia DR3 4919771654727611008   6.7026455 -56.3161011 13.516  0.917       0.000   0.0000   0.0000   -32.46   -32.46     1.87    2.203  nan      nan    nan   0.999     nan                            Gaia_DR3      21.457       7.271      21.457       0.011       7.271       0.012
Gaia DR3 4918762230038234624   7.1748308 -57.0685774 17.007  2.006       4.653   0.7959   9.3747   -32.45      nan      nan    2.170  nan      nan    nan   0.991     nan                                None      21.154       7.113      20.141       0.059       5.240       0.059
Gaia DR3 4918865107390465664   4.2320362 -57.4613714 19.994  2.532       4.737   1.7699  14.0332   -33.83      nan      nan    2.207  nan      nan    nan   1.095     nan                                None      21.379       6.202      20.026       0.419       7.942       0.468
Gaia DR3 4920297015127204352   9.4460414 -56.4218978 13.165  0.847       1.796   1.5230  15.5495   -31.26    11.16     1.68    2.253  nan      nan    nan   1.000     nan                            Gaia_DR3      22.028       8.283      21.705       0.011       7.493       0.011
Gaia DR3 4920513859436419200   9.3357590 -55.8797137 17.439  2.325       2.791   1.5320  16.0653   -31.14      nan      nan    2.154  nan      nan    nan   1.007     nan                                None      21.060       8.020      19.800       0.067       8.156       0.074
Gaia DR3 4908162800507195904   8.7140812 -57.4774490 19.961  2.668       3.856   1.5985  16.2105   -31.89      nan      nan    2.254  nan      nan    nan   1.090     nan                                None      22.025       7.776      20.484       0.352       8.768       0.408
Gaia DR3 4906360773964600448   7.5282819 -58.7525073 13.972  0.928       2.980   2.4763  19.6128   -32.75    24.84     4.62    2.204  nan      nan    nan   1.028     nan                            Gaia_DR3      21.494       6.889      22.864       0.017       6.691       0.016
Gaia DR3 4920571682580091520   8.9742800 -55.7083903 19.935  2.280       0.487   1.4077  19.6415   -31.26      nan      nan    2.285  nan      nan    nan   0.997     nan                                None      22.335       8.438      22.479       0.388       8.623       0.413
Gaia DR3 4921705145925930624   8.9774547 -54.0628021 19.526  2.677       1.199   2.6004  21.3034   -30.74      nan      nan    2.232  nan      nan    nan   0.978     nan                                None      21.817       8.662      21.802       0.257       9.226       0.321
Gaia DR3 4922781773967133440   1.8965509 -55.6119746 11.529  0.699       1.669   2.7800  22.1451   -34.44    -0.70     0.48    2.194  nan      nan    nan   0.932     nan                            Gaia_DR3      21.101       5.954      21.856       0.011       6.115       0.012
Gaia DR3 4907923626664380288   9.7658660 -57.7925525 14.413  1.086       4.913   2.2256  22.2027   -31.53   -37.77     3.32    2.141  nan      nan    nan   1.070     nan                            Gaia_DR3      20.943       7.631      22.260       0.016       9.416       0.015
Gaia DR3 4918549341393749376   5.6309396 -58.1877764 19.944  2.395       3.147   1.9593  22.3429   -33.41      nan      nan    2.129  nan      nan    nan   1.033     nan                                None      20.690       6.217      22.102       0.407       6.224       0.416
Gaia DR3 4918137604354124800   3.7993413 -58.7878412 19.549  2.613       2.661   2.9210  23.3223   -34.31      nan      nan    2.192  nan      nan    nan   0.993     nan                                None      21.200       5.657      22.404       0.273       5.410       0.255
Gaia DR3 4907819684159989760   8.5063186 -58.6207660 18.920  2.634       2.198   2.5002  23.3930   -32.30      nan      nan    2.146  nan      nan    nan   0.943     nan                                None      20.964       7.049      21.844       0.177       6.586       0.178
Gaia DR3 4921725761768468736   9.1354656 -53.7463919 16.179  1.826       2.474   2.9232  23.8686   -30.56      nan      nan    2.235  nan      nan    nan   0.988     nan                                None      21.845       8.800      21.698       0.030       7.644       0.037
Gaia DR3 4922669997441992960   2.2467845 -55.8281330 17.032  2.072       3.581   2.5340  24.6723   -34.33      nan      nan    2.278  nan      nan    nan   0.970     nan                                None      21.927       6.229      21.003       0.052       4.779       0.052
Gaia DR3 4920377309539602944  10.8530446 -55.9763538 19.434  2.856       1.014   2.3365  24.7371   -30.49      nan      nan    2.288  nan      nan    nan   0.912     nan                                None      22.397       8.985      21.976       0.200       9.232       0.245
Gaia DR3 4918843151517480704   5.7687918 -57.1602084 18.804  2.991       3.698   0.9873  25.4994   -33.09      nan      nan    2.328  nan      nan    nan   1.042     nan                                None      22.630       7.137      20.971       0.174       6.401       0.187
Gaia DR3 4920620099747303040  10.3746274 -55.4192199 14.565  1.172       4.297   2.2467  25.7817   -30.52     8.91     3.67    2.300  nan      nan    nan   0.965     nan                            Gaia_DR3      22.504       9.019      20.927       0.015      10.380       0.018
Gaia DR3 4923351385413956480   4.0382650 -54.6091826 18.318  2.615       3.494   2.2790  26.5458   -33.22      nan      nan    2.114  nan      nan    nan   0.970     nan                                None      20.465       6.627      20.708       0.111       8.165       0.126
Gaia DR3 4923148598534909696   6.3148478 -54.7937639 13.009  0.828       4.902   1.5381  26.5922   -32.21    22.55     1.50    2.325  nan      nan    nan   0.937     nan                            Gaia_DR3      22.628       7.968      23.168       0.009      10.309       0.010
Gaia DR3 4919546770239903360   3.7130947 -56.3901992 15.479  1.449       2.354   1.6580  26.9746   -33.81      nan      nan    2.095  nan      nan    nan   0.986     nan                                None      20.264       6.012      19.720       0.025       5.126       0.025
Gaia DR3 4919986433156522624   4.5731753 -55.8360718 15.822  1.560       3.098   1.2817  28.4582   -33.29      nan      nan    2.082  nan      nan    nan   1.020     nan                                None      20.179       6.367      19.069       0.028       5.583       0.028
Gaia DR3 4920545225581411328   8.4631361 -55.9244434 18.184  2.514       2.890   1.0566  28.5077   -31.55      nan      nan    2.344  nan      nan    nan   1.016     nan                                None      22.897       8.428      23.238       0.120       9.815       0.122
Gaia DR3 4908077347838424576  11.8316988 -56.7715822 17.990  2.512       1.755   2.8634  29.1322   -30.31      nan      nan    2.120  nan      nan    nan   0.969     nan                                None      20.767       8.434      21.517       0.097       8.204       0.101
Gaia DR3 4921125737657282816  11.8401514 -54.1909125 15.385  1.466       2.108   3.6165  29.3707   -29.42      nan      nan    2.176  nan      nan    nan   1.054     nan                                None      21.313       9.275      21.620       0.023      10.192       0.024
Gaia DR3 4918260685232755712   1.6778286 -58.9903839 19.114  2.599       4.338   3.7902  30.0117   -35.22      nan      nan    2.212  nan      nan    nan   1.032     nan                                None      21.254       4.975      21.882       0.177       6.898       0.211
Gaia DR3 4908404624345764864  13.5960496 -56.8061481 18.808  2.585       4.921   3.8284  30.3054   -29.54      nan      nan    2.209  nan      nan    nan   0.982     nan                                None      21.640       9.336      21.004       0.158      11.538       0.149
Gaia DR3 4918913417182493696   5.7311770 -56.7737928 15.229  1.483       4.661   0.7045  30.7993   -33.01      nan      nan    2.361  nan      nan    nan   1.035     nan                                None      22.948       7.336      22.901       0.024       5.017       0.024
Gaia DR3 4921952845279591296  11.7617384 -53.6450344 20.007  2.138       3.416   3.9432  31.2717   -29.27      nan      nan    2.199  nan      nan    nan   1.031     nan                                None      21.537       9.479      21.706       0.352      11.054       0.485
Gaia DR3 4920358553418983040  10.9071002 -56.2422197 15.572  1.591       2.426   2.3349  31.3525   -30.55      nan      nan    2.335  nan      nan    nan   1.032     nan                                None      22.864       9.120      21.753       0.026       8.682       0.027
Gaia DR3 4907205405053250560  11.4474107 -57.9723997 12.765  0.780       3.182   3.0599  31.5530   -30.86    34.23     1.37    2.112  nan      nan    nan   1.365     nan                            Gaia_DR3      20.684       7.998      19.353       0.014       7.512       0.015
Gaia DR3 4921618520728498048   8.2442374 -54.5427263 18.748  2.391       2.924   1.9773  32.0037   -31.24      nan      nan    2.349  nan      nan    nan   0.922     nan                                None      22.936       8.748      24.382       0.117       8.822       0.145
Gaia DR3 6496589384724136960 359.5989246 -56.4078264 17.497  2.447       2.444   3.9344  32.5208   -35.62      nan      nan    2.255  nan      nan    nan   1.012     nan                                None      21.501       5.170      21.436       0.075       6.330       0.081
Gaia DR3 4908136102990555520   9.6272545 -57.3485213 18.392  2.580       3.292   1.9040  32.9052   -31.46      nan      nan    2.356  nan      nan    nan   1.007     nan                                None      23.045       8.473      22.612       0.137      10.050       0.130
Gaia DR3 4972133005487225984   2.0129070 -53.2976321 19.596  2.223       3.222   4.0499  33.2219   -33.83      nan      nan    2.252  nan      nan    nan   0.983     nan                                None      21.667       6.803      23.033       0.198       7.491       0.248
Gaia DR3 4924047621088986112   3.5143722 -53.3777521 16.435  1.881       2.561   3.4638  33.2271   -33.14      nan      nan    2.120  nan      nan    nan   0.990     nan                                None      20.486       6.811      19.749       0.031       5.935       0.035
Gaia DR3 4903856567513012992  12.7669727 -58.9855611 10.738  0.770       4.838   4.1991  33.3124   -30.62    16.35     0.32    2.220  nan      nan    nan   0.907     nan                            Gaia_DR3      21.750       8.581      23.364       0.012       6.992       0.012
Gaia DR3 4906482957194361344   4.3003478 -58.9818499 10.335  0.579       2.519   2.9591  33.8925   -34.14   -13.94     1.34    2.332  nan      nan    nan   1.002     nan                            Gaia_DR3      22.590       6.131      23.193       0.014       7.214       0.015
Gaia DR3 4922781529153423232   1.9404223 -55.6175848 19.341  2.588       1.734   2.7547  34.0852   -34.42      nan      nan    2.085  nan      nan    nan   1.080     nan                                None      20.057       5.670      19.988       0.225       4.911       0.231
Gaia DR3 4905794216238432384   3.5486941 -60.2873996 17.154  2.069       3.887   4.3020  34.0987   -34.72      nan      nan    2.200  nan      nan    nan   0.968     nan                                None      21.269       5.179      22.617       0.065       6.377       0.076
Gaia DR3 4922960478966640000   2.7297500 -54.8303349 14.270  1.102       4.844   2.6924  34.1936   -33.88     1.24     4.08    2.083  nan      nan    nan   0.974     nan                            Gaia_DR3      20.084       6.096      18.972       0.014       7.909       0.015
Gaia DR3 4907581949130894848  14.1445287 -57.1520825 17.889  2.190       2.716   4.1645  34.2987   -29.42      nan      nan    2.256  nan      nan    nan   1.013     nan                                None      22.097       9.628      23.343       0.080       9.288       0.091
Gaia DR3 6494818243289918976 359.4113601 -57.9701229 19.907  2.340       2.974   4.2849  35.6731   -35.98      nan      nan    2.157  nan      nan    nan   1.036     nan                                None      20.546       4.444      21.814       0.355       3.975       0.392
Gaia DR3 4905410349241621888   6.9740866 -60.2260546 10.723  1.151       3.952   3.9125  36.1056   -33.34    50.14     0.18    2.121  nan      nan    nan   0.877     nan                            Gaia_DR3      20.671       6.079      21.611       0.010       4.583       0.012
Gaia DR3 4920807772638235264  13.0480154 -55.0277028 13.885  0.981       4.593   3.8015  36.2365   -29.15   -10.18     2.47    2.114  nan      nan    nan   1.072     nan                            Gaia_DR3      20.706       9.175      22.253       0.013       7.835       0.013
Gaia DR3 4924670558849433600   6.2784025 -51.6878703 19.353  2.571       4.032   4.6349  36.9186   -31.30      nan      nan    2.231  nan      nan    nan   1.042     nan                                None      21.713       8.446      19.922       0.179       7.822       0.221
Gaia DR3 4908534057480328704  14.4795949 -55.9961680 12.118  0.875       2.403   4.3407  37.2011   -28.85     4.58     2.60    2.282  nan      nan    nan   1.973     nan                            Gaia_DR3      22.340      10.127      23.496       0.023      10.155       0.022
Gaia DR3 6496475589566196224 359.2161870 -56.7817933 16.434  1.882       4.915   4.1508  37.6879   -35.85      nan      nan    2.122  nan      nan    nan   0.997     nan                                None      20.203       4.649      22.240       0.034       3.818       0.043
Gaia DR3 4906482957194361216   4.3017206 -58.9803150 15.237  1.446       2.080   2.9574  37.9152   -34.14      nan      nan    2.362  nan      nan    nan   1.041     nan                                None      22.875       6.209      23.395       0.025       7.105       0.026
Gaia DR3 6496679033577145856 358.1589514 -55.7815857 14.202  1.250       4.032   4.7982  38.8671   -36.14   -52.99     5.11    2.252  nan      nan    nan   1.229     nan                            Gaia_DR3      21.341       4.904      22.963       0.016       3.885       0.019
Gaia DR3 4907254539479063680  13.0190898 -58.6257249 18.233  2.413       3.980   4.1048  39.0585   -30.40      nan      nan    2.108  nan      nan    nan   0.988     nan                                None      20.649       8.309      20.464       0.103      10.068       0.104
Gaia DR3 6497192535570862720 359.9620040 -54.3941499 18.338  2.321       3.993   4.2844  39.8100   -35.05      nan      nan    2.112  nan      nan    nan   1.033     nan                                None      20.167       5.501      21.859       0.109       6.046       0.131
Gaia DR3 4919454754861113856   1.8070508 -57.0957357 18.852  2.675       4.464   2.7975  39.9207   -34.80      nan      nan    2.055  nan      nan    nan   1.073     nan                                None      19.759       5.163      18.356       0.185       6.494       0.183
