GaiaDR3                               RA         DEC   Gmag  Bp-Rp  Voff(km/s) Sep(deg)   3D(pc) Vr(pred)  Vr(obs)    Vrerr Plx(mas)  SpT    FnuvJ  W1-W3    RUWE  XCrate                               RVsrc    PMRApred   PMDecpred        PMRA     PMRAerr       PMDec    PMDecerr
Gaia DR3 2776823148594090752  12.9908016  13.0783704 11.565  0.718       0.000   0.0000   0.0000    11.14      nan      nan    1.652  nan      nan    nan   1.235     nan                                None       5.671      -5.624       5.671       0.029      -5.624       0.023
Gaia DR3 2777006075546136576  14.2109027  14.0566307 19.619  2.062       0.627   1.5374  18.9311    11.19      nan      nan    1.679  nan      nan    nan   1.062     nan                                None       5.655      -5.814       5.488       0.525      -5.961       0.411
Gaia DR3 2584474992452522240  15.4320420  12.8248877 18.822  2.128       1.139   2.3926  25.2779    11.87      nan      nan    1.653  nan      nan    nan   1.092     nan                                None       5.457      -5.666       5.842       0.318      -5.569       0.218
Gaia DR3 2584460943614784512  15.1309773  12.7338437 17.510  2.235       1.942   2.1144  26.9468    11.82      nan      nan    1.695  nan      nan    nan   1.038     nan                                None       5.622      -5.795       5.223       0.126      -5.227       0.100
Gaia DR3 2778001648965149696  11.7660110  14.7544451 19.162  2.434       0.661   2.0549  27.9349    10.32      nan      nan    1.702  nan      nan    nan   1.042     nan                                None       5.954      -5.879       5.763       0.338      -5.738       0.217
Gaia DR3 2775803141105650816  10.2549809  12.4368368 18.611  2.586       1.086   2.7443  29.2131    10.54      nan      nan    1.663  nan      nan    nan   1.033     nan                                None       5.948      -5.560       6.314       0.202      -5.664       0.172
Gaia DR3 2776521263932981504  14.5490924  12.7250473 14.177  1.074       2.264   1.5595  29.6068    11.66      nan      nan    1.722  nan      nan    nan   1.459     nan                                None       5.768      -5.875       6.324       0.037      -6.480       0.024
Gaia DR3 2584398988711110272  15.7861756  12.4039196 19.593  2.734       2.949   2.8087  29.8564    12.08      nan      nan    1.644  nan      nan    nan   0.954     nan                                None       5.395      -5.612       4.634       0.526      -4.928       0.393
Gaia DR3 2776882865819431296  13.3369477  13.5868909 13.843  0.896       0.265   0.6099  29.8790    11.09      nan      nan    1.576  nan      nan    nan   0.987     nan                                None       5.381      -5.406       5.469       0.022      -5.397       0.018
