GaiaDR3                               RA         DEC   Gmag  Bp-Rp  Voff(km/s) Sep(deg)   3D(pc) Vr(pred)  Vr(obs)    Vrerr Plx(mas)  SpT    FnuvJ  W1-W3    RUWE  XCrate                               RVsrc    PMRApred   PMDecpred        PMRA     PMRAerr       PMDec    PMDecerr
Gaia DR3 4617759514501503616  12.5469567 -83.7437629  7.816  0.685       0.000   0.0000   0.0000   -30.23      nan      nan   17.418  nan      nan    nan   1.013     nan                                None     139.455      30.389     139.455       0.026      30.389       0.019
Gaia DR3 4617759518798492800  12.5413259 -83.7436455 13.630    nan       2.101   0.0006   0.5580   -30.23      nan      nan   17.589  nan      nan    nan   2.435     nan                                None     140.826      30.674     148.118       0.160      27.936       0.188
Gaia DR3 4634953574257648512  21.8193363 -78.3158354 18.154  0.985       2.573   5.5999   8.1042   -28.09      nan      nan   19.500  nan      nan    nan   0.980     nan                                None     150.819      70.008     142.586       0.126      76.651       0.123
Gaia DR3 4622050053687336448  69.1446363 -81.2929209 14.162  2.831       1.779   7.4005  10.5987   -25.39      nan      nan   20.267  nan      nan    nan   1.078     nan                                None      71.745     165.398      78.436       0.018     161.794       0.015
Gaia DR3 5765042521619929472 232.0674989 -88.1333638  6.436  0.389       2.517   7.7869  10.9673   -31.85      nan      nan   15.476  nan      nan    nan   0.976     nan                                None     -85.349     -87.920     -88.391       0.022     -80.293       0.026
Gaia DR3 6345974472317399424 282.7772933 -85.1972064 14.715  2.699       1.812   7.8660  12.4455   -34.02      nan      nan   15.032  nan      nan    nan   1.085     nan                                None      16.107    -111.651      20.408       0.023    -115.455       0.021
Gaia DR3 5212462646474700032 103.9750354 -77.3684915 13.837  2.776       2.916  14.2126  14.6485   -21.93      nan      nan   19.353  nan      nan    nan   1.094     nan                                None     -23.970     178.302     -26.647       0.015     189.896       0.018
Gaia DR3 4690935350519379712  18.0934095 -70.5227476 18.261  4.437       2.654  13.2636  15.2430   -26.32      nan      nan   20.742  nan      nan    nan   1.054     nan                                None     163.212      80.523     173.542       0.150      75.239       0.147
Gaia DR3 4690935350520872064  18.0923932 -70.5229143 18.248  4.611       2.798  13.2634  15.2997   -26.32      nan      nan   20.791  nan      nan    nan   1.096     nan                                None     163.594      80.709     170.659       0.160      70.685       0.157
Gaia DR3 5779255118155610624 232.0846508 -79.4099561 19.211  3.806       2.249  15.9153  15.7438   -35.57      nan      nan   18.084  nan      nan    nan   1.093     nan                                None     -99.697     -83.147     -94.767       0.289     -90.161       0.290
Gaia DR3 4697552211497239936  25.6859810 -68.1992298 17.398  3.860       1.033  15.7695  16.1131   -23.75      nan      nan   16.871  nan      nan    nan   1.087     nan                                None     127.553      85.275     126.562       0.099      81.738       0.084
Gaia DR3 5782743318797509888 188.7027364 -82.9802042  9.330  1.116       2.309  13.2686  16.2349   -31.01      nan      nan   15.299  nan      nan    nan   2.989     nan                                None    -123.282       4.613    -129.698       0.038       8.393       0.037
Gaia DR3 5800975180092164224 263.0031888 -76.8582790 11.393  1.746       2.069  16.3169  16.4456   -38.65      nan      nan   17.151  nan      nan    nan   1.187     nan                                None     -29.138    -106.362     -33.320       0.013    -100.159       0.014
Gaia DR3 6363974405377132800 273.2017244 -79.6952796 16.246  3.547       2.142  12.8784  17.4183   -37.30      nan      nan   22.649  nan      nan    nan   0.996     nan                                None      -6.219    -153.355      -1.629       0.042    -162.494       0.043
Gaia DR3 6382829891625310592 333.0531217 -72.8573334 18.151  4.411       2.681  12.9234  17.9045   -35.57      nan      nan   14.612  nan      nan    nan   1.250     nan                                None      99.941     -31.778      97.736       0.161     -39.737       0.167
Gaia DR3 4698100799078995968  29.1103802 -67.0428736 11.925  2.184       2.564  17.0490  17.9958   -22.44      nan      nan   20.608  nan      nan    nan   4.208     nan                                None     152.043     114.700     143.725       0.225     107.289       0.174
Gaia DR3 4698100897864958976  29.1239440 -67.0419647 17.826  4.372       2.825  17.0505  18.3209   -22.44      nan      nan   20.982  nan      nan    nan   1.029     nan                                None     154.788     116.818     149.248       0.146     105.618       0.139
Gaia DR3 5192291109232141568 159.0614653 -82.6048579 14.544  3.030       2.702  13.0742  18.3658   -28.53      nan      nan   23.289  nan      nan    nan   1.165     nan                                None    -168.869     101.574    -168.994       0.022      88.311       0.019
Gaia DR3 4636433108887748864  17.9816876 -75.7017305 15.127  3.222       2.618   8.0914  18.5765   -27.90      nan      nan   24.929  nan      nan    nan   1.100     nan                                None     196.240      83.513     209.377       0.029      79.434       0.030
Gaia DR3 6417490110202192640 294.1532074 -70.8238820 16.849  3.445       2.808  18.8992  18.7667   -41.12      nan      nan   17.593  nan      nan    nan   1.035     nan                                None      46.250     -89.114      35.885       0.045     -90.124       0.056
Gaia DR3 4689416169049079424   2.6625447 -73.2242812  6.801  0.503       2.732  10.6650  18.8202   -30.12      nan      nan   13.898  nan      nan    nan   3.757     nan                                None     112.099      21.529     119.981       0.234      20.144       0.220
Gaia DR3 6425057395900808192 312.3724122 -66.9630800 15.699  3.092       2.866  20.6126  21.2070   -40.41      nan      nan   16.623  nan      nan    nan   0.931     nan                                None      81.185     -55.873      90.718       0.023     -59.028       0.029
Gaia DR3 6369550131920081536 308.7409321 -75.4911073 16.194  3.167       1.739  12.9938  21.3940   -37.95      nan      nan   13.698  nan      nan    nan   0.992     nan                                None      61.186     -66.779      56.166       0.034     -66.830       0.040
Gaia DR3 5189801093351700608 117.9886744 -86.2681276 15.336  2.686       1.270   8.0900  21.9493   -28.59      nan      nan   12.945  nan      nan    nan   1.039     nan                                None     -40.565     101.619     -37.434       0.030     100.132       0.030
Gaia DR3 4690906110389885952  15.7724624 -70.5977337 10.161  1.081       0.111  13.1605  22.3545   -26.85      nan      nan   13.506  nan      nan    nan   3.954     nan                                None     107.178      48.256     107.099       0.061      48.563       0.055
Gaia DR3 5789759027620714240 201.8219031 -76.6312138 15.206  2.780       2.330  19.5687  22.4547   -32.65      nan      nan   15.223  nan      nan    nan   1.132     nan                                None    -117.738     -11.320    -110.732       0.026      -8.709       0.028
Gaia DR3 4713507465244574464  31.7992392 -60.9826132  7.388  0.671       1.155  23.1950  22.7669   -18.74      nan      nan   18.045  nan      nan    nan   1.003     nan                                None     130.214     114.298     125.833       0.018     113.981       0.018
Gaia DR3 6355345816078026240 335.6197734 -78.1831575 14.638  2.995       2.054   7.7705  22.8958   -34.16      nan      nan   28.292  nan      nan    nan   1.153     nan                                None     198.745     -72.368     192.724       0.021     -61.703       0.022
Gaia DR3 4659825940354806400  86.5547704 -66.9375560 15.559  2.970       0.682  22.1257  22.9221   -13.66      nan      nan   21.939  nan      nan    nan   0.987     nan                                None      26.474     217.262      29.624       0.033     217.404       0.032
Gaia DR3 5780799416601562496 244.5966673 -76.5614360 15.655  3.584       2.435  17.9637  23.0671   -37.77      nan      nan   25.106  nan      nan    nan   1.011     nan                                None    -103.043    -131.677    -106.908       0.034    -119.386       0.044
Gaia DR3 5283452374207162752  99.1345839 -66.6559636 14.066  2.883       0.863  23.7596  23.2637   -13.29      nan      nan   18.174  nan      nan    nan   1.196     nan                                None     -10.195     181.422      -8.781       0.023     184.411       0.020
Gaia DR3 5793819146109422848 223.9407393 -73.1668095  7.681  0.620       2.893  22.4049  23.4624   -36.57      nan      nan   16.249  nan      nan    nan   0.914     nan                                None    -102.255     -47.939     -93.352       0.015     -43.586       0.018
Gaia DR3 5808631045204654336 247.9649612 -69.8868598 11.268  1.819       1.463  24.1953  23.8784   -40.77      nan      nan   20.700  nan      nan    nan  11.277     nan                                None     -76.356     -93.118     -82.324       0.122     -90.851       0.159
Gaia DR3 5268772622662953600 110.1879778 -68.3952569 17.056  3.437       2.300  23.2380  23.9544   -15.17      nan      nan   16.517  nan      nan    nan   0.981     nan                                None     -34.598     159.447     -32.741       0.071     167.236       0.094
Gaia DR3 4634624201805550208   5.6191059 -79.1662869 10.802  2.108       2.427   4.6836  24.1047   -30.34      nan      nan   29.783  nan      nan    nan   7.679     nan                                None     240.447      38.484     251.653       0.116      28.160       0.102
Gaia DR3 5794951810577913216 235.0780367 -71.5683367  9.256  1.105       2.353  23.4135  24.2015   -38.63      nan      nan   22.417  nan      nan    nan   0.879     nan                                None    -116.514     -85.113    -105.408       0.009     -84.535       0.011
Gaia DR3 5795711199462066816 234.1226873 -71.5655232 15.567  3.030       1.625  23.4717  24.6375   -38.50      nan      nan   16.173  nan      nan    nan   1.058     nan                                None     -85.712     -60.055     -84.051       0.023     -54.770       0.025
Gaia DR3 5799237986096386176 227.1018104 -69.9266038 13.756  2.480       1.195  25.4640  24.7990   -37.86      nan      nan   18.444  nan      nan    nan   1.128     nan                                None    -110.748     -52.164    -106.101       0.011     -52.215       0.014
Gaia DR3 6393194029962662912 345.9766775 -65.1013716 17.113  3.684       2.805  19.4923  24.9420   -33.37      nan      nan   14.267  nan      nan    nan   1.049     nan                                None     108.794       4.906     112.238       0.077      -2.794       0.076
Gaia DR3 6435019555364893824 284.4963790 -65.8393193 15.548  3.606       2.244  24.7032  25.2629   -43.70      nan      nan   16.649  nan      nan    nan   1.123     nan                                None      21.828     -76.518      26.184       0.031     -83.080       0.036
Gaia DR3 6422179935314725504 302.3366556 -71.6619520 17.744  4.108       1.097  17.2206  25.3067   -40.09      nan      nan   13.589  nan      nan    nan   0.955     nan                                None      50.127     -64.720      47.113       0.089     -65.607       0.125
Gaia DR3 6430402018843594752 301.3328215 -63.3741773 13.516  2.487       2.727  25.2633  25.4994   -43.06      nan      nan   16.954  nan      nan    nan   1.162     nan                                None      60.397     -60.198      52.032       0.012     -65.197       0.012
Gaia DR3 6430402225000307584 301.3313276 -63.3746221 15.393  2.938       2.136  25.2630  25.5304   -43.06      nan      nan   16.922  nan      nan    nan   1.075     nan                                None      60.280     -60.086      54.484       0.025     -65.033       0.025
Gaia DR3 6385254525218270464 338.6423236 -68.8577455 14.442  2.538       1.000  16.3102  26.1997   -35.03      nan      nan   13.201  nan      nan    nan   1.130     nan                                None      95.375     -13.277      93.610       0.016     -11.124       0.018
Gaia DR3 5803900636937334400 265.2899599 -71.9165947 16.461  3.272       1.926  20.7865  26.2197   -41.13      nan      nan   14.249  nan      nan    nan   1.026     nan                                None     -19.702     -78.866     -19.482       0.035     -84.648       0.044
Gaia DR3 6629435098312844800 272.0682725 -65.1980023 11.188  1.820       2.457  26.6143  26.2770   -44.13      nan      nan   21.764  nan      nan    nan   1.059     nan                                None      -9.448     -99.663     -18.803       0.012    -105.958       0.014
Gaia DR3 5804404659940293888 256.6454011 -72.2109040 15.422  2.905       1.521  21.2555  26.5686   -40.56      nan      nan   14.282  nan      nan    nan   1.020     nan                                None     -36.597     -75.624     -36.962       0.020     -80.189       0.026
Gaia DR3 4648736987606952064  85.3722265 -74.8392952 14.994  2.700       0.770  14.5649  26.5707   -20.01      nan      nan   12.841  nan      nan    nan  15.192     nan                                None      17.608     120.544      19.285       0.325     119.307       0.396
Gaia DR3 4758329881386175360  87.9879339 -61.3326084 15.036  3.016       2.859  27.7072  26.8441    -8.94      nan      nan   20.835  nan      nan    nan   1.097     nan                                None      20.974     211.704      22.984       0.025     224.099       0.029
Gaia DR3 5245005201371044096 155.9033254 -67.8682207 10.215  1.487       2.137  27.3942  27.1613   -21.63      nan      nan   22.393  nan      nan    nan   1.097     nan                                None    -157.747     136.912    -166.199       0.016     142.417       0.013
Gaia DR3 6631762764424312960 282.0266226 -62.2300799  7.175  0.626       1.478  28.4666  27.3658   -45.09      nan      nan   19.774  nan      nan    nan   1.042     nan                                None      19.114     -80.087      12.951       0.017     -80.137       0.015
Gaia DR3 6631685008336771072 281.7190936 -62.1771936 11.125  2.052       1.203  28.5508  27.4411   -45.12      nan      nan   19.724  nan      nan    nan   1.029     nan                                None      18.216     -79.799      13.239       0.017     -80.282       0.017
Gaia DR3 5768143896026885760 241.6559024 -84.6470103 18.142  2.914       1.115  10.5629  27.4876   -33.80      nan      nan   12.220  nan      nan    nan   1.945     nan                                None     -54.447     -74.474     -51.765       0.225     -75.503       0.229
Gaia DR3 5774205537990380160 266.9265700 -82.2173553  8.711  1.176       2.954  11.2119  27.5582   -35.80      nan      nan   32.132  nan      nan    nan   0.923     nan                                None     -37.109    -225.982     -39.176       0.019    -206.076       0.017
Gaia DR3 5822353637531028736 238.3500372 -66.4839760 10.787  1.529       0.976  28.2155  28.2200   -40.61      nan      nan   17.150  nan      nan    nan   1.913     nan                                None     -82.945     -56.981     -79.962       0.012     -58.868       0.020
Gaia DR3 5822353671890768000 238.3284019 -66.4879063 16.181  3.224       0.786  28.2131  28.3919   -40.61      nan      nan   16.971  nan      nan    nan   1.032     nan                                None     -82.121     -56.368     -79.586       0.023     -57.581       0.038
Gaia DR3 5820372553777480320 237.5269615 -68.8503923 14.818  2.890       2.127  25.9371  28.5481   -39.81      nan      nan   15.335  nan      nan    nan   1.621     nan                                None     -75.583     -55.329     -79.847       0.059     -60.722       0.091
Gaia DR3 5191219806949276544 174.3703047 -83.7615811 15.529  2.844       2.358  12.3372  28.7316   -29.99      nan      nan   12.185  nan      nan    nan   1.052     nan                                None     -96.642      26.938     -90.594       0.038      27.279       0.035
Gaia DR3 4682250892288090752  64.8421050 -57.4438841 12.888  2.444       1.776  29.1073  28.7880    -8.31      nan      nan   17.499  nan      nan    nan  24.287     nan                                None      71.300     164.297      77.030       0.286     161.122       0.321
Gaia DR3 5220973484950370688 125.6720742 -72.4159652 13.617  2.789       0.652  20.8254  29.4512   -19.55      nan      nan   30.834  nan      nan    nan   1.284     nan                                None    -126.431     265.259    -123.641       0.016     262.066       0.017
Gaia DR3 6634008173330723712 274.4585285 -61.7602721 15.481  2.888       1.689  29.7182  29.6020   -45.38      nan      nan   17.242  nan      nan    nan   1.087     nan                                None      -1.681     -69.356      -6.899       0.029     -72.590       0.031
