GaiaDR3                               RA         DEC   Gmag  Bp-Rp  Voff(km/s) Sep(deg)   3D(pc) Vr(pred)  Vr(obs)    Vrerr Plx(mas)  SpT    FnuvJ  W1-W3    RUWE  XCrate                               RVsrc    PMRApred   PMDecpred        PMRA     PMRAerr       PMDec    PMDecerr
Gaia DR3 5064574724769475968  42.9849979 -30.8140462  6.265  0.654       0.000   0.0000   0.0000     9.77      nan      nan   31.542  nan      nan    nan   0.889     nan                                None     123.435     105.996     123.435       0.025     105.996       0.037
Gaia DR3 5064574724769476096  42.9857359 -30.8118125 16.075  2.772       1.972   0.0023   0.4444     9.77      nan      nan   31.990  nan      nan    nan   1.082     nan                                None     125.189     107.501     138.137       0.116     104.465       0.202
Gaia DR3 2458168323630090240  20.9538313 -12.0434250 13.909  2.965       0.549  27.6890  14.7405     6.38      nan      nan   36.269  nan      nan    nan   1.711     nan                                None     179.058      78.320     183.245       0.057      78.052       0.015
Gaia DR3 4728487967576289024  45.7541463 -55.4138781 13.560  3.038       1.931  24.6781  14.8224     2.75      nan      nan   45.170  nan      nan    nan   1.307     nan                                None     168.943     183.628     158.446       0.015     168.528       0.021
Gaia DR3 4927943877980823296  19.2212948 -50.8533034 12.894  2.623       1.168  26.6850  15.2497    -1.89      nan      nan   29.595  nan      nan    nan   1.212     nan                                None     147.625      71.336     141.613       0.016      75.458       0.020
Gaia DR3 5044088143080835840  45.2070778 -40.9812643 11.247  1.904       1.573  10.3243  17.3559     7.33      nan      nan   21.013  nan      nan    nan   5.063     nan                                None      79.325      79.200      85.503       0.057      75.980       0.068
Gaia DR3 4774152506544281216  70.0762579 -58.9431328  7.233  0.840       2.069  33.5633  18.0751     4.52      nan      nan   32.433  nan      nan    nan   0.896     nan                                None      61.441     166.492      50.449       0.019     175.396       0.018
Gaia DR3 5045132816566806784  46.5772390 -37.6164095  9.221  1.117       2.876   7.4210  18.1465     8.70      nan      nan   20.360  nan      nan    nan   1.111     nan                                None      75.066      75.866      63.795       0.011      80.899       0.015
Gaia DR3 4876208179402504960  76.9054580 -29.4832013 11.786  2.110       2.533  29.2500  18.2653    16.69      nan      nan   26.782  nan      nan    nan   1.228     nan                                None      34.803     109.651      42.699       0.012     121.578       0.015
Gaia DR3 4936830165315867008  32.3371747 -51.4395964 11.564  2.030       0.296  22.0762  18.9155     1.21      nan      nan   22.691  nan      nan    nan   1.037     nan                                None     101.905      73.934     102.200       0.015      72.549       0.017
Gaia DR3 4809663983342875264  83.4240987 -36.9121691 14.097  3.003       0.109  33.8716  19.3877    14.48      nan      nan   29.152  nan      nan    nan   1.076     nan                                None      20.825     133.634      20.293       0.042     133.227       0.048
Gaia DR3 3206632861053251328  79.1001926  -8.7308779 15.224  3.663       0.707  40.2252  20.4977    22.70      nan      nan   39.702  nan      nan    nan   1.062     nan                                None      43.831     102.741      43.496       0.033     108.649       0.027
Gaia DR3 2306661939218648320   2.2940611 -38.3995069 12.289  2.211       2.755  34.0523  21.0458    -5.04      nan      nan   26.616  nan      nan    nan   1.415     nan                                None     139.550      39.765     154.950       0.015      38.409       0.017
Gaia DR3 2419154936657147008 359.1712878 -14.8747854 13.203  3.085       0.687  43.0749  21.6886    -3.10      nan      nan   40.963  nan      nan    nan   1.297     nan                                None     214.663      70.482     220.529       0.024      71.384       0.016
Gaia DR3 4807783337422997632  85.4812840 -40.1900329 10.326  1.595       2.986  35.4813  22.2579    13.29      nan      nan   26.084  nan      nan    nan   0.941     nan                                None      13.757     124.303      25.324       0.015     112.648       0.018
Gaia DR3 3171631420210205056  68.8180267 -16.1144920 14.607  4.821       1.829  27.7710  22.8618    19.67      nan      nan   94.305  nan      nan    nan   5.617     nan                                None     188.734     292.750     160.083       0.172     315.140       0.168
Gaia DR3 2889597032599946368  90.1406288 -33.2402013 17.296  4.591       1.787  39.7134  23.0373    16.03      nan      nan   28.281  nan      nan    nan   1.098     nan                                None       2.881     124.585      -7.400       0.096     127.375       0.120
Gaia DR3 4865580128209290880  67.5191278 -38.4828460 17.044  3.850       1.261  21.5094  23.1788    12.41      nan      nan   20.182  nan      nan    nan   0.900     nan                                None      42.597      89.212      47.223       0.078      91.929       0.100
Gaia DR3 6498271470011750912 354.6018899 -52.8564886 13.272  2.613       2.632  41.1717  23.7119    -8.66      nan      nan   28.475  nan      nan    nan   1.182     nan                                None     148.316      17.692     138.498       0.009      30.073       0.012
Gaia DR3 5063836024752533120  38.9512471 -31.9836354 16.413  3.389       2.249   3.6360  24.1342     8.30      nan      nan   17.956  nan      nan    nan   0.995     nan                                None      74.505      58.384      82.617       0.065      55.801       0.075
Gaia DR3 2443091236074493824   0.1458005  -5.5517751 11.352  2.124       0.531  47.4404  24.2685    -1.32      nan      nan   35.653  nan      nan    nan   1.180     nan                                None     186.924      64.620     190.065       0.028      62.157       0.017
Gaia DR3 3233007361862146048  71.5689906   3.2689128  7.655  0.844       2.562  43.6375  24.2719    23.86      nan      nan   29.892  nan      nan    nan   0.932     nan                                None      52.800      46.223      55.786       0.027      30.357       0.020
Gaia DR3 5556620540565785600  96.1912098 -45.3635282 19.796  3.283       1.847  43.4545  24.3436    11.22      nan      nan   82.025  nan      nan    nan   1.097     nan                                None     -37.022     410.453     -35.950       0.427     378.531       0.508
Gaia DR3 2888063866713951360  85.6444862 -35.9642360 14.103  2.903       1.488  35.7054  25.1316    14.93      nan      nan   23.391  nan      nan    nan   1.234     nan                                None      11.989     106.354      18.308       0.017     102.628       0.019
Gaia DR3 3021963797197403904  87.6150354  -6.6352878 12.371  2.452       1.443  48.2184  25.7949    23.64      nan      nan   31.804  nan      nan    nan   1.339     nan                                None      10.584      77.073      18.459       0.018      71.453       0.016
Gaia DR3 6603739438550692480 341.2823583 -32.8643440 13.257  2.922       2.676  51.6878  26.7141   -11.84      nan      nan   34.023  nan      nan    nan   1.253     nan                                None     167.685      19.256     148.495       0.018      19.195       0.017
Gaia DR3 2564957806361369728  23.3910537   5.7802132 15.634  3.147       2.748  41.1145  27.0455    10.19      nan      nan   24.322  nan      nan    nan   1.013     nan                                None     118.141      39.464     124.957       0.054      27.134       0.029
Gaia DR3 5174527227572440064  42.0533725  -7.9479825 16.173  3.137       2.315  22.8826  27.1560    14.89      nan      nan   18.725  nan      nan    nan   1.068     nan                                None      74.330      42.825      69.067       0.060      50.295       0.057
Gaia DR3 2343688886636652672  11.0594657 -26.2830937 17.888  0.916       1.656  28.3100  27.2173    -0.05      nan      nan   19.763  nan      nan    nan   1.036     nan                                None     102.122      40.259      96.441       0.109      36.346       0.121
Gaia DR3 4800803465811192064  79.1462138 -42.5139916  8.141  0.813       1.870  30.9885  28.2017    12.05      nan      nan   19.930  nan      nan    nan   1.086     nan                                None      21.920      95.950      14.992       0.019      92.245       0.019
Gaia DR3 2358524597030794112  18.1332543 -16.9961549 10.437  3.197       2.687  26.4911  28.4259     4.37      nan      nan  269.057  nan      nan    nan   1.001     nan                                None    1350.127     590.852    1205.074       0.041     637.547       0.052
Gaia DR3 2324934314938682368 355.2853939 -32.0711215  6.963  0.816       0.877  40.3775  28.6408    -6.80      nan      nan   22.669  nan      nan    nan   1.023     nan                                None     118.229      28.607     114.452       0.023      30.420       0.020
Gaia DR3 4665237908354588288  73.8640211 -62.9785356 14.971 -0.001       1.428  37.7008  28.6539     3.05      nan      nan   21.653  nan      nan    nan   0.902     nan                                None      33.935     114.539      39.515       0.028     117.911       0.026
Gaia DR3 2961682870344174976  80.2807719 -23.1431538 13.771  2.417       2.437  33.9456  29.0660    19.03      nan      nan   20.262  nan      nan    nan   1.171     nan                                None      20.225      75.110      30.496       0.010      73.434       0.013
Gaia DR3 4708663051372519808  14.2614173 -65.4718819 15.186  3.065       2.083  38.8592  29.1074    -5.57      nan      nan   21.769  nan      nan    nan   3.581     nan                                None     111.223      39.921     120.196       0.088      36.625       0.078
 Gaia DR3 148625114192311168  64.5776781  22.2229585 14.757  3.683       2.316  56.9407  29.4483    23.85      nan      nan   33.345  nan      nan    nan   2.790     nan                                None      78.501      -2.578      90.623       0.120     -13.445       0.089
Gaia DR3 5492026740697659648 110.0889923 -52.3108750  5.899  0.561       1.917  52.4358  29.5765     7.52      nan      nan   28.634  nan      nan    nan   8.691     nan                                None     -48.477     144.512     -37.046       0.321     146.290       0.287
Gaia DR3 5528866839863569024 130.8234073 -38.8808688  6.285  1.115       0.750  69.7107  29.7375     9.47      nan      nan   89.352  nan      nan    nan   0.932     nan                                None    -298.478     354.068    -301.128       0.014     340.199       0.016
Gaia DR3 4991030968962998528   5.2498757 -44.2426716 19.563  3.368       2.137  32.4375  29.7553    -4.81      nan      nan   19.541  nan      nan    nan   1.048     nan                                None     102.222      30.613      93.453       0.326      29.816       0.430
Gaia DR3 5289527244669314048 121.0764733 -62.7250821 13.305  2.980       2.057  57.5534  29.7856     2.17      nan      nan   33.222  nan      nan    nan   1.417     nan                                None     -86.640     162.212     -77.825       0.022     173.607       0.020
Gaia DR3 5292834403845151488 115.6497893 -59.2967231  7.041  0.785       2.034  55.1725  29.9142     4.10      nan      nan   30.436  nan      nan    nan   0.960     nan                                None     -65.923     153.428     -53.958       0.018     158.638       0.019
