GaiaDR3                               RA         DEC   Gmag  Bp-Rp  Voff(km/s) Sep(deg)   3D(pc) Vr(pred)  Vr(obs)    Vrerr Plx(mas)  SpT    FnuvJ  W1-W3    RUWE  XCrate                               RVsrc    PMRApred   PMDecpred        PMRA     PMRAerr       PMDec    PMDecerr
  Gaia DR3 22707874346819712  37.7653515   8.3816136 10.325  1.662       0.000   0.0000   0.0000    12.09      nan      nan   27.772  nan      nan    nan   1.070     nan                                None     374.862     -85.687     374.862       0.024     -85.687       0.018
Gaia DR3 2494066897240089728  33.1997666  -2.3939346  5.544  0.726       2.466  11.6978   7.6917     9.48      nan      nan   26.538  nan      nan    nan   3.282     nan                                None     363.356     -68.985     377.146       0.134     -68.623       0.100
Gaia DR3 2494066897240089984  33.1959677  -2.3966310  7.582  0.835       1.451  11.7017   7.8783     9.47      nan      nan   26.168  nan      nan    nan   0.989     nan                                None     358.288     -68.021     366.258       0.031     -67.275       0.022
Gaia DR3 5187862345112146944  45.5426066  -0.7457360 12.012  2.276       2.470  11.9748   8.9813    22.79      nan      nan   33.069  nan      nan    nan   1.538     nan                                None     428.958     -86.587     444.584       0.025     -79.347       0.023
 Gaia DR3 103294929837184000  37.3596830  26.4016669 13.400  2.826       1.885  18.0242  12.0409     6.57      nan      nan   33.699  nan      nan    nan   1.435     nan                                None     455.563    -124.028     445.943       0.024    -114.714       0.020
Gaia DR3 2531326283993100416  16.0686479  -3.8407190 17.780  0.988       1.106  24.8513  15.4111    -9.69      nan      nan   28.099  nan      nan    nan   1.075     nan                                None     383.290     -79.349     378.447       0.137     -74.935       0.145
  Gaia DR3 44427627043191168  54.3704819  17.6544239 14.372  2.939       2.937  18.6270  16.3033    26.44      nan      nan   21.893  nan      nan    nan   1.306     nan                                None     264.587    -100.451     278.067       0.031    -101.895       0.025
Gaia DR3 5176115025442071936  34.0673143  -9.8214190  6.782  0.796       1.308  18.5717  20.6675    11.96      nan      nan   19.483  nan      nan    nan   0.944     nan                                None     266.171     -44.497     268.753       0.028     -39.785       0.025
Gaia DR3 3415629951108585088  79.0393368  23.0877689 12.378  2.434       0.728  42.1711  24.3242    43.59      nan      nan   34.028  nan      nan    nan   1.111     nan                                None     278.473    -232.545     283.082       0.023    -234.995       0.015
Gaia DR3 2876143889356528000   4.1582442  34.8102585 19.404  3.857       2.255  40.5605  27.9594   -26.70      nan      nan   23.454  nan      nan    nan   1.114     nan                                None     302.260      15.257     294.222       0.440       7.532       0.338
Gaia DR3 2488515359951974656  37.3732778  -5.5091220 16.256  3.234       2.272  13.8962  28.4053    14.81      nan      nan   16.126  nan      nan    nan   1.055     nan                                None     217.994     -38.570     224.605       0.057     -42.563       0.052
Gaia DR3 4951081485279882368  34.8112474 -41.1498724 14.057  2.880       2.125  49.6060  28.5780    16.48      nan      nan   31.874  nan      nan    nan   1.281     nan                                None     434.543     -16.659     425.807       0.013      -5.368       0.016
Gaia DR3 2540245938930012288   5.9088013  -3.7637419 10.255  1.361       2.103  34.0121  28.5975   -20.92      nan      nan   19.941  nan      nan    nan   1.139     nan                                None     259.906     -59.360     251.196       0.027     -57.834       0.019
Gaia DR3 2788117228955420416  13.3367365  18.3357895 13.517  2.506       1.866  25.7265  28.7567   -16.94      nan      nan   17.675  nan      nan    nan   1.265     nan                                None     238.952     -28.988     239.596       0.024     -35.911       0.019
Gaia DR3 2788117228955420544  13.3393175  18.3361201 11.068  1.588       1.995  25.7243  28.7686   -16.93      nan      nan   17.670  nan      nan    nan   1.163     nan                                None     238.888     -28.983     243.882       0.024     -34.486       0.018
Gaia DR3 2719512513745949184 342.0961253  12.5361678 14.825  3.778       1.980  54.8104  29.4576   -46.58      nan      nan   51.491  nan      nan    nan   0.943     nan                                None     518.384     -28.901     503.352       0.052     -13.533       0.034
 Gaia DR3 473563132719635712  60.8777229  60.1523587 11.871  2.401       2.451  54.5994  29.9605     7.93      nan      nan   37.214  nan      nan    nan   1.250     nan                                None     418.568    -308.926     407.028       0.020    -324.307       0.019
