GaiaDR3                               RA         DEC   Gmag  Bp-Rp  Voff(km/s) Sep(deg)   3D(pc) Vr(pred)  Vr(obs)    Vrerr Plx(mas)  SpT    FnuvJ  W1-W3    RUWE  XCrate                               RVsrc    PMRApred   PMDecpred        PMRA     PMRAerr       PMDec    PMDecerr
Gaia DR3 2564324345929277184  19.4722697   5.4711115 10.204  2.082       0.000   0.0000   0.0000   -59.92   -59.92     0.17   55.248  nan      nan    nan   1.151     nan                            Gaia_DR3      87.813    -634.188      87.813       0.027    -634.188       0.021
Gaia DR3 2741452134407577216   4.2341679   5.1212284 12.389  2.921       2.178  15.1767   4.7506   -59.65    -2.28     0.40   56.159  nan      nan    nan   1.347     nan                            Gaia_DR3     -83.440    -648.895     -89.927       0.041    -623.935       0.027
 Gaia DR3 387570740621702400  10.6991071  43.8233391 11.136  2.424       1.561  39.1216  13.3746   -81.12   -28.19     0.31   47.613  nan      nan    nan   1.130     nan                            Gaia_DR3      -8.633     -51.621     -24.175       0.023     -49.614       0.018
 Gaia DR3 393155984814848128   2.0259455  47.9506786 11.423  2.789       1.844  45.0210  14.0785   -80.77      nan      nan   53.623  nan      nan    nan   1.269     nan                                None    -103.377       1.690    -124.056       0.028       4.362       0.022
  Gaia DR3 25405350031335296  40.5359399  11.2078635 16.105  0.331       2.360  21.6047  18.3149   -58.83      nan      nan   29.509  nan      nan    nan   0.949     nan                                None     165.604    -307.431     170.641       0.052    -293.641       0.046
 Gaia DR3 244808226728958848  56.2056314  46.0352909  7.480  1.075       1.277  51.5044  19.5897   -70.27    26.44     0.61   40.327  nan      nan    nan  11.593     nan                            Gaia_DR3     328.448    -113.996     339.301       0.282    -113.705       0.232
 Gaia DR3 336538454607430016  43.5600453  42.5884207  6.761  0.680       0.963  42.8123  20.6295   -74.86    25.26     1.89   33.513  nan      nan    nan  10.147     nan                            Gaia_DR3     205.757     -88.535     207.616       0.216     -81.992       0.191
Gaia DR3 2519365418550216960  31.3764701   5.6952895 11.217  2.047       2.293  11.8496  21.3644   -57.42   -32.27     0.46   25.804  nan      nan    nan   1.252     nan                            Gaia_DR3     101.280    -296.400     101.680       0.046    -283.933       0.024
 Gaia DR3 978615483876384000 105.4144410  48.3767500  7.686  1.180       2.439  83.2198  25.5582   -42.33   -21.77     0.13   49.243  nan      nan    nan   0.950     nan                            Gaia_DR3     569.809    -441.603     546.376       0.023    -432.009       0.021
 Gaia DR3 235939531577580928  50.9537899  39.5918170 16.077  3.633       2.962  44.3611  28.5943   -70.92      nan      nan   25.919  nan      nan    nan   1.280     nan                                None     190.623    -104.178     181.968       0.077     -90.501       0.069
