GaiaDR3                               RA         DEC   Gmag  Bp-Rp  Voff(km/s) Sep(deg)   3D(pc) Vr(pred)  Vr(obs)    Vrerr Plx(mas)  SpT    FnuvJ  W1-W3    RUWE  XCrate                               RVsrc    PMRApred   PMDecpred        PMRA     PMRAerr       PMDec    PMDecerr
Gaia DR3 4847001302277419904  49.7465471 -46.4580386 13.614  2.228       0.000   0.0000   0.0000    49.57      nan      nan   10.845  nan      nan    nan   1.087     nan                                None      10.868     -98.287      10.868       0.012     -98.287       0.013
Gaia DR3 4755562891654946944  44.5687253 -43.5215782 10.558  1.163       2.750   4.6921  15.6655    46.99      nan      nan   12.793  nan      nan    nan   1.061     nan                                None      13.500    -123.461      19.109       0.011    -118.608       0.014
Gaia DR3 4733129899509013504  54.5144845 -52.4315074 20.444  2.373       2.444   6.7264  16.3023    54.01      nan      nan   12.601  nan      nan    nan   1.060     nan                                None      11.919     -99.055      15.212       0.581    -104.650       0.721
Gaia DR3 4858330837592324608  57.4295956 -36.6492082 17.576  0.287       2.420  11.3568  18.2875    42.02      nan      nan   10.801  nan      nan    nan   1.021     nan                                None       9.811    -114.873      15.291       0.067    -114.309       0.087
Gaia DR3 4788857576915911296  64.8086720 -47.8532515 10.219  1.129       1.316  10.3201  20.8408    51.36      nan      nan   12.819  nan      nan    nan   2.115     nan                                None      10.291    -110.612       8.439       0.029    -107.577       0.029
Gaia DR3 4787859426516793216  67.7486129 -48.7369672 19.419  1.188       2.883  12.3210  21.0889    52.11      nan      nan   10.238  nan      nan    nan   1.019     nan                                None       7.750     -86.311       7.356       0.248     -92.521       0.286
Gaia DR3 4851480059813650176  49.4441258 -40.5907153 11.273  1.043       2.166   5.8714  24.7245    44.90      nan      nan    8.728  nan      nan    nan   0.841     nan                                None       8.775     -88.042      12.492       0.012     -89.482       0.016
Gaia DR3 4778602397603746560  63.9223030 -56.5230580  8.569  0.813       1.813  13.3348  26.0697    56.91      nan      nan   13.397  nan      nan    nan   7.431     nan                                None      10.935     -92.537      12.987       0.146     -97.228       0.159
Gaia DR3 4941437870654972416  30.7003464 -47.9129071 18.326  3.539       1.380  12.9923  29.0847    49.50      nan      nan    9.071  nan      nan    nan   0.866     nan                                None      10.470     -82.204       8.188       0.123     -83.530       0.159
Gaia DR3 4870559747650585344  64.7608364 -33.5493411 14.995    nan       0.989  17.2292  29.0988    39.66      nan      nan   10.193  nan      nan    nan   1.179     nan                                None       8.190    -112.507       7.582       0.038    -114.543       0.063
Gaia DR3 4870559747651831808  64.7612411 -33.5492089 14.884  2.345       1.132  17.2295  29.1473    39.66      nan      nan   10.178  nan      nan    nan   1.131     nan                                None       8.178    -112.349       6.409       0.032    -114.012       0.044
Gaia DR3 4682238282264198400  65.0736742 -57.4800775 12.478  1.457       2.166  14.4464  29.3773    57.49      nan      nan    9.297  nan      nan    nan   1.357     nan                                None       7.426     -62.214       4.687       0.015     -65.457       0.015
Gaia DR3 4734298439852277376  50.5618005 -53.7548423 14.919 -0.447       2.707   7.3154  29.6880    54.67      nan      nan    8.423  nan      nan    nan   1.040     nan                                None       8.364     -64.433       6.671       0.030     -59.933       0.033
Gaia DR3 4810651928899919616  76.6849566 -44.7243166 12.620  1.786       2.814  18.8383  29.9810    49.55      nan      nan   11.014  nan      nan    nan   1.148     nan                                None       6.674    -100.272       1.498       0.011    -104.261       0.014
