GaiaDR3                               RA         DEC   Gmag  Bp-Rp  Voff(km/s) Sep(deg)   3D(pc) Vr(pred)  Vr(obs)    Vrerr Plx(mas)  SpT    FnuvJ  W1-W3    RUWE  XCrate                               RVsrc    PMRApred   PMDecpred        PMRA     PMRAerr       PMDec    PMDecerr
Gaia DR3 4781196115469953024  68.4160992 -51.9574312 11.621  2.328       0.000   0.0000   0.0000    25.90    25.90     0.37   44.490  nan      nan    nan   0.996     nan                            Gaia_DR3      83.082    -269.803      83.082       0.017    -269.803       0.018
Gaia DR3 4833654949103051008  53.6794381 -48.4028124 12.199  2.789       2.297  10.0623   4.2040    22.72    32.76     0.49   48.471  nan      nan    nan   1.305     nan                            Gaia_DR3      70.163    -325.337      92.862       0.024    -331.305       0.032
Gaia DR3 4796804060982392064  81.6705922 -48.8643198 11.765  2.491       2.022   8.9796   4.4279    25.76     4.72     0.29   40.156  nan      nan    nan   1.107     nan                            Gaia_DR3      85.965    -240.918      93.671       0.018    -256.206       0.019
Gaia DR3 4777373903814124032  70.8074140 -54.5943100  7.423  0.923       2.922   2.9992   4.9948    27.41    64.22     0.13   36.629  nan      nan    nan   0.945     nan                            Gaia_DR3      70.497    -210.328      51.154       0.022    -198.711       0.021
Gaia DR3 5580526362897086080  99.9215312 -36.9852655 10.890  2.363       2.614  26.6850  10.8801    22.07    13.65     0.18   41.420  nan      nan    nan   1.168     nan                            Gaia_DR3      96.449    -271.625      73.666       0.016    -273.028       0.018
Gaia DR3 5072067381112863104  46.5074324 -26.7967865 16.606  4.290       1.091  30.0724  13.7406     8.70      nan      nan   36.601  nan      nan    nan   1.063     nan                                None      44.168    -295.734      52.472       0.058    -294.335       0.069
Gaia DR3 4840356816072211712  63.5007282 -42.2952715  3.527  1.299       1.891  10.2186  14.5119    20.16      nan      nan   27.721  nan      nan    nan   2.528     nan                                None      48.230    -194.033      41.992       0.125    -203.157       0.154
Gaia DR3 4921772009976668032  10.2866058 -53.7396993 13.255  2.728       1.596  34.1591  15.9175    24.20    35.87     0.92   35.337  nan      nan    nan   1.356     nan                            Gaia_DR3      -7.447    -234.423      -2.324       0.012    -245.150       0.014
Gaia DR3 5557368826949451648 101.1341770 -42.3966378 13.366  2.914       2.150  23.9493  17.5992    25.08    68.44     1.32   28.097  nan      nan    nan   1.357     nan                            Gaia_DR3      65.545    -170.162      52.857       0.016    -169.060       0.016
Gaia DR3 6370787700976287744 322.3207264 -73.4535805 15.253  3.751       1.664  45.0666  17.9259    34.64    22.39     3.56   41.442  nan      nan    nan   1.182     nan                            Gaia_DR3     -77.567    -150.647     -82.389       0.034    -136.935       0.037
Gaia DR3 6522445092142878080 355.4313559 -51.9447983 10.867  1.996       2.603  43.0052  19.5196    23.59    35.55     0.18   35.064  nan      nan    nan   1.355     nan                            Gaia_DR3     -28.088    -234.461     -29.629       0.012    -253.638       0.016
Gaia DR3 2986464659841836032  77.4210141 -15.3691827 13.878  2.779       1.413  37.2865  21.3215     5.08    -9.65     1.60   29.163  nan      nan    nan   1.167     nan                            Gaia_DR3      60.221    -234.580      56.184       0.015    -226.891       0.016
Gaia DR3 5271558647690907776 127.8262248 -68.5896977 10.118  1.617       2.933  32.0395  21.8535    37.02     1.21     0.36   26.762  nan      nan    nan   1.058     nan                            Gaia_DR3      57.896     -56.358      46.114       0.015     -44.739       0.013
Gaia DR3 6416309818829587840 294.0351711 -72.2498163 14.552  3.150       2.344  51.7818  21.8960    35.79    17.18     2.20   37.242  nan      nan    nan   1.162     nan                            Gaia_DR3     -86.153    -103.665     -75.450       0.018    -118.640       0.022
Gaia DR3 5281820217913433728 105.3264013 -66.4300473 12.754  2.541       2.343  23.2372  22.2163    34.92    23.65     0.46   24.376  nan      nan    nan   1.261     nan                            Gaia_DR3      57.028     -78.485      49.723       0.023     -88.056       0.021
 Gaia DR3 102162639019033600  38.4051367  24.9241319 11.529  2.968       2.671  81.2549  23.1663   -25.32    -6.48     0.36  100.147  nan      nan    nan   1.423     nan                            Gaia_DR3      91.357    -639.259      48.392       0.044    -675.790       0.046
Gaia DR3 5224975398034733952 175.5686592 -75.2270005 14.687  1.260       1.865  44.3423  24.0524    39.51      nan      nan   29.165  nan      nan    nan   0.973     nan                                None      23.209       2.250      34.208       0.105       5.496       0.095
Gaia DR3 5253922408166862720 158.9534267 -61.1177256 11.598  2.114       1.615  46.6226  24.6995    37.68    -4.75     0.81   29.445  nan      nan    nan   1.351     nan                            Gaia_DR3      40.976     -65.860      30.956       0.022     -65.523       0.020
Gaia DR3 2435317585786753920 358.4975116  -8.5605042 17.492  4.808       2.043  70.9457  25.7312    -4.82      nan      nan   45.758  nan      nan    nan   1.068     nan                                None     -31.222    -379.029     -50.500       0.165    -383.127       0.119
Gaia DR3 6306068659857135232 226.9479458 -16.4651251 17.952  4.832       2.440 109.0721  25.8646    19.87      nan      nan  134.947  nan      nan    nan   1.163     nan                                None    -164.923    -964.168    -151.795       0.260    -896.012       0.279
Gaia DR3 3457493517036545280  90.6278481  39.1806906 17.233  5.138       2.027  93.1707  25.8879   -26.28      nan      nan   85.757  nan      nan    nan   0.982     nan                                None     193.947    -502.019     157.570       0.151    -506.405       0.110
 Gaia DR3 922225002820369152 119.5542083  41.3006425 10.666  2.792       2.283 103.2565  25.9764   -23.13   -20.87     0.20  112.993  nan      nan    nan   1.232     nan                            Gaia_DR3     256.381    -724.978     216.866       0.025    -687.615       0.020
Gaia DR3 6173812151364882688 209.3043135 -29.3758850 11.374  2.585       1.294  91.7393  26.4325    28.08     3.55     0.34   75.509  nan      nan    nan   1.321     nan                            Gaia_DR3     -42.285    -444.889     -23.716       0.031    -453.813       0.032
Gaia DR3 6519158033411958400 340.8814738 -46.5199546 11.967  2.253       1.538  53.8643  28.0342    21.37    46.07     0.64   28.887  nan      nan    nan  19.023     nan                            Gaia_DR3     -38.349    -200.186     -46.436       0.192    -195.460       0.300
Gaia DR3 4924006870439378304   2.1872472 -53.9036884 13.370  2.598       0.066  38.4908  28.5508    24.44    40.72     4.55   23.540  nan      nan    nan   2.718     nan                            Gaia_DR3     -12.639    -154.810     -12.611       0.140    -155.136       0.141
Gaia DR3 6496911752085039616 357.9942366 -55.1095790 17.232  0.614       2.127  40.1723  28.6294    25.21      nan      nan   23.889  nan      nan    nan   1.023     nan                                None     -16.769    -153.590     -22.013       0.055    -144.250       0.064
Gaia DR3 4830482067783000832  60.2016366 -49.7468848 13.459  2.651       2.822   5.6334  29.0716    24.00     3.09     1.04   19.472  nan      nan    nan   1.536     nan                            Gaia_DR3      32.069    -125.850      43.086       0.019    -129.422       0.022
Gaia DR3 4614366494633844736  72.6411951 -85.3753441  7.988  0.786       1.289  33.4320  29.5039    37.50    25.95     0.13   21.960  nan      nan    nan   1.155     nan                            Gaia_DR3      43.178     -41.986      48.456       0.020     -39.196       0.023
 Gaia DR3 585008772310106496 134.6455497   7.9806198 15.190  3.731       2.834  82.1462  29.6924     0.06   -15.25     3.65   44.025  nan      nan    nan   0.979     nan                            Gaia_DR3      89.915    -357.498     105.699       0.046    -336.465       0.036
Gaia DR3 3318875337345149568  92.2113027   5.5435269 15.892  3.675       2.877  60.9780  29.8906    -6.21      nan      nan   29.918  nan      nan    nan   1.060     nan                                None      68.132    -237.865      84.270       0.060    -246.157       0.053
