GaiaDR3                               RA         DEC   Gmag  Bp-Rp  Voff(km/s) Sep(deg)   3D(pc) Vr(pred)  Vr(obs)    Vrerr Plx(mas)  SpT    FnuvJ  W1-W3    RUWE  XCrate                               RVsrc    PMRApred   PMDecpred        PMRA     PMRAerr       PMDec    PMDecerr
 Gaia DR3 430269136520563200   8.3862553  61.8607664 12.260  1.161       0.000   0.0000   0.0000   -24.87   -24.87     1.23    1.672  nan      nan    nan   0.854     nan                            Gaia_DR3      -0.471       3.857      -0.471       0.009       3.857       0.009
 Gaia DR3 430351226241103104   8.3788274  62.2730525 15.802  1.755       3.892   0.4123   5.2712   -24.79      nan      nan    1.664  nan      nan    nan   0.989     nan                                None      -0.469       3.900      -1.242       0.028       5.025       0.031
 Gaia DR3 430692074845010560   9.6055918  62.3627130 19.681  1.670       4.377   0.7597   8.0102   -24.78      nan      nan    1.675  nan      nan    nan   1.040     nan                                None      -0.311       3.948      -1.176       0.320       2.667       0.338
 Gaia DR3 430676647321301120   8.9718212  62.2580878 15.651  1.389       1.851   0.4828   8.7411   -24.80      nan      nan    1.692  nan      nan    nan   0.985     nan                                None      -0.399       3.969       0.259       0.027       3.913       0.030
 Gaia DR3 430248937287996800   8.8819343  61.5644800 19.759  2.651       3.641   0.3781  10.9698   -24.93      nan      nan    1.644  nan      nan    nan   0.937     nan                                None      -0.399       3.750      -0.625       0.291       2.509       0.331
 Gaia DR3 427109002664833152   9.6875499  60.6287310 17.290  1.950       4.785   1.3819  14.8201   -25.11      nan      nan    1.682  nan      nan    nan   0.978     nan                                None      -0.301       3.697      -1.334       0.062       2.350       0.075
 Gaia DR3 430572434236276352   6.4038287  62.7153279 15.897  1.763       4.482   1.2569  14.9164   -24.67      nan      nan    1.693  nan      nan    nan   1.402     nan                                None      -0.740       4.017      -1.344       0.038       5.498       0.046
 Gaia DR3 430755395540408448   7.6917827  62.8203861 19.780  2.506       1.430   1.0123  15.9737   -24.67      nan      nan    1.639  nan      nan    nan   1.103     nan                                None      -0.551       3.919      -1.043       0.373       3.972       0.411
 Gaia DR3 430752960301955200   7.4491602  62.8177708 17.936  2.467       1.945   1.0512  16.1498   -24.67      nan      nan    1.706  nan      nan    nan   1.006     nan                                None      -0.606       4.076      -0.997       0.096       3.496       0.108
 Gaia DR3 427111515230624256   9.7964933  60.7697965 14.956  1.312       4.137   1.2838  16.3549   -25.08   -46.31     9.18    1.699  nan      nan    nan   0.972     nan                            Gaia_DR3      -0.290       3.757       0.510       0.020       2.510       0.022
 Gaia DR3 427590867935653376  11.0394285  61.7852572 15.554  1.464       2.144   1.2550  16.4427   -24.90      nan      nan    1.701  nan      nan    nan   1.025     nan                                None      -0.123       3.923      -0.625       0.026       4.505       0.032
 Gaia DR3 427201567800386688  10.8031457  61.3053722 19.247  2.878       4.109   1.2771  17.8280   -24.99      nan      nan    1.706  nan      nan    nan   1.015     nan                                None      -0.156       3.860       1.099       0.209       4.642       0.231
 Gaia DR3 428635021721678976   7.0781732  60.3372277 19.075  2.210       4.486   1.6494  18.2410   -25.13      nan      nan    1.690  nan      nan    nan   1.997     nan                                None      -0.650       3.649       0.425       0.345       2.466       0.405
 Gaia DR3 427594505767266560  10.8101988  61.8732789 18.310  2.630       1.329   1.1429  18.7985   -24.88      nan      nan    1.633  nan      nan    nan   0.974     nan                                None      -0.148       3.779      -0.388       0.125       4.168       0.158
 Gaia DR3 431009726323077120   5.9605698  63.1458069 18.592  2.707       0.897   1.7043  19.0256   -24.58      nan      nan    1.654  nan      nan    nan   1.224     nan                                None      -0.781       3.985      -0.475       0.183       4.051       0.235
 Gaia DR3 428733982072694528   6.5332232  60.4310344 18.030  2.324       4.013   1.6862  19.5119   -25.10      nan      nan    1.650  nan      nan    nan   1.064     nan                                None      -0.705       3.571      -0.787       0.090       2.178       0.106
 Gaia DR3 431237948009237120   4.1759062  62.2110654 16.955  1.980       0.809   2.0048  21.0635   -24.73      nan      nan    1.666  nan      nan    nan   1.035     nan                                None      -1.019       3.848      -0.934       0.052       3.577       0.053
 Gaia DR3 430620675302384000   5.0300852  62.9865022 20.120  2.631       0.294   1.9183  21.1415   -24.59      nan      nan    1.692  nan      nan    nan   1.037     nan                                None      -0.922       4.040      -0.863       0.395       4.126       0.463
 Gaia DR3 431367960957847936   4.4987293  62.9974698 19.836  2.598       3.328   2.1278  22.2736   -24.58      nan      nan    1.668  nan      nan    nan   1.078     nan                                None      -0.979       3.977      -0.964       0.334       5.148       0.319
 Gaia DR3 430694991127845376   9.5244552  62.5125379 18.134  2.402       4.222   0.8407  22.2959   -24.75      nan      nan    1.732  nan      nan    nan   0.991     nan                                None      -0.332       4.104      -1.762       0.101       4.679       0.124
 Gaia DR3 431239146295998848   3.9857597  62.2805219 18.780  2.274       3.641   2.1030  22.3166   -24.71      nan      nan    1.662  nan      nan    nan   1.045     nan                                None      -1.041       3.846      -0.101       0.179       4.707       0.194
 Gaia DR3 427152334596412672  11.0257270  60.8043899 15.239  1.412       3.331   1.6488  22.3220   -25.08      nan      nan    1.714  nan      nan    nan   0.985     nan                                None      -0.126       3.798       0.821       0.021       3.056       0.023
 Gaia DR3 430628852923872896   5.8246051  62.9798312 19.433  1.617       4.946   1.6304  22.5760   -24.61      nan      nan    1.715  nan      nan    nan   1.022     nan                                None      -0.828       4.105      -1.455       0.275       2.430       0.288
 Gaia DR3 430511548781899392   5.1639746  62.5928912 16.403  1.584       3.950   1.6702  23.0302   -24.67      nan      nan    1.716  nan      nan    nan   1.003     nan                                None      -0.917       4.038      -2.130       0.040       4.793       0.041
 Gaia DR3 430630085571412736   5.5990747  63.0292745 17.989  2.653       3.751   1.7398  24.2617   -24.60      nan      nan    1.719  nan      nan    nan   1.032     nan                                None      -0.860       4.119       0.084       0.093       3.141       0.102
 Gaia DR3 428714809337826176   5.8841633  60.2021857 17.115  1.699       3.230   2.0538  24.3187   -25.13      nan      nan    1.642  nan      nan    nan   7.742     nan                                None      -0.785       3.512       0.049       0.299       2.768       0.300
 Gaia DR3 431051752582483584   5.7391257  63.7335614 19.908  2.467       4.461   2.2293  24.4532   -24.46      nan      nan    1.695  nan      nan    nan   0.996     nan                                None      -0.829       4.170       0.453       0.406       3.224       0.407
 Gaia DR3 527000153737292160   8.3534924  64.1720171 19.366  2.954       1.709   2.3113  24.7988   -24.40      nan      nan    1.657  nan      nan    nan   1.066     nan                                None      -0.471       4.170      -0.465       0.292       3.573       0.268
 Gaia DR3 430196263820503040   7.0731065  61.3827193 12.552  0.809       1.720   0.7861  24.8480   -24.94    -8.58     2.02    1.740  nan      nan    nan   0.883     nan                            Gaia_DR3      -0.670       3.926      -1.189       0.009       4.285       0.010
 Gaia DR3 430940152154595584   7.0799619  62.8436267 20.179  2.418       4.581   1.1547  24.9420   -24.66      nan      nan    1.736  nan      nan    nan   0.953     nan                                None      -0.667       4.147      -1.108       0.455       2.530       0.508
 Gaia DR3 430868232920943104   8.5640920  63.1337601 18.404  1.868       2.722   1.2756  24.9801   -24.62      nan      nan    1.734  nan      nan    nan   2.491     nan                                None      -0.464       4.201      -0.921       0.329       3.318       0.357
 Gaia DR3 428548297745110656   8.7440832  59.8399865 18.088  2.417       4.220   2.0283  25.4772   -25.24      nan      nan    1.634  nan      nan    nan   1.023     nan                                None      -0.414       3.467      -0.473       0.105       2.014       0.121
 Gaia DR3 425551720544364672   8.9630810  59.8398770 12.308  0.927       3.887   2.0403  25.6379   -25.24   -17.68     1.01    1.634  nan      nan    nan   0.880     nan                            Gaia_DR3      -0.386       3.468      -1.530       0.009       2.772       0.010
 Gaia DR3 425519181864227200  10.0032989  59.9843612 19.628  2.914       3.523   2.0342  25.6487   -25.23      nan      nan    1.634  nan      nan    nan   0.973     nan                                None      -0.252       3.494      -1.028       0.304       4.427       0.366
 Gaia DR3 428570189200310144   7.9342398  60.1099790 13.948  1.013       2.997   1.7644  26.0280   -25.18     1.90     3.99    1.726  nan      nan    nan   1.048     nan                            Gaia_DR3      -0.547       3.699      -1.618       0.013       3.495       0.015
 Gaia DR3 425575836777298816   9.3490847  60.0854376 16.738  1.880       3.193   1.8357  26.0522   -25.20      nan      nan    1.625  nan      nan    nan   1.024     nan                                None      -0.334       3.488       0.759       0.047       3.504       0.054
 Gaia DR3 526971910036818688   9.9720006  64.2420250 20.126  2.808       3.445   2.4871  26.1337   -24.40      nan      nan    1.665  nan      nan    nan   1.129     nan                                None      -0.261       4.209      -1.128       0.467       5.052       0.595
 Gaia DR3 430145475823436672   8.7926581  61.2592398 18.992  1.772       3.307   0.6319  27.0701   -24.98      nan      nan    1.602  nan      nan    nan   1.921     nan                                None      -0.400       3.609       0.507       0.389       2.957       0.476
 Gaia DR3 428697281567577472   6.4522757  60.0308543 19.755  2.334       0.219   2.0567  27.1991   -25.17      nan      nan    1.628  nan      nan    nan   1.008     nan                                None      -0.706       3.463      -0.720       0.365       3.536       0.354
 Gaia DR3 527080727326594816   9.5721418  64.4577919 20.178  2.446       4.919   2.6515  27.6932   -24.36      nan      nan    1.671  nan      nan    nan   0.999     nan                                None      -0.314       4.253       0.987       0.376       3.110       0.516
 Gaia DR3 526974482718450432   9.5846422  64.0611607 18.404  2.619       4.978   2.2667  27.7090   -24.44      nan      nan    1.715  nan      nan    nan   1.017     nan                                None      -0.321       4.305      -1.598       0.122       5.573       0.169
 Gaia DR3 523646643275263488  12.2774844  62.9530139 18.347  2.531       4.830   2.1070  27.7640   -24.67      nan      nan    1.627  nan      nan    nan   1.420     nan                                None       0.041       3.927      -1.500       0.157       3.319       0.194
 Gaia DR3 527080933491426816   9.4264388  64.4801267 20.160  2.276       3.538   2.6610  27.7814   -24.35      nan      nan    1.671  nan      nan    nan   1.063     nan                                None      -0.334       4.258      -1.461       0.401       3.725       0.545
 Gaia DR3 428959450678574976   5.1397009  61.6225417 15.453  1.507       3.330   1.5553  28.2565   -24.86      nan      nan    1.740  nan      nan    nan   0.997     nan                                None      -0.933       3.940      -0.647       0.029       5.127       0.032
 Gaia DR3 430511548781899520   5.1618550  62.5923324 15.821  1.438       4.847   1.6709  28.8035   -24.67      nan      nan    1.739  nan      nan    nan   3.406     nan                                None      -0.930       4.093      -2.677       0.097       4.419       0.100
 Gaia DR3 430432590092540672   6.1763863  61.9056301 19.115  2.083       1.704   1.0424  28.8310   -24.83      nan      nan    1.601  nan      nan    nan   1.175     nan                                None      -0.729       3.679      -0.806       0.239       3.109       0.239
 Gaia DR3 429797239873997952   2.8613453  62.2747130 20.132  2.591       4.383   2.6201  28.8617   -24.68      nan      nan    1.648  nan      nan    nan   0.987     nan                                None      -1.177       3.794      -1.020       0.445       2.279       0.554
 Gaia DR3 426915286754598272  12.4676155  60.4264016 19.281  2.592       1.176   2.4359  28.8842   -25.15      nan      nan    1.713  nan      nan    nan   1.026     nan                                None       0.068       3.737      -0.354       0.236       3.689       0.260
 Gaia DR3 431193933182158336   6.4225484  64.4771971 15.249  1.795       4.025   2.7622  28.8879   -24.32   -31.22    10.78    1.669  nan      nan    nan   1.365     nan                            Gaia_DR3      -0.727       4.225      -2.129       0.027       4.420       0.036
 Gaia DR3 431416446849895040   4.2417468  63.4859667 14.781  1.292       1.736   2.5014  28.9219   -24.48   -31.01     4.59    1.639  nan      nan    nan   1.047     nan                            Gaia_DR3      -0.995       3.977      -0.766       0.021       4.531       0.023
 Gaia DR3 427651474214407296   9.9787502  61.9348810 19.797  2.651       4.688   0.7538  28.9701   -24.87      nan      nan    1.598  nan      nan    nan   1.024     nan                                None      -0.250       3.704       0.986       0.297       2.721       0.362
 Gaia DR3 425464923543304960  10.5342920  59.3365833 19.657  2.585       2.791   2.7352  29.1335   -25.34      nan      nan    1.691  nan      nan    nan   1.002     nan                                None      -0.190       3.516      -0.542       0.295       4.446       0.340
 Gaia DR3 426886007965577856  12.7827666  60.2260988 18.516  2.794       3.025   2.6829  29.2687   -25.19      nan      nan    1.698  nan      nan    nan   1.021     nan                                None       0.110       3.673       1.175       0.127       3.476       0.167
 Gaia DR3 427250461708473600  10.1469162  61.4016422 19.341  3.022       4.304   0.9542  29.3023   -24.97      nan      nan    1.599  nan      nan    nan   1.412     nan                                None      -0.228       3.629      -0.768       0.332       2.283       0.363
 Gaia DR3 527022174033247360   8.1617816  64.4504844 19.684  2.339       4.458   2.5917  29.3077   -24.34      nan      nan    1.706  nan      nan    nan   1.056     nan                                None      -0.510       4.333      -0.569       0.294       2.731       0.340
 Gaia DR3 426897832016151680  12.8762338  60.2461367 15.243  1.350       4.310   2.7063  29.6830   -25.18      nan      nan    1.700  nan      nan    nan   0.989     nan                                None       0.123       3.680       1.317       0.022       2.700       0.024
 Gaia DR3 523676600673231104  12.7806061  63.1575709 19.087  2.389       4.082   2.4068  30.0053   -24.63      nan      nan    1.629  nan      nan    nan   0.969     nan                                None       0.105       3.961      -1.288       0.190       4.116       0.185
 Gaia DR3 430847995032631040   9.4097416  63.5403599 19.779  2.376       4.813   1.7439  30.0728   -24.54      nan      nan    1.608  nan      nan    nan   1.070     nan                                None      -0.323       3.962      -0.904       0.313       2.437       0.391
 Gaia DR3 427286852966332928  13.1888674  60.7036634 19.919    nan       3.802   2.5806  30.2749   -25.10      nan      nan    1.713  nan      nan    nan   1.058     nan                                None       0.166       3.781      -0.535       0.461       4.962       0.470
 Gaia DR3 425529554212195840   9.7801507  59.5851127 20.015  1.758       3.529   2.3754  30.3407   -25.29      nan      nan    1.724  nan      nan    nan   1.158     nan                                None      -0.296       3.622       0.562       0.425       2.669       0.576
 Gaia DR3 427097187218467328   9.6097567  60.6086967 13.854  1.182       3.562   1.3835  30.7230   -25.11    15.31     3.71    1.752  nan      nan    nan   1.842     nan                            Gaia_DR3      -0.325       3.847      -0.751       0.022       2.602       0.026
 Gaia DR3 428322867802369152   5.5482193  59.6818380 14.673  1.391       3.849   2.5818  31.0728   -25.22   -50.78     7.04    1.718  nan      nan    nan   1.061     nan                            Gaia_DR3      -0.867       3.589      -0.226       0.017       2.350       0.018
 Gaia DR3 428475145863885568   7.8267714  60.0128328 18.840  2.128       4.981   1.8678  31.0738   -25.20      nan      nan    1.744  nan      nan    nan   1.023     nan                                None      -0.568       3.720      -1.829       0.148       2.393       0.174
 Gaia DR3 430377202206009216   6.7216261  61.3311177 19.735  1.648       4.213   0.9526  31.1652   -24.94      nan      nan    1.594  nan      nan    nan   1.397     nan                                None      -0.657       3.584      -0.951       0.428       2.199       0.448
 Gaia DR3 426903531432178560  13.4637540  60.4008572 19.538  2.662       4.150   2.8521  31.4658   -25.15      nan      nan    1.646  nan      nan    nan   1.014     nan                                None       0.195       3.586      -0.376       0.253       2.263       0.286
 Gaia DR3 428341765659286528   5.1272384  59.5701283 20.216  2.366       4.926   2.7900  31.5724   -25.23      nan      nan    1.709  nan      nan    nan   0.964     nan                                None      -0.918       3.546      -0.491       0.412       1.823       0.429
 Gaia DR3 426907074777642880  13.0581214  60.4889877 19.876  2.444       1.667   2.6364  31.6186   -25.14      nan      nan    1.631  nan      nan    nan   1.035     nan                                None       0.141       3.568       0.144       0.385       4.141       0.396
 Gaia DR3 523704127114758656  14.1346695  63.0123651 20.285  2.309       1.677   2.8973  31.6996   -24.65      nan      nan    1.701  nan      nan    nan   0.981     nan                                None       0.292       4.111       0.685       0.403       4.565       0.570
 Gaia DR3 428242947052298496   5.1073073  59.2949710 17.008  2.136       4.342   3.0287  31.7721   -25.27      nan      nan    1.684  nan      nan    nan   1.029     nan                                None      -0.907       3.450      -1.993       0.059       2.356       0.063
 Gaia DR3 428284762851966720   5.9221596  59.3024368 15.252  1.374       4.424   2.8297  32.0871   -25.29      nan      nan    1.640  nan      nan    nan   0.958     nan                                None      -0.779       3.371       0.246       0.022       2.237       0.024
 Gaia DR3 428373651492117760   5.3418873  59.8831807 20.100  2.305       2.846   2.4706  32.2896   -25.18      nan      nan    1.621  nan      nan    nan   1.080     nan                                None      -0.844       3.413      -1.046       0.484       2.462       0.445
 Gaia DR3 429990375967861376   2.1152212  62.5067938 19.815  2.165       2.680   2.9955  32.7019   -24.62      nan      nan    1.648  nan      nan    nan   1.046     nan                                None      -1.273       3.813      -0.495       0.386       3.302       0.416
 Gaia DR3 431485372487093120   3.0012960  63.7757455 15.944  1.584       3.979   3.1157  32.7484   -24.39      nan      nan    1.663  nan      nan    nan   0.968     nan                                None      -1.170       4.057      -0.666       0.030       5.358       0.036
 Gaia DR3 524018003334343936  12.3619973  64.3312126 14.792  1.298       2.048   3.0549  32.8526   -24.39   -14.88     4.31    1.652  nan      nan    nan   1.082     nan                            Gaia_DR3       0.052       4.194       0.418       0.018       3.582       0.022
 Gaia DR3 428231775834744320   5.3708904  59.0859726 18.761  2.448       2.751   3.1469  32.8938   -25.32      nan      nan    1.680  nan      nan    nan   1.065     nan                                None      -0.871       3.414      -1.518       0.187       2.686       0.202
 Gaia DR3 526960124649263488   9.9135381  64.0347001 14.227  1.266       3.837   2.2820  33.2297   -24.45   -47.72    15.62    1.741  nan      nan    nan   1.017     nan                            Gaia_DR3      -0.281       4.368      -1.223       0.016       3.321       0.017
 Gaia DR3 428653786442432512   7.7958591  60.5920821 19.131  2.478       3.520   1.3001  33.2850   -25.10      nan      nan    1.592  nan      nan    nan   1.073     nan                                None      -0.522       3.481      -1.702       0.218       3.522       0.286
 Gaia DR3 427302383572987520  12.5935828  60.8002717 16.638  1.813       3.787   2.2795  33.5300   -25.08      nan      nan    1.610  nan      nan    nan   1.024     nan                                None       0.080       3.568       1.268       0.039       3.076       0.054
 Gaia DR3 522783183057228032  15.0761736  61.9142305 17.141  2.077       1.449   3.1514  33.7355   -24.86      nan      nan    1.696  nan      nan    nan   1.046     nan                                None       0.416       3.923      -0.100       0.058       3.875       0.064
 Gaia DR3 429170999280866176   3.8658006  60.5150268 16.824  1.505       4.738   2.5599  33.9445   -25.03      nan      nan    1.735  nan      nan    nan   6.952     nan                                None      -1.103       3.731      -1.770       0.366       2.132       0.336
 Gaia DR3 428628154074985344   7.7219371  60.4099216 20.096  2.347       1.733   1.4858  33.9817   -25.13      nan      nan    1.762  nan      nan    nan   1.010     nan                                None      -0.588       3.823       0.052       0.438       3.751       0.510
 Gaia DR3 426710021682436352  14.6836585  61.7200400 14.145  1.126       1.889   2.9789  34.0361   -24.90      nan      nan    1.636  nan      nan    nan   7.975     nan                                None       0.351       3.758      -0.288       0.281       3.630       0.487
 Gaia DR3 427110686293127936   9.8595647  60.7395382 20.009  2.114       4.351   1.3257  34.2352   -25.09      nan      nan    1.589  nan      nan    nan   1.077     nan                                None      -0.263       3.510      -1.218       0.406       2.409       0.449
 Gaia DR3 426135110238272768  14.0764511  60.1805577 19.676  2.423       4.162   3.2269  34.4721   -25.19      nan      nan    1.654  nan      nan    nan   1.051     nan                                None       0.276       3.567      -0.902       0.287       2.720       0.301
 Gaia DR3 429400732787078912   2.0621822  60.7707992 20.073  2.455       4.096   3.2236  34.4929   -24.93      nan      nan    1.653  nan      nan    nan   1.006     nan                                None      -1.284       3.564      -2.678       0.404       3.871       0.501
 Gaia DR3 523714125798447104  14.0746828  63.2753027 20.047  2.607       2.013   2.9766  34.5010   -24.60      nan      nan    1.633  nan      nan    nan   1.023     nan                                None       0.272       3.986       0.389       0.406       4.669       0.434
 Gaia DR3 429809407521807104   2.4908202  62.5092237 19.830  2.700       3.558   2.8252  34.5484   -24.63      nan      nan    1.625  nan      nan    nan   1.001     nan                                None      -1.208       3.768      -2.152       0.349       4.539       0.432
 Gaia DR3 426125970547769728  13.8662940  59.9657915 19.635  2.705       2.000   3.2676  34.7972   -25.23      nan      nan    1.695  nan      nan    nan   1.034     nan                                None       0.255       3.622      -0.199       0.288       4.174       0.262
 Gaia DR3 431872293195079808   2.9934792  64.1202412 19.207  2.619       2.064   3.3301  34.8320   -24.32      nan      nan    1.682  nan      nan    nan   1.024     nan                                None      -1.184       4.154      -0.790       0.231       4.771       0.245
 Gaia DR3 425256634808397440  11.2117914  58.8134741 20.090  2.341       4.547   3.3521  35.0056   -25.43      nan      nan    1.670  nan      nan    nan   1.063     nan                                None      -0.099       3.394      -1.195       0.348       2.227       0.423
 Gaia DR3 425532543505674624   9.6890952  59.7142218 18.892  2.502       4.902   2.2386  35.0356   -25.27      nan      nan    1.603  nan      nan    nan   0.995     nan                                None      -0.287       3.388       0.661       0.181       4.747       0.196
 Gaia DR3 428235040011058816   4.9540517  59.1212364 19.493  2.376       3.615   3.2182  35.0521   -25.30      nan      nan    1.647  nan      nan    nan   0.981     nan                                None      -0.907       3.346      -0.176       0.282       2.326       0.270
 Gaia DR3 527485175805363200  10.5139099  65.0694884 19.240  2.687       4.769   3.3461  35.3064   -24.23      nan      nan    1.660  nan      nan    nan   0.991     nan                                None      -0.189       4.322      -1.342       0.226       5.529       0.280
 Gaia DR3 431976338776548608   4.5555452  64.8034619 19.958  2.195       2.861   3.4068  35.5399   -24.21      nan      nan    1.675  nan      nan    nan   0.967     nan                                None      -0.975       4.264      -1.700       0.357       3.562       0.419
 Gaia DR3 429405577520896896   1.9375421  60.8485431 14.358  1.167       4.342   3.2513  35.5765   -24.92    29.05    11.18    1.645  nan      nan    nan   1.379     nan                            Gaia_DR3      -1.293       3.555      -0.808       0.020       2.129       0.023
 Gaia DR3 428013149120099840   7.8209582  58.7772971 16.135  1.593       4.738   3.0961  35.8238   -25.41      nan      nan    1.632  nan      nan    nan   1.006     nan                                None      -0.532       3.294       0.130       0.033       1.804       0.038
 Gaia DR3 426737642612471296  12.3370422  59.3254753 18.132  2.239       2.439   3.1911  35.9745   -25.35      nan      nan    1.637  nan      nan    nan   2.018     nan                                None       0.049       3.405      -0.381       0.210       2.681       0.236
 Gaia DR3 425254848099942272  11.3859319  58.9906305 19.142  2.961       1.050   3.2287  35.9781   -25.40      nan      nan    1.640  nan      nan    nan   1.062     nan                                None      -0.074       3.359       0.251       0.200       3.199       0.219
 Gaia DR3 430837794487093376   9.5722429  63.2570327 19.944  2.617       4.635   1.4994  36.1611   -24.60      nan      nan    1.586  nan      nan    nan   1.027     nan                                None      -0.299       3.867      -1.370       0.323       4.987       0.353
 Gaia DR3 431868960296840704   3.5392929  64.2693975 19.348  2.614       2.590   3.2574  36.1673   -24.30      nan      nan    1.710  nan      nan    nan   0.913     nan                                None      -1.131       4.257      -1.884       0.262       3.705       0.285
 Gaia DR3 430333183075397888   7.5064929  62.0702443 19.374  2.774       4.338   0.4635  36.3442   -24.82      nan      nan    1.577  nan      nan    nan   0.965     nan                                None      -0.553       3.661      -0.472       0.248       2.221       0.226
 Gaia DR3 428674058691962240   7.0338813  60.8111951 16.426  1.801       4.956   1.2338  36.6057   -25.04      nan      nan    1.582  nan      nan    nan   1.089     nan                                None      -0.614       3.485       0.876       0.046       2.770       0.047
 Gaia DR3 428823141290849536   4.7833267  60.9696805 17.926  2.397       3.640   1.9402  36.7818   -24.97      nan      nan    1.591  nan      nan    nan   0.949     nan                                None      -0.898       3.503      -1.750       0.092       4.377       0.096
 Gaia DR3 526992319717403392   8.8616535  63.9311562 20.060  2.523       3.939   2.0817  36.8383   -24.46      nan      nan    1.594  nan      nan    nan   0.952     nan                                None      -0.389       3.979      -0.414       0.416       2.656       0.564
 Gaia DR3 428459104158336896   7.9819350  59.5839719 20.126  2.190       2.615   2.2854  36.8739   -25.28      nan      nan    1.598  nan      nan    nan   1.015     nan                                None      -0.501       3.347      -0.121       0.389       2.552       0.464
 Gaia DR3 427151402583950208  11.1462695  60.8875701 18.919  2.149       4.960   1.6416  36.9181   -25.07      nan      nan    1.770  nan      nan    nan   2.453     nan                                None      -0.114       3.936      -1.593       0.434       2.825       0.453
 Gaia DR3 527302691238862336   5.7854134  65.1054804 13.762  1.271       3.570   3.4455  36.9624   -24.17   -22.60     2.35    1.651  nan      nan    nan   0.943     nan                            Gaia_DR3      -0.802       4.267       0.316       0.014       3.723       0.014
 Gaia DR3 426125631251705600  13.9459552  59.9262757 20.039  2.694       3.747   3.3233  37.0716   -25.24      nan      nan    1.713  nan      nan    nan   1.021     nan                                None       0.268       3.653      -1.085       0.362       3.659       0.411
 Gaia DR3 425301134974181248  11.2473256  59.3841252 15.804  1.453       3.804   2.8461  37.0874   -25.34      nan      nan    1.739  nan      nan    nan   0.998     nan                                None      -0.098       3.625      -1.198       0.027       4.481       0.031
 Gaia DR3 523736386613134592  14.4597298  63.5807514 19.391  2.279       3.848   3.2702  37.1256   -24.54      nan      nan    1.717  nan      nan    nan   1.642     nan                                None       0.338       4.235       0.733       0.394       2.900       0.427
 Gaia DR3 426813852510393344  11.4439964  59.7987297 19.553  2.844       2.603   2.5437  37.3264   -25.26      nan      nan    1.603  nan      nan    nan   1.010     nan                                None      -0.065       3.405      -0.123       0.271       2.527       0.270
 Gaia DR3 428549538988335616   8.6743443  59.8975970 19.725  2.486       2.574   1.9682  37.4913   -25.23      nan      nan    1.766  nan      nan    nan   0.964     nan                                None      -0.457       3.755      -0.823       0.316       2.869       0.328
 Gaia DR3 428215420598907008   4.6618562  58.9747428 19.732  2.835       0.702   3.4207  37.5635   -25.32      nan      nan    1.643  nan      nan    nan   1.056     nan                                None      -0.943       3.311      -1.013       0.416       3.078       0.418
 Gaia DR3 425398854068022400   9.0711127  58.8336204 16.849  1.928       4.611   3.0460  38.0030   -25.42      nan      nan    1.735  nan      nan    nan   3.692     nan                                None      -0.395       3.520      -1.807       0.188       2.598       0.203
 Gaia DR3 426956415371071488  11.8347258  60.6144709 13.023  1.074       4.714   2.0748  38.0087   -25.12   -84.03     1.20    1.765  nan      nan    nan   1.099     nan                            Gaia_DR3      -0.017       3.883       1.736       0.012       3.939       0.014
 Gaia DR3 427695081015520384  10.1773519  62.4760535 20.021  2.350       4.719   1.0381  38.0426   -24.76      nan      nan    1.781  nan      nan    nan   0.966     nan                                None      -0.250       4.218      -0.782       0.380       2.528       0.485
 Gaia DR3 428009021651503360   7.4683499  58.7018416 18.675  2.668       0.859   3.1914  38.0629   -25.42      nan      nan    1.624  nan      nan    nan   0.983     nan                                None      -0.575       3.264      -0.318       0.133       3.408       0.178
 Gaia DR3 424988083395979520   8.5953385  58.3222566 19.400  1.258       3.865   3.5400  38.1632   -25.50      nan      nan    1.649  nan      nan    nan   1.445     nan                                None      -0.437       3.263      -1.693       0.325       2.787       0.341
 Gaia DR3 428026824299014656   8.5258747  58.7613079 19.279  2.011       1.392   3.1002  38.3222   -25.42      nan      nan    1.734  nan      nan    nan   1.405     nan                                None      -0.469       3.503       0.037       0.323       3.455       0.317
 Gaia DR3 431561646802699136   1.3850006  63.5197116 15.731  1.444       2.299   3.6127  38.4795   -24.40      nan      nan    1.698  nan      nan    nan   1.026     nan                                None      -1.407       4.068      -1.333       0.030       4.888       0.030
 Gaia DR3 426999532540639744  10.7538914  59.8273848 19.477  2.013       4.133   2.3374  38.5452   -25.26      nan      nan    1.594  nan      nan    nan   1.100     nan                                None      -0.152       3.388      -1.150       0.293       2.423       0.296
 Gaia DR3 431887690659572992   2.6979662  64.5108570 15.766  1.626       4.184   3.6862  38.8258   -24.23      nan      nan    1.691  nan      nan    nan   1.069     nan                                None      -1.229       4.229      -0.672       0.033       2.846       0.034
 Gaia DR3 429889392693267456   0.8606595  61.7891946 18.951  1.766       3.054   3.5521  39.1340   -24.71      nan      nan    1.711  nan      nan    nan   2.067     nan                                None      -1.488       3.822      -2.121       0.337       2.920       0.383
 Gaia DR3 425984133551316608  13.6485401  59.1600037 20.023  1.811       3.881   3.7401  39.1534   -25.37      nan      nan    1.685  nan      nan    nan   1.079     nan                                None       0.224       3.476      -0.899       0.368       2.676       0.435
 Gaia DR3 428059122446470016   7.0439203  58.7405261 19.913  2.279       3.755   3.1902  39.2480   -25.41      nan      nan    1.735  nan      nan    nan   1.030     nan                                None      -0.672       3.489       0.026       0.381       2.306       0.409
 Gaia DR3 523680139725286912  12.5569118  63.2213198 18.148  2.203       2.107   2.3550  39.5215   -24.62      nan      nan    1.591  nan      nan    nan   0.965     nan                                None       0.075       3.879       0.203       0.098       3.184       0.114
 Gaia DR3 430533569069598464   6.5317109  62.1457345 19.240  2.707       2.947   0.9160  39.5312   -24.79      nan      nan    1.571  nan      nan    nan   0.962     nan                                None      -0.671       3.650      -1.411       0.233       3.012       0.233
 Gaia DR3 428863380848725888   6.7307540  60.9478559 16.914  1.960       4.339   1.2087  39.7591   -25.01      nan      nan    1.785  nan      nan    nan   0.954     nan                                None      -0.735       3.952       0.580       0.055       2.983       0.059
 Gaia DR3 429899636192619520   0.6299396  62.0525119 19.998  2.734       3.205   3.6494  39.7757   -24.65      nan      nan    1.644  nan      nan    nan   1.032     nan                                None      -1.459       3.705      -0.348       0.423       3.699       0.474
 Gaia DR3 426754173941479424  13.0624861  59.4968939 19.770  2.528       2.448   3.2897  39.7787   -25.32      nan      nan    1.620  nan      nan    nan   1.048     nan                                None       0.141       3.394       0.800       0.296       2.880       0.357
 Gaia DR3 431028284878888704   5.3439863  63.4211250 19.433  2.306       3.578   2.0947  39.9242   -24.51      nan      nan    1.585  nan      nan    nan   1.048     nan                                None      -0.825       3.850      -1.618       0.295       2.956       0.314
 Gaia DR3 524395204531981184  12.6576305  64.4836856 19.570  1.929       1.881   3.2536  39.9776   -24.36      nan      nan    1.736  nan      nan    nan   1.048     nan                                None       0.095       4.430       0.139       0.302       3.743       0.357
