GaiaDR3                               RA         DEC   Gmag  Bp-Rp  Voff(km/s) Sep(deg)   3D(pc) Vr(pred)  Vr(obs)    Vrerr Plx(mas)  SpT    FnuvJ  W1-W3    RUWE  XCrate                               RVsrc    PMRApred   PMDecpred        PMRA     PMRAerr       PMDec    PMDecerr
Gaia DR3 1401760747118886016 232.9460787  47.0555092  9.879  1.584       0.000   0.0000   0.0000    13.17      nan      nan   30.811  nan      nan    nan   1.072     nan                                None     154.875    -298.519     154.875       0.012    -298.519       0.014
Gaia DR3 1401772395070195840 232.8857503  47.0383705 13.371  2.645       0.311   0.0445   0.0254    13.16      nan      nan   30.814  nan      nan    nan   1.284     nan                                None     155.182    -298.404     156.310       0.013    -300.080       0.018
Gaia DR3 1645425614893967744 228.6623049  67.3449764  5.009  0.727       1.235  20.4103  12.4281    -4.31      nan      nan   39.549  nan      nan    nan   0.982     nan                                None     224.781    -382.873     221.777       0.079    -392.723       0.091
Gaia DR3 1216376695767203200 235.4017092  20.9343060 13.415  2.815       2.388  26.1971  14.4673    32.96      nan      nan   32.129  nan      nan    nan   1.266     nan                                None     148.981    -242.576     162.001       0.016    -232.979       0.015
Gaia DR3 4573749401233447680 258.4194546  26.0309447 11.811  2.243       1.647  29.0833  17.3401    34.26      nan      nan   28.121  nan      nan    nan   1.346     nan                                None      18.945    -242.195      13.270       0.014    -234.247       0.015
Gaia DR3 1526985908816139008 194.5915498  40.5557639 11.214  2.072       2.937  28.1323  19.4790     0.06      nan      nan   24.586  nan      nan    nan  30.111     nan                                None     233.986    -148.087     219.900       0.539    -153.858       0.578
Gaia DR3 1275112503842732032 229.1228423  29.0809092 13.607  2.539       1.368  18.2190  22.6904    25.23      nan      nan   19.560  nan      nan    nan   1.328     nan                                None     109.821    -160.121     104.204       0.049    -159.616       0.067
Gaia DR3 4560061512264137088 256.4589930  18.0186193 15.233  3.432       2.531  34.8637  24.1133    39.48      nan      nan   23.791  nan      nan    nan   1.200     nan                                None      24.379    -178.719      20.067       0.024    -190.657       0.026
Gaia DR3 4510987662629223424 282.9622167  16.5811413  9.381  1.950       1.417  51.0627  25.7732    37.55      nan      nan   65.759  nan      nan    nan   0.955     nan                                None    -240.307    -468.478    -225.906       0.013    -481.828       0.014
Gaia DR3 4399508144309573376 239.1729474  -4.2388143 14.773  3.011       1.229  51.5880  26.2319    46.40      nan      nan   37.598  nan      nan    nan   2.230     nan                                None     151.234    -144.920     160.950       0.084    -144.255       0.054
Gaia DR3 4406159365028474112 240.0692907  -1.7993887  9.766  1.556       0.651  49.2536  26.3369    45.88      nan      nan   32.658  nan      nan    nan   1.160     nan                                None     126.507    -139.310     124.496       0.022    -135.307       0.017
Gaia DR3 4399508144313704960 239.1733577  -4.2396717 11.069  2.132       1.389  51.5889  26.3460    46.40      nan      nan   36.974  nan      nan    nan   1.340     nan                                None     148.721    -142.509     148.183       0.027    -131.697       0.019
Gaia DR3 4398284009915273856 238.7105000  -5.3635658 13.638  3.067       2.376  52.6666  27.3943    46.60      nan      nan   34.633  nan      nan    nan   4.301     nan                                None     141.951    -126.917     159.184       0.505    -128.885       0.336
Gaia DR3 3644256252890922240 213.0303173  -4.2308755 15.229  3.644       2.297  54.2115  27.7528    33.44      nan      nan   36.024  nan      nan    nan   1.296     nan                                None     280.496    -146.187     291.152       0.053    -160.001       0.044
Gaia DR3 1686366029137264128 196.7167635  70.9433357 17.908  4.256       2.310  29.3862  29.0780   -13.85      nan      nan   19.008  nan      nan    nan   0.946     nan                                None     178.009    -105.185     186.977       0.135    -102.899       0.123
Gaia DR3 4175058204312299904 267.6416809  -6.0508777  9.472  1.844       2.985  61.3235  29.2386    50.59      nan      nan   45.017  nan      nan    nan   0.970     nan                                None     -44.181    -155.834     -27.710       0.018    -132.784       0.014
