GaiaDR3                               RA         DEC   Gmag  Bp-Rp  Voff(km/s) Sep(deg)   3D(pc) Vr(pred)  Vr(obs)    Vrerr Plx(mas)  SpT    FnuvJ  W1-W3    RUWE  XCrate                               RVsrc    PMRApred   PMDecpred        PMRA     PMRAerr       PMDec    PMDecerr
Gaia DR3 6253186686054822784 230.4798981 -20.2318018 10.423  1.186       0.000   0.0000   0.0000    -9.87      nan      nan   14.772  nan      nan    nan   0.929     nan                                None     -20.031     -30.963     -20.031       0.021     -30.963       0.020
Gaia DR3 6260116255007015424 236.2853399 -18.6296230 13.225  2.226       2.955   5.7039   7.5022   -10.70      nan      nan   14.148  nan      nan    nan   1.201     nan                                None     -15.254     -29.378      -6.451       0.020     -29.803       0.016
Gaia DR3 6240126583857223680 235.6282133 -23.2171700 17.560  3.967       0.786   5.6371   8.5328    -9.82      nan      nan   16.123  nan      nan    nan   0.967     nan                                None     -17.900     -36.203     -19.329       0.167     -38.459       0.112
Gaia DR3 6256749339943937792 226.2213350 -19.8975759 18.689  4.386       2.614   4.0139   8.9611    -9.45      nan      nan   13.309  nan      nan    nan   0.965     nan                                None     -20.645     -27.245     -17.752       0.322     -33.985       0.234
Gaia DR3 6248244518724934656 239.3694898 -18.7610554 15.562  2.863       1.291   8.5067  11.0122   -10.92      nan      nan   16.033  nan      nan    nan   1.135     nan                                None     -14.844     -33.653     -13.367       0.054     -37.759       0.033
Gaia DR3 6262867164381769728 240.9545799 -15.1170387  9.045  0.875       0.121  11.2096  13.7472   -11.64      nan      nan   16.018  nan      nan    nan   1.094     nan                                None     -13.559     -31.311     -13.777       0.024     -31.655       0.012
Gaia DR3 6248024066641318784 236.8163089 -19.2350911 13.179  2.087       2.443   6.0466  13.8507   -10.64      nan      nan   12.627  nan      nan    nan   1.173     nan                                None     -13.286     -26.561     -19.282       0.016     -29.075       0.012
Gaia DR3 6243845956813403776 242.5883120 -20.9763947 20.102  2.304       2.175  11.3556  13.8794   -10.74      nan      nan   16.000  nan      nan    nan   2.055     nan                                None     -12.224     -35.254     -19.010       1.843     -32.468       1.523
Gaia DR3 6308584101944827008 226.8953523 -14.6729100 17.038  3.787       1.796   6.5255  14.1089   -10.37      nan      nan   18.041  nan      nan    nan   1.057     nan                                None     -27.437     -33.586     -33.945       0.107     -31.516       0.090
Gaia DR3 6238124128367025664 234.4279931 -25.4377964 12.730  1.916       2.161   6.3504  14.1923    -9.30      nan      nan   12.604  nan      nan    nan   1.136     nan                                None     -14.727     -29.163     -14.940       0.020     -23.425       0.013
Gaia DR3 6258639404729011328 231.6384775 -17.0278128  9.355  1.064       1.201   3.3868  14.3939   -10.53      nan      nan   12.284  nan      nan    nan   6.837     nan                                None     -15.989     -24.375     -19.049       0.130     -24.934       0.093
Gaia DR3 6221942860554522368 219.8955694 -28.7795615 15.533  2.950       1.568  12.8644  15.2293    -7.06      nan      nan   14.667  nan      nan    nan   1.014     nan                                None     -26.768     -32.861     -26.815       0.044     -37.708       0.041
Gaia DR3 6231282073665811712 224.8342070 -22.3268830 20.084  3.136       2.410   5.6620  15.2538    -8.86      nan      nan   18.639  nan      nan    nan   1.140     nan                                None     -30.064     -39.424     -22.111       0.930     -34.282       0.708
Gaia DR3 6221942860554522496 219.8959206 -28.7790465 15.577  2.982       1.893  12.8638  15.2561    -7.06      nan      nan   14.628  nan      nan    nan   1.234     nan                                None     -26.695     -32.772     -28.415       0.051     -38.351       0.048
Gaia DR3 6042107391562977792 241.9507923 -27.8628661 15.871  3.186       2.093  12.9478  15.9445    -9.37      nan      nan   16.377  nan      nan    nan   9.802     nan                                None     -13.041     -40.207     -11.079       0.699     -47.161       0.354
Gaia DR3 6041319213518265856 238.2477704 -28.9284034 15.456  2.817       1.410  11.1965  16.2041    -8.91      nan      nan   13.178  nan      nan    nan   1.057     nan                                None     -12.935     -32.465     -16.594       0.046     -33.867       0.029
Gaia DR3 6269009276850439296 236.3120643  -9.6657308 11.681  1.584       2.429  11.9700  16.6798   -12.10      nan      nan   13.293  nan      nan    nan   1.180     nan                                None     -14.314     -22.591      -7.596       0.024     -23.677       0.017
Gaia DR3 6276442142953561728 215.2010911 -22.4234203 19.969  3.091       1.081  14.3934  17.2882    -7.50      nan      nan   16.232  nan      nan    nan   1.042     nan                                None     -32.690     -32.491     -33.044       0.767     -36.175       0.825
Gaia DR3 6220550152983140864 217.3227090 -29.2989284 12.393  1.998       1.872  14.9782  17.5034    -6.61      nan      nan   15.175  nan      nan    nan   1.335     nan                                None     -29.290     -33.575     -25.516       0.019     -28.926       0.018
Gaia DR3 6015150905501817472 237.7396868 -33.6273256  3.958 -0.023       0.351  14.8655  17.5541    -7.89      nan      nan   15.904  nan      nan    nan   3.057     nan                                None     -16.010     -41.421     -16.008       0.396     -40.245       0.289
Gaia DR3 6260894090763319680 237.5698879 -17.0338728 15.820  2.823       2.906   7.4392  17.6182   -11.08      nan      nan   12.135  nan      nan    nan   1.110     nan                                None     -12.317     -24.508     -18.264       0.065     -28.970       0.043
Gaia DR3 4329593704597084288 243.1631207 -13.7974049 20.401  2.092       2.977  13.7201  17.7282   -11.99      nan      nan   17.168  nan      nan    nan   1.254     nan                                None     -12.616     -32.703     -10.840       1.806     -22.078       1.397
Gaia DR3 6048937385986219776 246.4004067 -25.4876460 14.999  2.678       2.299  15.5690  18.4408   -10.07      nan      nan   14.628  nan      nan    nan   1.137     nan                                None      -8.327     -35.016      -7.673       0.048     -42.075       0.031
Gaia DR3 6049292253362795520 245.3318086 -24.3909012 15.697  2.990       2.244  14.3460  18.6425   -10.24      nan      nan   13.565  nan      nan    nan   8.551     nan                                None      -8.466     -31.852      -7.262       0.500     -38.155       0.366
Gaia DR3 6042235725180784768 242.6175708 -27.9444832 13.154  2.470       2.726  13.4868  19.4998    -9.39      nan      nan   18.387  nan      nan    nan   1.303     nan                                None     -14.021     -45.272      -8.612       0.024     -36.194       0.017
Gaia DR3 6042235793900264448 242.6105197 -27.9416733 13.098  2.475       2.999  13.4800  19.5161    -9.39      nan      nan   18.400  nan      nan    nan   1.243     nan                                None     -14.037     -45.299      -9.611       0.023     -34.541       0.017
Gaia DR3 6049303901315371008 245.1832479 -24.3280167 19.605  2.562       1.133  14.1995  19.8776   -10.24      nan      nan   13.063  nan      nan    nan   2.007     nan                                None      -8.253     -30.633      -9.802       1.318     -27.926       0.974
Gaia DR3 4325623711706539648 247.7482081 -15.0483490 14.881  2.777       2.396  17.2409  20.6509   -12.02      nan      nan   16.731  nan      nan    nan   1.970     nan                                None      -8.362     -33.003     -13.723       0.144     -39.536       0.103
Gaia DR3 6035870995972030720 243.6860056 -31.9979976 15.801  3.000       1.710  16.6757  21.2879    -8.60      nan      nan   13.595  nan      nan    nan   0.952     nan                                None      -9.629     -35.391      -4.775       0.059     -34.715       0.039
Gaia DR3 6265568698810029824 234.4190969 -13.9923852 16.148  2.681       2.575   7.2860  21.5458   -11.29      nan      nan   11.506  nan      nan    nan   1.055     nan                                None     -13.449     -21.612     -13.536       0.086     -27.857       0.063
Gaia DR3 6037497792142864384 244.6656684 -31.3494158 17.342  3.540       2.630  16.9030  21.7685    -8.78      nan      nan   13.501  nan      nan    nan   0.963     nan                                None      -8.887     -34.948     -15.616       0.149     -31.668       0.097
Gaia DR3 4328328888267166592 243.4632563 -15.8288921 17.549  3.521       1.313  13.1012  21.8468   -11.68      nan      nan   12.272  nan      nan    nan   1.038     nan                                None      -8.831     -24.476     -10.958       0.150     -27.126       0.114
Gaia DR3 4331982393606307328 247.3711037 -11.4344134 14.048  2.769       2.724  18.4575  22.6026   -12.57      nan      nan   14.007  nan      nan    nan   1.276     nan                                None      -7.273     -25.327      -2.902       0.026     -32.078       0.020
Gaia DR3 4331982423668574848 247.3610552 -11.4290118 13.016  2.129       2.986  18.4518  22.6083   -12.57      nan      nan   14.000  nan      nan    nan   1.080     nan                                None      -7.277     -25.309      -2.323       0.018     -32.597       0.014
Gaia DR3 4327126469222618112 248.5048091 -14.7915225 12.600  1.917       1.659  18.0157  22.6458   -12.09      nan      nan   13.697  nan      nan    nan   7.777     nan                                None      -6.310     -26.884      -8.427       0.122     -31.182       0.094
Gaia DR3 6006605191887419392 232.3766026 -37.6071852 15.835  2.895       1.071  17.4534  22.7983    -6.62      nan      nan   13.343  nan      nan    nan   1.014     nan                                None     -16.900     -35.341     -15.130       0.050     -37.779       0.042
Gaia DR3 6049475936226078720 243.4184778 -25.5768390 12.977  2.233       2.672  13.0525  22.8033    -9.91      nan      nan   20.396  nan      nan    nan   1.133     nan                                None     -14.723     -48.597     -21.736       0.023     -39.495       0.016
Gaia DR3 3639114897864901376 214.9114645  -8.1888487 15.407  3.101       2.724  19.2799  23.0592    -9.56      nan      nan   17.172  nan      nan    nan  11.235     nan                                None     -34.778     -26.611     -29.925       0.452     -18.028       0.335
Gaia DR3 6044830744421878144 249.0147445 -26.9226939 13.349  2.473       0.887  18.2325  23.1350    -9.88      nan      nan   18.185  nan      nan    nan   1.119     nan                                None      -7.896     -44.674     -10.866       0.019     -46.332       0.014
Gaia DR3 3639114897863797376 214.9117563  -8.1903656 11.300  1.665       2.491  19.2787  23.2748    -9.56      nan      nan   17.419  nan      nan    nan   1.061     nan                                None     -35.278     -26.995     -30.617       0.021     -19.125       0.015
Gaia DR3 4330739773668723200 247.5485180 -12.5492850 16.527  3.143       2.069  18.0691  23.3161   -12.41      nan      nan   13.424  nan      nan    nan   1.000     nan                                None      -6.847     -24.964     -12.019       0.074     -22.217       0.048
Gaia DR3 6248421574456693248 239.4625930 -18.0926433 14.070  2.328       2.219   8.7489  23.3596   -11.04      nan      nan   11.380  nan      nan    nan   1.062     nan                                None     -10.483     -23.583     -13.812       0.026     -19.429       0.017
Gaia DR3 4399404206105503232 237.2255899  -4.1781427 13.124  2.123       1.989  17.3454  23.3644   -12.90      nan      nan   13.091  nan      nan    nan   9.299     nan                                None     -13.510     -18.965      -8.557       0.158     -21.332       0.151
Gaia DR3 4326969857535049088 248.8573236 -14.6701166 17.016  3.425       2.619  18.3776  23.6813   -12.12      nan      nan   13.422  nan      nan    nan   1.043     nan                                None      -5.938     -26.281      -7.153       0.096     -33.593       0.066
Gaia DR3 4395536330357533696 235.9356188  -9.3186662 16.707  3.106       0.565  12.1170  23.6875   -12.12      nan      nan   11.745  nan      nan    nan   1.085     nan                                None     -12.864     -19.766     -13.584       0.085     -18.566       0.060
Gaia DR3 4347939330985147392 239.8372937  -7.8980136 14.920  2.692       0.898  15.3011  23.8094   -12.63      nan      nan   12.340  nan      nan    nan   1.124     nan                                None     -11.137     -20.093     -12.613       0.034     -18.284       0.022
Gaia DR3 6039188596202600192 244.7908510 -28.5277749 19.296  4.110       2.684  15.4304  23.9325    -9.38      nan      nan   20.203  nan      nan    nan   1.097     nan                                None     -13.170     -50.406     -24.498       0.441     -48.878       0.321
Gaia DR3 6022215130274635008 245.4983020 -35.6943402 15.780  2.996       1.939  20.3187  23.9342    -7.87      nan      nan   14.709  nan      nan    nan   1.090     nan                                None      -9.055     -40.110      -9.661       0.067     -46.091       0.046
Gaia DR3 4395536330357533952 235.9374069  -9.3155216  7.580  0.495       0.580  12.1206  23.9345   -12.12      nan      nan   11.704  nan      nan    nan   1.146     nan                                None     -12.817     -19.694     -11.391       0.031     -19.817       0.023
Gaia DR3 6245287996377978496 246.4169341 -18.7870286 20.327  1.672       1.917  15.0854  24.8695   -11.33      nan      nan   12.060  nan      nan    nan   1.505     nan                                None      -6.856     -25.684      -3.319       1.981     -22.332       1.400
Gaia DR3 4337097317402566016 250.1028939 -11.0564340 13.449  2.326       0.021  20.9773  25.1460   -12.72      nan      nan   14.303  nan      nan    nan   1.125     nan                                None      -5.403     -25.669      -5.341       0.016     -25.679       0.011
Gaia DR3 6051173449038871680 248.7419235 -22.9561584 15.235  3.493       2.239  17.1854  25.5069   -10.65      nan      nan   20.473  nan      nan    nan   1.464     nan                                None      -9.179     -47.205     -11.857       0.214     -37.922       0.136
Gaia DR3 6311115212071313536 220.4953730 -14.1226862 13.452  2.574       2.996  11.3219  25.5386    -9.60      nan      nan   22.436  nan      nan    nan   1.199     nan                                None     -40.384     -40.279     -40.734       0.020     -26.112       0.018
Gaia DR3 6225666872078562560 225.0589936 -27.1278931 17.092  3.337       2.070   8.4942  25.9493    -8.02      nan      nan   11.001  nan      nan    nan   1.281     nan                                None     -17.635     -24.940     -22.019       0.143     -26.896       0.119
Gaia DR3 6229478294775593856 223.6795267 -24.2839599 16.789  3.044       0.940   7.4832  25.9614    -8.37      nan      nan   10.924  nan      nan    nan   1.042     nan                                None     -18.175     -23.642     -17.069       0.091     -25.502       0.076
Gaia DR3 6018949855619593600 247.5467760 -36.6492834 16.228  3.003       2.119  22.1688  25.9959    -7.73      nan      nan   14.811  nan      nan    nan   1.042     nan                                None      -7.556     -40.971     -12.436       0.073     -36.505       0.059
Gaia DR3 6316223508734637568 231.0293740 -10.0161346 15.216  2.581       2.118  10.2294  26.3130   -11.54      nan      nan   11.108  nan      nan    nan   1.229     nan                                None     -14.777     -18.836     -19.521       0.041     -17.391       0.032
Gaia DR3 4331012418194984448 249.2807534 -11.9310809 19.352  2.988       2.398  19.8572  26.6406   -12.57      nan      nan   12.966  nan      nan    nan   1.860     nan                                None      -5.451     -23.784      -8.407       0.994     -17.935       0.599
Gaia DR3 4131507304641104640 250.1290167 -19.3034980 20.066  2.811       1.498  18.5038  26.8298   -11.37      nan      nan   12.458  nan      nan    nan   2.253     nan                                None      -4.689     -26.925      -0.883       1.657     -25.927       1.176
Gaia DR3 6273427355085245696 216.7703615 -22.7212606 10.791  1.124       2.270  12.9928  26.9798    -7.69      nan      nan   11.333  nan      nan    nan   1.028     nan                                None     -22.124     -23.016     -27.250       0.017     -24.790       0.015
Gaia DR3 4126763972825566080 251.1056965 -21.9476617 13.253  2.434       0.589  19.3060  27.4298   -10.91      nan      nan   12.540  nan      nan    nan   6.196     nan                                None      -4.082     -28.488      -3.889       0.113     -30.032       0.075
Gaia DR3 4324455514961393280 248.9543642 -16.6381623 16.591  2.956       1.359  17.8798  27.5076   -11.80      nan      nan   12.129  nan      nan    nan   1.072     nan                                None      -5.305     -24.803      -5.205       0.079     -28.276       0.052
Gaia DR3 6101701677694013824 220.7240859 -41.3016439 15.183  3.037       2.418  22.6389  27.6204    -4.68      nan      nan   18.754  nan      nan    nan   1.247     nan                                None     -33.576     -47.397     -37.753       0.042     -55.998       0.042
Gaia DR3 6017924835922745088 248.7539541 -37.4521230 16.223  3.256       2.612  23.4213  27.6611    -7.58      nan      nan   14.593  nan      nan    nan   3.022     nan                                None      -6.534     -40.786       0.745       0.206     -37.384       0.154
Gaia DR3 6232825753630345728 224.2026124 -20.4902389  8.018  0.908       2.791   5.8904  27.8853    -9.10      nan      nan   24.794  nan      nan    nan   0.907     nan                                None     -40.682     -50.775     -27.382       0.037     -56.768       0.040
Gaia DR3 6274138086273620736 212.4585631 -25.1855262 14.824  2.594       2.428  17.3292  27.9367    -6.61      nan      nan   11.911  nan      nan    nan   1.121     nan                                None     -25.229     -24.221     -19.159       0.029     -23.673       0.025
Gaia DR3 5997243949902019456 243.1862817 -38.8380533 11.809  2.056       0.837  21.5909  27.9545    -7.04      nan      nan   19.896  nan      nan    nan   1.157     nan                                None     -14.597     -55.645     -11.505       0.020     -57.312       0.015
Gaia DR3 6019850115124860416 252.1571717 -35.6393620 18.818  1.098       2.778  24.4765  28.0611    -8.08      nan      nan   16.006  nan      nan    nan   1.110     nan                                None      -4.333     -44.104       3.575       0.282     -39.068       0.218
Gaia DR3 6019850115143794816 252.1571658 -35.6386258 15.921  0.050       2.194  24.4760  28.1204    -8.08      nan      nan   16.782  nan      nan    nan   0.942     nan                                None      -4.543     -46.241       1.186       0.054     -41.003       0.041
Gaia DR3 3655159349493686400 219.6296870   1.8861193 18.140  4.073       2.756  24.5436  28.1792   -11.45      nan      nan   15.772  nan      nan    nan   0.916     nan                                None     -28.957     -18.418     -23.291       0.230     -25.617       0.174
Gaia DR3 4333096886081700096 254.2573447 -12.8697678 16.760  3.328       0.470  23.9200  28.2827   -12.54      nan      nan   14.556  nan      nan    nan   1.053     nan                                None      -2.343     -27.410      -3.785       0.086     -27.342       0.063
Gaia DR3 4126765454594481408 251.1066193 -21.9461345 11.555  1.447       2.099  19.3068  28.5485   -10.91      nan      nan   12.253  nan      nan    nan   1.472     nan                                None      -3.988     -27.837      -2.016       0.032     -32.888       0.022
Gaia DR3 3619703294953383936 209.1367574  -6.6963800 18.455  3.827       1.850  24.7267  28.5875    -8.73      nan      nan   15.287  nan      nan    nan   0.969     nan                                None     -34.211     -22.495     -28.349       0.247     -23.586       0.158
Gaia DR3 4406031886099957632 239.4873006  -2.1594913 12.790  2.349       1.898  20.0985  28.6892   -13.32      nan      nan   21.375  nan      nan    nan   1.321     nan                                None     -19.664     -28.930     -27.231       0.026     -32.920       0.021
Gaia DR3 6203279440949740800 222.1821576 -34.4495673 11.027  1.192       2.612  15.9984  28.7257    -6.25      nan      nan   11.505  nan      nan    nan   1.069     nan                                None     -19.886     -27.805     -22.943       0.022     -22.257       0.018
Gaia DR3 4127365753585014272 252.0219171 -20.6635816 14.018  2.353       2.716  20.1746  29.0225   -11.17      nan      nan   12.379  nan      nan    nan   1.068     nan                                None      -3.439     -27.498       3.313       0.022     -29.657       0.015
Gaia DR3 5988792072753854336 235.4612598 -45.2985926 13.392  2.587       1.121  25.4018  29.0965    -5.09      nan      nan   15.879  nan      nan    nan   1.443     nan                                None     -17.758     -45.371     -21.214       0.023     -43.911       0.022
Gaia DR3 6000309422676414720 228.7651732 -44.8648708 15.005  3.063       1.192  24.6740  29.2582    -4.69      nan      nan   18.540  nan      nan    nan   1.447     nan                                None     -26.615     -50.868     -28.079       0.045     -46.446       0.043
Gaia DR3 3653993081189617280 214.9204565   0.3842826  6.158  0.258       2.966  25.6341  29.3250   -10.55      nan      nan   15.993  nan      nan    nan   1.043     nan                                None     -32.383     -19.699     -38.310       0.052     -11.645       0.042
Gaia DR3 6239455228928522112 234.0953120 -22.7191046 14.189  2.240       1.861   4.1836  29.3647    -9.78      nan      nan   10.367  nan      nan    nan   0.955     nan                                None     -12.279     -22.967     -10.504       0.022     -26.627       0.017
Gaia DR3 4323575974378885632 247.5322249 -18.5054012 20.428  2.794       2.870  16.1722  29.4490   -11.42      nan      nan   11.410  nan      nan    nan   1.208     nan                                None      -5.830     -24.204     -11.690       1.515     -20.553       1.292
Gaia DR3 6289971603469144448 212.1514479 -19.6562221 15.488  2.912       2.954  17.2301  29.4995    -7.46      nan      nan   11.588  nan      nan    nan   3.236     nan                                None     -24.678     -21.854     -31.381       0.152     -24.526       0.132
Gaia DR3 6214461886519601408 230.7399150 -26.6548797 14.742  2.345       0.631   6.4275  29.7147    -8.72      nan      nan   10.416  nan      nan    nan   1.005     nan                                None     -13.998     -24.151     -13.714       0.030     -22.796       0.025
Gaia DR3 5999070376154739584 232.0632014 -45.9685037 19.044  3.367       2.682  25.7695  29.7410    -4.70      nan      nan   15.327  nan      nan    nan   1.178     nan                                None     -19.641     -43.198     -21.015       0.384     -51.755       0.321
Gaia DR3 4358550717702291328 247.3551820  -2.3206716 16.112  0.071       1.321  24.3334  29.7770   -13.77      nan      nan   13.869  nan      nan    nan   0.957     nan                                None      -7.213     -18.936      -7.039       0.054     -15.078       0.039
Gaia DR3 3647879109344407552 213.4656065  -0.3691736 17.559  4.092       2.740  25.9150  29.7920   -10.22      nan      nan   17.425  nan      nan    nan   1.065     nan                                None     -36.252     -21.965     -31.514       0.208     -30.844       0.163
Gaia DR3 3616520964706052352 205.2127608 -11.0268854 20.513  2.504       2.827  25.9717  29.8042    -7.45      nan      nan   17.303  nan      nan    nan   1.152     nan                                None     -41.003     -27.274     -40.498       1.114     -16.973       0.821
Gaia DR3 6016999253271934976 248.6674871 -40.2005401 15.094  2.606       2.193  25.3011  29.8308    -6.93      nan      nan   14.605  nan      nan    nan   1.029     nan                                None      -6.605     -41.886     -11.061       0.033     -46.959       0.026
Gaia DR3 6175676682567408512 204.0552081 -30.4153770 13.674  2.502       1.574  25.8808  29.8710    -4.35      nan      nan   15.319  nan      nan    nan   1.202     nan                                None     -36.864     -30.393     -40.708       0.022     -33.717       0.019
