GaiaDR3                               RA         DEC   Gmag  Bp-Rp  Voff(km/s) Sep(deg)   3D(pc) Vr(pred)  Vr(obs)    Vrerr Plx(mas)  SpT    FnuvJ  W1-W3    RUWE  XCrate                               RVsrc    PMRApred   PMDecpred        PMRA     PMRAerr       PMDec    PMDecerr
 Gaia DR3 381592313648387200   9.5730303  42.4630954 10.759  0.719       0.000   0.0000   0.0000   -16.67   -16.67     0.42    4.496  nan      nan    nan   0.833     nan                            Gaia_DR3     -21.535      -4.582     -21.535       0.012      -4.582       0.012
 Gaia DR3 381592519806816896   9.5668664  42.4677196 13.701  1.469       0.804   0.0065   2.4317   -16.67   -15.82     1.89    4.546  nan      nan    nan   1.043     nan                            Gaia_DR3     -21.774      -4.633     -21.149       0.014      -4.183       0.015
 Gaia DR3 381733085496407680   7.2256720  40.8795635 18.740  2.963       0.977   2.3624   9.4976   -15.82      nan      nan    4.450  nan      nan    nan   0.944     nan                                None     -21.645      -5.542     -20.962       0.178      -6.153       0.180
 Gaia DR3 387796415383551104   9.9524853  44.3997982 10.213  0.716       2.863   1.9562   9.9677   -16.93   -26.08     2.61    4.371  nan      nan    nan   1.214     nan                            Gaia_DR3     -20.884      -3.836     -22.269       0.021      -1.591       0.019
 Gaia DR3 381354716061041664  10.1624424  41.8491861 17.116  2.407       3.280   0.7535  10.5888   -16.79      nan      nan    4.712  nan      nan    nan   5.579     nan                                None     -22.476      -4.825     -25.337       0.347      -6.383       0.307
 Gaia DR3 380757578164921088   9.4512240  40.2975165 15.379  2.203       4.645   2.1675  11.0064   -16.44   -82.64     6.99    4.647  nan      nan    nan   1.013     nan                            Gaia_DR3     -22.280      -5.381     -25.575       0.029      -2.242       0.026
 Gaia DR3 388633109373436800   8.4877625  45.0254392 16.552  2.295       4.545   2.6795  11.8018   -16.56      nan      nan    4.617  nan      nan    nan   1.003     nan                                None     -22.277      -4.272     -22.247       0.044      -8.695       0.044
 Gaia DR3 375124062836711936  13.3758229  41.8286038 15.504  2.258       4.008   2.8898  12.5614   -17.72    -7.05    12.28    4.390  nan      nan    nan   1.022     nan                            Gaia_DR3     -20.426      -3.726     -18.965       0.028      -7.136       0.026
 Gaia DR3 388813360561394304   6.0872419  45.1426872 13.267  1.543       1.941   3.6748  14.5780   -15.89   -11.52     1.30    4.568  nan      nan    nan   2.983     nan                            Gaia_DR3     -22.369      -4.854     -21.194       0.027      -6.307       0.022
 Gaia DR3 381757485207206272   6.6890407  40.8970466 10.744  0.790       3.781   2.6628  14.9104   -15.66   -16.87     0.26    4.729  nan      nan    nan   1.106     nan                            Gaia_DR3     -23.079      -6.026     -24.150       0.016      -2.412       0.017
 Gaia DR3 389721660245732480  11.7591080  46.1291709 17.472  2.893       4.126   3.9856  15.4610   -17.54      nan      nan    4.503  nan      nan    nan   1.042     nan                                None     -21.227      -2.979     -21.759       0.108      -6.859       0.083
 Gaia DR3 367985307498546432  11.6579397  38.7775704 18.774  3.047       4.250   4.0106  15.6174   -16.96      nan      nan    4.479  nan      nan    nan   0.941     nan                                None     -21.130      -5.082     -24.143       0.214      -7.733       0.153
 Gaia DR3 380270597592056448   6.3285345  40.8617076 12.739  1.054       1.891   2.9048  15.7949   -15.54   -27.79     1.35    4.288  nan      nan    nan   0.993     nan                            Gaia_DR3     -20.969      -5.559     -20.401       0.015      -7.170       0.013
 Gaia DR3 382476497090455808   7.3540088  43.3667365 19.750  2.310       2.666   1.8594  16.0180   -16.10      nan      nan    4.226  nan      nan    nan   1.560     nan                                None     -20.541      -4.615     -18.169       0.417      -4.730       0.402
 Gaia DR3 383702276461701760   3.9218949  41.9158931 12.195  0.985       1.580   4.2219  16.4826   -14.92   -14.51     0.66    4.547  nan      nan    nan   1.067     nan                            Gaia_DR3     -22.526      -6.247     -21.625       0.010      -7.464       0.009
 Gaia DR3 385858865441003648   4.8493063  45.0790190 18.303  2.942       2.046   4.2974  17.2775   -15.53      nan      nan    4.603  nan      nan    nan   0.982     nan                                None     -22.696      -5.254     -21.513       0.121      -6.849       0.100
 Gaia DR3 376146539930939904  15.7729687  42.7102374 17.356  2.799       1.155   4.5704  18.4313   -18.45      nan      nan    4.615  nan      nan    nan   1.013     nan                                None     -21.029      -3.049     -21.705       0.096      -2.152       0.059
 Gaia DR3 381560294668411392   9.4360406  42.1859055 15.265  1.958       4.851   0.2951  18.6598   -16.60   -17.26     4.89    4.149  nan      nan    nan   1.023     nan                            Gaia_DR3     -19.891      -4.330     -21.335       0.025      -0.341       0.024
 Gaia DR3 374028158981229696  14.3018476  40.1181738 14.074  1.584       2.594   4.2561  18.9033   -17.86   -16.83     2.31    4.329  nan      nan    nan   1.075     nan                            Gaia_DR3     -19.983      -3.947     -18.596       0.016      -2.029       0.014
 Gaia DR3 376312630610858112  16.5796781  43.8751652 11.220  0.859       2.013   5.2998  20.5507   -18.73   -47.20     0.32    4.505  nan      nan    nan   1.078     nan                            Gaia_DR3     -20.373      -2.420     -19.474       0.019      -4.107       0.014
 Gaia DR3 388410183390325632   9.8709137  46.0362404 15.683  2.374       2.429   3.5795  20.8082   -17.02      nan      nan    4.211  nan      nan    nan   1.031     nan                                None     -20.127      -3.285     -18.885       0.033      -5.047       0.033
 Gaia DR3 376120112996786432  16.5537777  42.8942583 18.628  2.973       4.423   5.1486  21.0972   -18.68      nan      nan    4.658  nan      nan    nan   0.966     nan                                None     -21.066      -2.823     -18.451       0.167      -6.290       0.132
 Gaia DR3 374448378580622080  15.3091358  41.1156030 16.066    nan       3.716   4.4830  23.6109   -18.22      nan      nan    4.860  nan      nan    nan   1.054     nan                                None     -22.236      -3.854     -21.359       0.113      -7.558       0.040
 Gaia DR3 381116710445442944   8.4570302  41.7404919 14.594  1.739       4.856   1.0990  23.6787   -16.27   -12.18     4.04    4.070  nan      nan    nan   1.041     nan                            Gaia_DR3     -19.645      -4.582     -23.404       0.019      -6.379       0.020
 Gaia DR3 377716329003268864  12.9683687  46.1414729 18.270  2.901       3.261   4.4075  23.7396   -17.86      nan      nan    4.197  nan      nan    nan   1.099     nan                                None     -19.597      -2.474     -19.719       0.235      -5.356       0.131
 Gaia DR3 381050671028872704   8.1635419  40.8518177 17.311  2.539       3.795   1.9248  24.3581   -16.10      nan      nan    5.022  nan      nan    nan   1.037     nan                                None     -24.284      -6.002     -21.455       0.080      -3.149       0.081
 Gaia DR3 382109328928695168   6.8459904  42.0865510 13.011  1.351       2.585   2.0525  24.4453   -15.83   -18.71     0.84    5.021  nan      nan    nan   1.101     nan                            Gaia_DR3     -24.478      -6.007     -24.101       0.014      -3.297       0.015
 Gaia DR3 376780545825506944  17.2107824  44.7729539 14.717  1.658       4.202   5.9894  24.7156   -18.93     0.60     3.39    4.353  nan      nan    nan   0.981     nan                            Gaia_DR3     -19.565      -1.916     -22.169       0.020      -4.759       0.015
 Gaia DR3 374448378581574656  15.3090482  41.1158714 14.595  1.948       4.111   4.4829  25.4016   -18.22   -49.65     6.64    4.921  nan      nan    nan   1.065     nan                            Gaia_DR3     -22.515      -3.902     -19.565       0.031      -6.982       0.023
 Gaia DR3 370608196782788992  16.7941497  38.6344248  8.766  0.368       3.131   6.6868  25.9777   -18.48   -11.40     2.46    4.568  nan      nan    nan   2.458     nan                            Gaia_DR3     -20.614      -4.043     -18.635       0.042      -6.318       0.041
 Gaia DR3 377640570076538240  13.4526996  45.6291955 17.361  2.796       4.546   4.2180  26.2258   -17.97      nan      nan    4.127  nan      nan    nan   0.990     nan                                None     -19.190      -2.455     -19.487       0.090      -6.398       0.071
 Gaia DR3 389919877279659904   9.8104527  46.4075430 19.933  2.582       4.165   3.9481  27.3545   -17.02      nan      nan    5.019  nan      nan    nan   0.956     nan                                None     -24.002      -3.817     -23.213       0.454      -8.153       0.395
 Gaia DR3 374834994357959808  15.4825329  42.6768126 14.147  1.806       3.274   4.3564  27.4793   -18.37   -25.33     2.68    4.997  nan      nan    nan   4.340     nan                            Gaia_DR3     -22.829      -3.391     -24.468       0.087      -6.425       0.052
 Gaia DR3 371128025264643200  17.7138240  39.6838913 13.528  1.572       2.895   6.7332  27.7649   -18.82   -22.49     1.65    4.340  nan      nan    nan  11.082     nan                            Gaia_DR3     -19.408      -3.331     -19.730       0.167      -5.960       0.176
 Gaia DR3 385408997683040128   3.6674401  43.7264526 10.057  0.630       2.816   4.4925  27.9441   -15.05   -12.81     0.24    5.003  nan      nan    nan   1.074     nan                            Gaia_DR3     -24.816      -6.448     -23.795       0.014      -3.659       0.012
 Gaia DR3 368609211627886336   9.6915212  38.9126632 19.657  3.027       3.200   3.5516  29.1735   -16.37      nan      nan    5.095  nan      nan    nan   0.965     nan                                None     -24.383      -6.260     -20.994       0.413      -6.831       0.307
 Gaia DR3 385333608121091840   4.7191432  44.0106580 18.496  0.099       4.200   3.8592  29.1909   -15.39      nan      nan    5.080  nan      nan    nan   0.957     nan                                None     -25.064      -6.147     -26.925       0.123     -10.241       0.102
 Gaia DR3 368942127428905472  12.3556737  40.5495389 17.202  2.530       0.598   2.8289  29.3226   -17.33      nan      nan    5.129  nan      nan    nan   1.007     nan                                None     -24.065      -5.058     -24.418       0.101      -5.600       0.059
 Gaia DR3 381071145136410880   7.9189841  41.0596080 16.619  2.540       1.525   1.8686  29.4531   -16.05      nan      nan    3.986  nan      nan    nan   1.001     nan                                None     -19.306      -4.769     -18.039       0.051      -4.575       0.055
 Gaia DR3 374833207651597056  15.4655585  42.6011702 17.613  2.855       3.360   4.3435  29.4764   -18.36      nan      nan    5.061  nan      nan    nan   1.039     nan                                None     -23.123      -3.464     -25.150       0.109      -6.420       0.068
 Gaia DR3 384918130165388416   1.3505360  43.4653080 17.865  2.913       2.933   6.0973  29.5298   -14.32      nan      nan    4.915  nan      nan    nan   0.967     nan                                None     -24.641      -7.089     -23.067       0.116      -9.688       0.082
 Gaia DR3 390158200721462912  11.9321758  47.2575798 17.280  2.977       4.865   5.0771  29.7138   -17.64      nan      nan    5.018  nan      nan    nan   1.045     nan                                None     -23.621      -2.901     -18.650       0.079      -4.233       0.073
 Gaia DR3 377994849042331648  14.7323893  46.8208366 18.427  3.016       3.960   5.6952  29.7201   -18.36      nan      nan    4.145  nan      nan    nan   1.014     nan                                None     -19.066      -1.826     -16.099       0.235      -0.045       0.135
 Gaia DR3 384319759616666240   0.6472969  41.9159433 16.783  2.572       1.739   6.6328  29.8091   -13.92      nan      nan    4.236  nan      nan    nan   1.008     nan                                None     -21.299      -6.628     -21.907       0.047      -8.056       0.043
 Gaia DR3 374644950644936448  14.7718324  41.1510640 18.733  2.884       2.517   4.0904  29.9120   -18.07      nan      nan    4.045  nan      nan    nan   0.918     nan                                None     -18.598      -3.312     -19.353       0.197      -5.322       0.145
 Gaia DR3 397886667952413440  19.1385340  45.4371412 12.411  1.043       0.945   7.4951  29.9165   -19.45   -17.06     1.25    4.389  nan      nan    nan   1.042     nan                            Gaia_DR3     -19.343      -1.260     -18.726       0.015      -1.879       0.013
 Gaia DR3 378419775926525312   5.9242408  36.8037274 17.710  3.073       1.801   6.3170  29.9784   -14.94      nan      nan    4.195  nan      nan    nan   1.036     nan                                None     -20.561      -6.484     -22.144       0.086      -6.660       0.098
 Gaia DR3 367293993858284288  12.0367762  37.4299616 16.332  2.174       4.569   5.3752  30.0460   -16.95      nan      nan    4.114  nan      nan    nan   0.986     nan                                None     -19.349      -4.934     -22.789       0.049      -2.969       0.037
 Gaia DR3 369578328048293376  16.1899092  36.5402608 19.297  2.929       4.217   7.8144  30.3015   -18.13      nan      nan    4.577  nan      nan    nan   1.025     nan                                None     -20.774      -4.831     -24.699       0.303      -3.754       0.290
Gaia DR3 1922976503325331328 359.0528908  44.1318317 13.107  1.259       1.686   7.8304  30.6186   -13.72    -8.29     2.18    4.450  nan      nan    nan   1.294     nan                            Gaia_DR3     -22.504      -6.886     -23.852       0.017      -7.713       0.015
 Gaia DR3 388619812154825728   8.7059804  44.9402989 15.934  2.168       4.155   2.5552  30.6407   -16.62      nan      nan    3.981  nan      nan    nan   1.066     nan                                None     -19.181      -3.653     -16.097       0.035      -5.279       0.039
 Gaia DR3 401015225209938944  18.0746856  46.4800777 13.529  1.322       4.753   7.2698  30.6827   -19.21   -23.38     1.33    4.295  nan      nan    nan   1.038     nan                            Gaia_DR3     -19.135      -1.168     -22.666       0.018      -3.627       0.011
 Gaia DR3 381071149432334336   7.9207176  41.0582166 17.024  2.749       1.803   1.8688  30.8327   -16.05      nan      nan    3.964  nan      nan    nan   1.020     nan                                None     -19.197      -4.742     -17.966       0.065      -3.874       0.066
 Gaia DR3 366012306897432448   6.4877608  34.9895966 17.222  2.699       4.075   7.8500  30.9061   -14.88      nan      nan    4.424  nan      nan    nan   1.002     nan                                None     -21.616      -7.155     -20.861       0.074      -3.430       0.070
 Gaia DR3 374250496552894208  14.1705034  40.8357680 19.253  3.168       1.447   3.8006  31.0317   -17.88      nan      nan    5.138  nan      nan    nan   1.005     nan                                None     -23.747      -4.478     -22.211       0.331      -4.794       0.208
 Gaia DR3 364526037759967872  13.5746859  36.8494651 16.907  2.476       4.089   6.4015  31.2842   -17.36      nan      nan    4.951  nan      nan    nan   1.029     nan                                None     -23.000      -5.746     -18.903       0.080      -6.943       0.047
 Gaia DR3 365400115144580864  10.3262796  34.8960131 18.039  2.352       4.998   7.5898  31.5072   -16.13      nan      nan    4.783  nan      nan    nan   2.083     nan                                None     -22.787      -6.874     -19.211       0.289     -10.424       0.228
 Gaia DR3 365947951107543040   7.1430876  34.8249704 11.778  0.853       4.687   7.8694  32.1195   -15.08   -13.09     0.55    4.338  nan      nan    nan   1.509     nan                            Gaia_DR3     -21.109      -6.916     -17.174       0.019      -5.216       0.018
 Gaia DR3 371779515968379136  19.9436693  40.2387586 18.143  3.172       0.556   8.0905  32.1862   -19.47      nan      nan    4.392  nan      nan    nan   1.080     nan                                None     -19.187      -2.714     -18.750       0.183      -2.442       0.170
Gaia DR3 2877338749259803904   2.3524469  36.5758513 13.343  1.309       2.080   8.0985  32.3590   -13.73   -20.29     1.17    4.714  nan      nan    nan   1.007     nan                            Gaia_DR3     -23.531      -8.212     -21.471       0.015      -8.392       0.010
Gaia DR3 2881441233301669248 359.4814710  39.1853860 13.604  1.390       1.662   8.3032  32.4926   -13.17   -18.85     1.57    4.647  nan      nan    nan   0.960     nan                            Gaia_DR3     -23.466      -8.213     -23.244       0.010      -9.826       0.010
 Gaia DR3 388129052010840704  11.1507012  45.2886036 16.077  2.380       4.547   3.0456  32.5273   -17.32      nan      nan    5.214  nan      nan    nan   1.010     nan                                None     -24.690      -3.917     -27.005       0.055      -8.346       0.038
Gaia DR3 2876519750535887744   3.3811146  36.0833812 17.096  2.790       3.939   7.9748  32.7957   -14.00      nan      nan    4.322  nan      nan    nan   1.026     nan                                None     -21.470      -7.409     -18.414       0.089      -5.528       0.049
 Gaia DR3 384869618509597440   0.1311641  43.4216772 10.655  0.679       0.909   6.9741  33.0769   -13.95   -43.52     0.27    4.169  nan      nan    nan   1.195     nan                            Gaia_DR3     -21.001      -6.328     -20.590       0.015      -5.643       0.014
 Gaia DR3 365947951107543168   7.1424824  34.8241225 12.064  0.924       3.872   7.8703  33.0857   -15.08   -13.12     0.87    4.287  nan      nan    nan   1.986     nan                            Gaia_DR3     -20.864      -6.835     -19.228       0.026      -3.741       0.024
 Gaia DR3 368418966052261248  10.5916934  38.8558473 16.179  2.125       4.870   3.6890  33.0910   -16.64      nan      nan    3.971  nan      nan    nan   1.240     nan                                None     -18.885      -4.706     -14.809       0.058      -4.599       0.040
Gaia DR3 1925903673859668736 358.3859175  44.2992182 17.069  2.651       4.133   8.3283  33.4544   -13.54      nan      nan    4.365  nan      nan    nan   1.059     nan                                None     -22.125      -6.898     -23.665       0.063     -10.376       0.061
Gaia DR3 1922837960564066304 357.7921882  43.4304872 18.937  3.057       2.093   8.6701  33.5947   -13.24      nan      nan    4.591  nan      nan    nan   1.005     nan                                None     -23.316      -7.619     -21.333       0.185      -7.205       0.172
 Gaia DR3 372224788112966144  21.2668981  41.3037548 12.420  1.082       4.836   8.7758  33.9450   -19.88   -18.40     1.00    4.533  nan      nan    nan   2.121     nan                            Gaia_DR3     -19.510      -2.154     -20.811       0.028      -6.588       0.021
 Gaia DR3 398375740170795392  18.9568617  46.4640303 17.924  3.036       4.629   7.7936  34.0532   -19.43      nan      nan    4.888  nan      nan    nan   0.851     nan                                None     -21.583      -1.093     -23.938       0.128       3.056       0.129
Gaia DR3 1921835004097171712 359.9193287  42.7969273 14.814  1.946       2.569   7.1066  34.0766   -13.81   -41.57     3.72    4.152  nan      nan    nan   1.438     nan                            Gaia_DR3     -20.936      -6.489     -18.866       0.030      -7.366       0.025
 Gaia DR3 366322021284718976   6.4917766  36.2184970 18.413  2.922       4.184   6.6825  34.3007   -15.05      nan      nan    5.040  nan      nan    nan   1.015     nan                                None     -24.624      -7.808     -27.669       0.144     -11.047       0.157
 Gaia DR3 388822221077037312   6.0827289  45.3273430 12.117  0.894       4.117   3.8110  34.5109   -15.90   -21.16     0.85    5.242  nan      nan    nan  26.697     nan                            Gaia_DR3     -25.673      -5.515     -21.144       0.379      -5.941       0.235
 Gaia DR3 364455501512233728  14.5575591  37.2276319 16.374  2.503       4.133   6.4823  34.6779   -17.70      nan      nan    5.074  nan      nan    nan   1.004     nan                                None     -23.372      -5.522     -24.865       0.057      -1.360       0.041
 Gaia DR3 392206453441763456   3.5790166  46.8188848 19.135  3.167       1.465   6.0926  34.6836   -15.33      nan      nan    5.108  nan      nan    nan   0.966     nan                                None     -25.351      -5.729     -23.900       0.188      -6.348       0.180
 Gaia DR3 363236727232255360  15.4708641  35.4647532 18.607  3.164       4.040   8.3619  34.8014   -17.82      nan      nan    4.826  nan      nan    nan   0.917     nan                                None     -22.048      -5.599     -18.075       0.221      -6.648       0.162
 Gaia DR3 380795992352714752   8.8647737  40.4916175 19.334  2.881       2.409   2.0416  34.9066   -16.28      nan      nan    3.902  nan      nan    nan   0.954     nan                                None     -18.781      -4.597     -19.327       0.276      -6.502       0.243
 Gaia DR3 372715543960074368  18.6477258  40.9104364 18.584  3.090       4.928   6.9488  34.9621   -19.15      nan      nan    4.113  nan      nan    nan   1.482     nan                                None     -18.220      -2.611     -15.887       0.319       0.969       0.244
 Gaia DR3 390952799733879936   8.3929325  48.4405853 18.342  2.837       1.693   6.0343  35.0794   -16.77      nan      nan    4.043  nan      nan    nan   1.041     nan                                None     -19.520      -2.917     -19.451       0.131      -4.359       0.108
 Gaia DR3 363231985588255488  15.1981576  35.3440001 14.732  1.860       4.760   8.3525  35.1786   -17.72   -41.96     3.96    4.274  nan      nan    nan   1.018     nan                            Gaia_DR3     -19.575      -5.046     -16.496       0.025      -8.032       0.018
 Gaia DR3 392324685304187392   3.3993141  47.2767317  9.917  0.693       4.396   6.5008  35.2989   -15.32      nan      nan    4.069  nan      nan    nan   1.630     nan                                None     -20.214      -4.505     -16.893       0.023      -6.292       0.019
 Gaia DR3 371332976808788352  16.3998718  40.4344367 16.274  2.534       3.143   5.5024  35.3142   -18.49      nan      nan    5.174  nan      nan    nan   1.096     nan                                None     -23.438      -4.048     -20.200       0.045      -2.920       0.039
 Gaia DR3 370924718692501248  15.3683513  39.3849526 17.377  2.552       4.382   5.3504  35.3734   -18.12      nan      nan    3.998  nan      nan    nan   0.970     nan                                None     -18.284      -3.621     -19.645       0.095      -7.055       0.066
 Gaia DR3 391795339175533568   7.3500822  51.0156438 17.348  2.984       3.424   8.6861  35.6427   -16.64      nan      nan    4.809  nan      nan    nan   0.993     nan                                None     -23.372      -3.032     -19.941       0.080      -2.503       0.073
 Gaia DR3 393447458478513536   0.5561038  48.9783484 16.080  2.474       2.519   9.0476  35.8728   -14.70      nan      nan    4.724  nan      nan    nan   1.814     nan                                None     -23.758      -5.658     -24.746       0.057      -7.964       0.052
 Gaia DR3 363117563363893760  15.5488222  34.6010478 17.721  2.836       3.631   9.1409  36.0201   -17.75      nan      nan    4.703  nan      nan    nan   1.109     nan                                None     -21.474      -5.706     -21.174       0.119      -2.119       0.115
Gaia DR3 2877098712127521408   1.5110491  35.8025142 16.985  2.436       1.624   9.1276  36.0306   -13.34      nan      nan    4.407  nan      nan    nan   0.973     nan                                None     -22.080      -8.039     -22.698       0.067      -9.415       0.045
 Gaia DR3 361364155850872320  12.2466456  33.5114316 16.523  2.593       1.017   9.1949  36.0691   -16.59      nan      nan    4.430  nan      nan    nan   1.851     nan                                None     -20.805      -6.342     -21.713       0.104      -6.063       0.072
 Gaia DR3 415083098532942080  13.6803433  51.3247643 16.261  2.415       4.832   9.2917  36.1869   -18.21      nan      nan    4.650  nan      nan    nan   1.013     nan                                None     -21.580      -0.936     -24.590       0.047      -4.593       0.035
 Gaia DR3 396842643005389952  20.8826538  44.4505808 17.925  2.815       4.275   8.4391  36.4550   -19.88      nan      nan    4.233  nan      nan    nan   1.025     nan                                None     -18.300      -1.120     -14.496       0.117      -1.407       0.118
 Gaia DR3 404313794453985152  16.0787667  50.7574070 16.445  2.647       2.672   9.4131  36.4713   -18.78      nan      nan    4.504  nan      nan    nan   1.022     nan                                None     -20.462      -0.407     -21.514       0.046       1.901       0.040
 Gaia DR3 396568800187507840  22.2904235  43.6228439 19.003  3.188       2.124   9.3571  36.5413   -20.22      nan      nan    4.668  nan      nan    nan   1.087     nan                                None     -19.853      -1.179     -19.215       0.385      -3.169       0.237
 Gaia DR3 397218680278668416  21.8498907  44.9537844 15.079  1.941       3.215   9.2071  36.5561   -20.13   -71.32     7.41    4.388  nan      nan    nan   1.057     nan                            Gaia_DR3     -18.758      -0.774     -21.696       0.027      -0.318       0.023
 Gaia DR3 393774975503009536   2.0369741  50.1339999 14.376  1.887       3.115   9.2606  36.6446   -15.20     4.18     3.01    4.724  nan      nan    nan   1.614     nan                            Gaia_DR3     -23.614      -4.892     -20.601       0.025      -5.633       0.023
 Gaia DR3 397382163911769472  22.0074281  45.7177381 17.625  2.682       1.784   9.4932  36.6997   -20.18      nan      nan    4.580  nan      nan    nan   1.027     nan                                None     -19.544      -0.511     -17.822       0.144      -0.552       0.156
 Gaia DR3 373076424292550400  17.4689523  42.2797991 17.286  2.626       4.332   5.8342  36.9068   -18.90      nan      nan    3.993  nan      nan    nan   1.037     nan                                None     -17.899      -2.395     -14.260       0.079      -2.618       0.071
 Gaia DR3 384446993727977600   0.1733557  42.5641255 13.164  1.247       2.293   6.9258  37.0005   -13.85   -39.89     1.13    4.060  nan      nan    nan   1.045     nan                            Gaia_DR3     -20.451      -6.331     -18.886       0.011      -7.515       0.009
 Gaia DR3 363817887847170432  13.6121042  35.3003913 15.881  2.128       2.329   7.8199  37.0928   -17.22      nan      nan    4.136  nan      nan    nan   2.422     nan                                None     -19.205      -5.200     -19.709       0.107      -3.232       0.060
 Gaia DR3 377370743050049536  14.5670079  44.8956402 16.182  2.488       4.481   4.3532  37.0949   -18.23      nan      nan    5.298  nan      nan    nan   1.022     nan                                None     -24.402      -3.072     -23.385       0.041      -7.972       0.035
 Gaia DR3 401844772374147328  17.7919436  48.7763362 19.072  2.959       2.219   8.5285  37.1092   -19.17      nan      nan    4.220  nan      nan    nan   1.115     nan                                None     -18.857      -0.532     -17.270       0.262       0.642       0.186
Gaia DR3 2880114638162734080   0.3164162  36.4816189 13.705  1.481       2.331   9.3086  37.1870   -13.04   -13.20     2.04    4.760  nan      nan    nan   4.661     nan                            Gaia_DR3     -23.962      -8.819     -23.747       0.076     -11.147       0.051
 Gaia DR3 376455704562033792  14.8908416  43.6921015 17.611  2.747       1.212   4.0732  37.4178   -18.26      nan      nan    3.910  nan      nan    nan   3.157     nan                                None     -17.956      -2.512     -17.993       0.299      -1.514       0.212
 Gaia DR3 378390192190572160   5.4540394  36.5729222  9.389  0.651       1.719   6.6904  37.4230   -14.75     0.90     0.18    5.157  nan      nan    nan   0.863     nan                            Gaia_DR3     -25.344      -8.161     -26.713       0.011      -9.432       0.013
 Gaia DR3 377940869892770048  14.8274933  46.6860929 18.417  3.310       4.463   5.6404  37.5054   -18.38      nan      nan    3.971  nan      nan    nan   1.005     nan                                None     -18.248      -1.763     -14.665       0.189      -2.820       0.129
 Gaia DR3 363677249143232384  12.9674799  34.5645491 19.112  3.040       0.722   8.3312  37.5563   -16.94      nan      nan    4.178  nan      nan    nan   1.022     nan                                None     -19.505      -5.571     -20.141       0.278      -5.589       0.194
Gaia DR3 2880242490748245888   1.0865888  37.1632901 11.918  0.897       1.823   8.3938  37.5822   -13.40   -16.29     0.61    4.185  nan      nan    nan   1.387     nan                            Gaia_DR3     -21.002      -7.445     -19.795       0.021      -8.508       0.014
 Gaia DR3 383819825423897344   3.8809075  42.3462341 15.930  2.236       3.321   4.2039  37.6461   -14.96      nan      nan    5.322  nan      nan    nan   1.026     nan                                None     -26.373      -7.199     -25.523       0.038      -3.571       0.027
 Gaia DR3 418854114178111232   6.3957739  51.5859032 14.456  2.033       4.519   9.3740  37.6800   -16.43   -20.74     2.73    4.782  nan      nan    nan   1.869     nan                            Gaia_DR3     -23.378      -3.152     -21.600       0.032      -7.347       0.028
 Gaia DR3 383769247888619008   3.3308044  42.1473341 16.734  2.530       4.009   4.6263  37.6988   -14.77      nan      nan    5.304  nan      nan    nan   0.989     nan                                None     -26.353      -7.402     -24.617       0.047     -11.534       0.038
 Gaia DR3 324240795006815104  22.6130972  41.5134896 12.725  1.096       4.587   9.7291  37.8542   -20.25   -30.49     1.04    4.470  nan      nan    nan   1.035     nan                            Gaia_DR3     -18.938      -1.759     -17.759       0.013       2.400       0.014
Gaia DR3 2880478267273863552   0.1179992  37.4134411 15.805  2.252       4.601   8.8261  38.0777   -13.12      nan      nan    4.225  nan      nan    nan   1.442     nan                                None     -21.286      -7.683     -25.235       0.066      -8.779       0.040
 Gaia DR3 365701454345271168   9.5897691  35.8906869 11.584  0.830       3.687   6.5724  38.0983   -16.01   -63.31     0.69    4.011  nan      nan    nan   1.528     nan                            Gaia_DR3     -19.211      -5.672     -22.226       0.020      -6.466       0.017
 Gaia DR3 382849643850966912   3.1871708  39.4205783  9.773  0.545       1.708   5.7006  38.1802   -14.39    -2.36     0.21    5.258  nan      nan    nan   0.853     nan                            Gaia_DR3     -26.144      -8.150     -24.251       0.012      -8.212       0.009
Gaia DR3 2877581633954447104   2.3972109  37.2461852 19.609  2.868       4.056   7.5816  38.3259   -13.84      nan      nan    4.079  nan      nan    nan   1.066     nan                                None     -20.359      -6.958     -23.455       0.427      -8.566       0.253
Gaia DR3 2880242486454093440   1.0845055  37.1622191 17.859  2.605       4.961   8.3958  38.3734   -13.40      nan      nan    4.158  nan      nan    nan   1.041     nan                                None     -20.870      -7.399     -17.642       0.115     -10.313       0.076
Gaia DR3 2876277583099427328   4.7169628  35.4212104 17.478  2.559       4.810   7.9873  38.3765   -14.36      nan      nan    4.115  nan      nan    nan   0.997     nan                                None     -20.304      -6.919     -16.210       0.132      -6.111       0.098
 Gaia DR3 363342314708416768  15.8366637  35.8420073 16.707  2.593       3.076   8.2063  38.4454   -17.96      nan      nan    5.039  nan      nan    nan   1.002     nan                                None     -22.943      -5.635     -26.004       0.060      -6.779       0.053
 Gaia DR3 383769243593484416   3.3316635  42.1465210 19.275  2.986       3.615   4.6257  38.5862   -14.77      nan      nan    5.332  nan      nan    nan   1.070     nan                                None     -26.495      -7.441     -24.843       0.230     -11.154       0.181
 Gaia DR3 361982253184457216  11.1911263  33.0032825 14.428  1.743       3.381   9.5454  38.8063   -16.18    -7.64     2.21    4.321  nan      nan    nan   0.959     nan                            Gaia_DR3     -20.459      -6.525     -18.226       0.020      -8.645       0.014
 Gaia DR3 315105399567857536  16.3071930  34.7703992 16.629  2.510       3.519   9.3128  38.8729   -18.01      nan      nan    4.882  nan      nan    nan   0.957     nan                                None     -22.135      -5.701     -18.633       0.071      -4.776       0.056
Gaia DR3 2862962153689475712   6.2028024  32.7250303 12.651  1.104       4.345  10.0952  39.0936   -14.47     3.39     1.12    4.627  nan      nan    nan   0.981     nan                            Gaia_DR3     -22.644      -8.112     -21.214       0.014     -12.102       0.013
 Gaia DR3 391542928239321600   8.2157078  49.2789520 18.954  2.936       3.819   6.8807  39.1001   -16.77      nan      nan    5.203  nan      nan    nan   1.001     nan                                None     -25.148      -3.543     -21.130       0.193      -2.360       0.158
Gaia DR3 2875769952325450752   3.3421524  34.1627664 10.816  0.746       4.774   9.6264  39.1189   -13.71    -2.70     0.24    4.827  nan      nan    nan   0.889     nan                            Gaia_DR3     -23.982      -8.757     -19.426       0.017      -7.071       0.015
Gaia DR3 1939918908060582272 359.7714244  49.4874673 19.076  2.874       4.692   9.7693  39.2668   -14.54      nan      nan    4.799  nan      nan    nan   1.010     nan                                None     -24.210      -5.868     -19.466       0.218      -6.041       0.199
Gaia DR3 1938983159245976832 356.4907471  46.4926965 15.067  1.990       2.556  10.1511  39.3296   -13.27     2.41     3.76    4.502  nan      nan    nan   1.027     nan                            Gaia_DR3     -22.948      -7.166     -22.058       0.019      -4.909       0.018
 Gaia DR3 372799347363255680  18.1520826  41.3894381 16.754  2.508       2.298   6.4696  39.4672   -19.04      nan      nan    5.249  nan      nan    nan   1.057     nan                                None     -23.368      -3.288     -24.962       0.083      -1.307       0.060
 Gaia DR3 414906661275979392  13.2910563  50.1177877 17.391  2.916       3.204   8.0717  39.6508   -18.09      nan      nan    5.107  nan      nan    nan   1.102     nan                                None     -23.782      -1.565     -26.846       0.091      -3.150       0.091
Gaia DR3 2877278413559451776   3.0366664  36.2667128 16.360  2.224       3.087   7.9904  39.7853   -13.92      nan      nan    4.077  nan      nan    nan   1.035     nan                                None     -20.284      -7.022     -20.114       0.053      -9.670       0.031
 Gaia DR3 399937463296225024  21.0611279  48.2899531 16.769  2.674       2.808   9.9365  39.7859   -19.96      nan      nan    4.794  nan      nan    nan   1.007     nan                                None     -20.682       0.128     -17.987       0.091       1.015       0.079
 Gaia DR3 361646794763627520  10.0760924  32.8507812 18.075  3.186       4.554   9.6205  39.8398   -15.79      nan      nan    4.879  nan      nan    nan   0.998     nan                                None     -23.287      -7.655     -23.982       0.160     -12.288       0.116
 Gaia DR3 404382853232068992  17.2028369  51.0868524 19.137  3.177       2.955  10.0710  39.9755   -19.05      nan      nan    4.382  nan      nan    nan   0.991     nan                                None     -19.694       0.006     -17.591       0.265      -1.735       0.207
 Gaia DR3 365121801263321216   8.1609604  34.1949380 18.583  3.079       3.968   8.3417  39.9958   -15.33      nan      nan    4.103  nan      nan    nan   1.008     nan                                None     -19.842      -6.486     -16.929       0.160      -8.302       0.147
