GaiaDR3                               RA         DEC   Gmag  Bp-Rp  Voff(km/s) Sep(deg)   3D(pc) Vr(pred)  Vr(obs)    Vrerr Plx(mas)  SpT    FnuvJ  W1-W3    RUWE  XCrate                               RVsrc    PMRApred   PMDecpred        PMRA     PMRAerr       PMDec    PMDecerr
Gaia DR3 1331356474971716992 247.6229689  38.3475422  8.027  0.726       0.000   0.0000   0.0000   -17.93      nan      nan   13.120  nan      nan    nan   0.931     nan                                None     -77.963      52.682     -77.963       0.015      52.682       0.020
Gaia DR3 1381374388494578688 246.7085122  42.3035083 18.068  3.656       1.127   4.0169   5.7522   -16.24      nan      nan   12.792  nan      nan    nan   0.940     nan                                None     -77.119      53.759     -79.399       0.115      55.768       0.159
Gaia DR3 1330632102967333760 243.7346356  37.3681606 14.731  2.973       2.744   3.2221   9.7632   -16.69      nan      nan   14.854  nan      nan    nan   1.934     nan                                None     -93.556      54.926    -101.872       0.033      57.084       0.041
Gaia DR3 1378819814960748288 244.0020627  38.3012977 18.406  3.722       2.864   2.8408  12.5559   -16.51      nan      nan   11.351  nan      nan    nan   0.956     nan                                None     -71.227      42.826     -75.118       0.114      48.466       0.182
Gaia DR3 1408949010543591936 252.4956462  48.6796203 16.288  3.150       1.405  10.9137  14.4562   -15.75      nan      nan   13.210  nan      nan    nan   1.050     nan                                None     -72.085      65.953     -74.526       0.039      69.012       0.046
Gaia DR3 1325102212315153920 248.9394017  33.5379661 14.822  2.481       1.586   4.9261  14.4686   -20.00      nan      nan   11.256  nan      nan    nan   3.104     nan                                None     -65.457      42.308     -62.203       0.047      40.416       0.065
Gaia DR3 1342080183677284480 264.3934680  35.9606227 19.374  3.777       1.882  13.5580  18.3576   -24.40      nan      nan   14.310  nan      nan    nan   1.098     nan                                None     -58.880      67.612     -60.889       0.273      62.302       0.281
Gaia DR3 1411226580161084160 246.8816227  49.0030828 10.895  1.520       2.248  10.6689  19.7329   -13.86      nan      nan   16.365  nan      nan    nan   1.051     nan                                None     -98.391      75.068     -90.659       0.012      74.473       0.013
Gaia DR3 1381814330585152256 242.7701923  41.7136948 19.554  3.275       2.333   5.0122  20.2001   -14.94      nan      nan   10.527  nan      nan    nan   1.104     nan                                None     -67.187      40.874     -71.059       0.318      37.437       0.316
Gaia DR3 1393018220928298752 227.1946126  42.4998916 12.449  1.889       0.733  16.0521  21.2664    -8.06      nan      nan   13.142  nan      nan    nan   1.102     nan                                None     -98.215      34.768     -96.643       0.010      36.052       0.012
Gaia DR3 1375638889167742592 232.3743423  36.8431914 17.888  3.580       1.390  12.1612  21.6102   -11.77      nan      nan   11.240  nan      nan    nan   0.915     nan                                None     -80.570      32.171     -83.862       0.086      32.090       0.124
Gaia DR3 1349627815605078272 268.7203406  45.1097074 16.157  3.020       2.413  17.0708  23.2459   -21.50      nan      nan   12.632  nan      nan    nan   0.982     nan                                None     -45.212      71.859     -44.359       0.042      78.228       0.046
Gaia DR3 4604312869548341248 268.4452533  33.5552027 13.395  2.151       2.875  17.4808  23.3004   -26.40      nan      nan   12.982  nan      nan    nan   1.014     nan                                None     -46.918      60.443     -39.053       0.012      60.197       0.011
Gaia DR3 1377548397267187840 236.4733079  39.0072142 14.847  2.487       2.632   8.7237  23.6290   -13.10      nan      nan   10.423  nan      nan    nan   1.534     nan                                None     -71.764      34.087     -66.137       0.023      32.756       0.027
Gaia DR3 1313349841763427200 252.9209943  32.4559788 15.520  2.310       2.300   7.3016  24.1431   -21.89      nan      nan   10.234  nan      nan    nan   1.045     nan                                None     -55.394      39.787     -60.254       0.023      40.790       0.034
Gaia DR3 1377548401563372160 236.4732803  39.0075877 17.005    nan       2.563   8.7238  24.1804   -13.10      nan      nan   10.355  nan      nan    nan   1.132     nan                                None     -71.296      33.865     -65.942       0.121      32.243       0.083
Gaia DR3 1621785840017564288 241.5192619  56.8719657 11.085  1.082       2.543  18.9577  25.2223    -9.24      nan      nan   13.006  nan      nan    nan   2.495     nan                                None     -84.395      57.930     -77.898       0.053      60.466       0.058
Gaia DR3 1621785840018314880 241.5196125  56.8718240 10.212  1.137       2.305  18.9575  25.3042    -9.24      nan      nan   12.937  nan      nan    nan   2.952     nan                                None     -83.942      57.620     -88.629       0.059      53.431       0.052
Gaia DR3 1597839748074952192 236.1836643  54.3398868 13.512  2.319       2.569  17.7837  25.3114    -8.44      nan      nan   12.119  nan      nan    nan   2.159     nan                                None     -83.702      46.737     -78.822       0.054      51.124       0.064
Gaia DR3 1204321718997030400 239.6994078  20.5465827  9.120  0.811       1.871  19.0712  25.3620   -19.02      nan      nan   13.015  nan      nan    nan   0.929     nan                                None     -86.391      30.726     -84.212       0.012      26.078       0.012
Gaia DR3 4599425883959485440 259.9355719  29.5939064 15.836  2.909       2.433  13.4271  25.3960   -25.33      nan      nan   10.829  nan      nan    nan   1.042     nan                                None     -50.262      42.845     -51.895       0.029      37.537       0.038
Gaia DR3 1388742151488557696 228.9768807  39.4767586 17.395  3.804       2.204  14.5266  25.9226    -9.55      nan      nan   17.770  nan      nan    nan   0.963     nan                                None    -131.059      47.963    -131.723       0.076      39.734       0.101
Gaia DR3 1298808933628842752 247.3920447  22.7273000 14.018  2.740       1.978  15.6215  26.4951   -22.29      nan      nan   17.653  nan      nan    nan   1.100     nan                                None    -105.286      50.121     -99.830       0.013      55.062       0.015
Gaia DR3 1203333670361082368 239.7579275  19.2640003 10.490  1.132       2.809  20.2687  26.9825   -19.30      nan      nan   12.977  nan      nan    nan   1.095     nan                                None     -86.080      29.493     -93.528       0.018      27.596       0.018
Gaia DR3 1203333670361081216 239.7641137  19.2589396 14.972  2.620       2.547  20.2717  27.0108   -19.31      nan      nan   12.958  nan      nan    nan   1.112     nan                                None     -85.943      29.447     -92.134       0.026      26.274       0.027
Gaia DR3 2123145824977437184 272.1521971  50.1451528 15.875  2.990       2.942  21.0101  27.4103   -19.66      nan      nan   14.491  nan      nan    nan   1.005     nan                                None     -45.501      90.125     -43.170       0.038      98.804       0.040
Gaia DR3 4559424718932193664 252.5776786  17.5769879 12.559  1.976       1.396  21.2173  28.4813   -25.74      nan      nan   15.635  nan      nan    nan   1.323     nan                                None     -85.190      40.053     -83.331       0.013      35.845       0.012
Gaia DR3 4603418107602413824 272.4552599  32.5021667 14.156  2.320       1.421  20.9896  28.5814   -27.74      nan      nan   12.560  nan      nan    nan   1.024     nan                                None     -38.944      58.766     -38.703       0.015      62.521       0.016
Gaia DR3 1375589312360699904 232.6152917  36.7955898 14.987  2.565       2.812  11.9822  28.7635   -11.89      nan      nan   10.144  nan      nan    nan   1.158     nan                                None     -72.560      29.198     -68.750       0.021      33.850       0.028
Gaia DR3 1268848208139775360 226.2081236  28.1312712 14.226  2.656       2.305  20.5450  28.8257   -10.38      nan      nan   16.495  nan      nan    nan   9.600     nan                                None    -124.119      34.311    -123.605       0.108      26.311       0.131
Gaia DR3 1205331654786565888 243.5713720  21.3718164 14.102  2.627       2.749  17.3303  28.8598   -20.79      nan      nan   18.201  nan      nan    nan   1.125     nan                                None    -114.903      46.922    -104.372       0.015      47.489       0.016
Gaia DR3 1600035129199827968 226.5737348  54.0857973 18.872  0.902       1.434  21.2806  28.8886    -5.15      nan      nan   12.603  nan      nan    nan   1.049     nan                                None     -94.594      36.135     -90.941       0.221      37.220       0.208
Gaia DR3 1209823469025345536 235.3790861  18.7049797 12.929  2.139       2.433  22.3450  29.0664   -17.07      nan      nan   13.741  nan      nan    nan   1.203     nan                                None     -95.696      28.390     -99.225       0.022      22.288       0.014
Gaia DR3 1299241423952395776 246.8512429  23.9654526 15.897  2.761       2.321  14.3971  29.3672   -21.75      nan      nan   10.389  nan      nan    nan   1.014     nan                                None     -62.489      30.305     -66.087       0.023      26.716       0.033
Gaia DR3 1323148998627096320 240.6892405  32.5946651 17.973  4.377       2.565   8.0562  29.6759   -16.72      nan      nan   20.930  nan      nan    nan   1.056     nan                                None    -137.249      67.142    -135.914       0.103      78.380       0.136
Gaia DR3 1380663077486961280 243.9723417  39.9716162 16.792  3.014       2.356   3.2631  29.9278   -15.97      nan      nan    9.460  nan      nan    nan   1.044     nan                                None     -59.387      36.618     -59.218       0.043      41.314       0.060
