GaiaDR3                               RA         DEC   Gmag  Bp-Rp  Voff(km/s) Sep(deg)   3D(pc) Vr(pred)  Vr(obs)    Vrerr Plx(mas)  SpT    FnuvJ  W1-W3    RUWE  XCrate                               RVsrc    PMRApred   PMDecpred        PMRA     PMRAerr       PMDec    PMDecerr
Gaia DR3 5178405479961698048  37.1555354  -7.0606678 10.096  0.886       0.000   0.0000   0.0000     1.44      nan      nan    9.463  nan      nan    nan   0.907     nan                                None      93.708      -1.717      93.708       0.022      -1.717       0.019
Gaia DR3 5178405479961475712  37.1559401  -7.0614845 11.829    nan       1.030   0.0009   0.5015     1.44      nan      nan    9.508  nan      nan    nan   1.056     nan                                None      94.155      -1.725      94.240       0.021      -3.787       0.018
Gaia DR3 2489885454519369216  34.8247296  -4.0845750 13.124  2.039       0.064   3.7732  12.9091    -0.51      nan      nan   10.574  nan      nan    nan   1.309     nan                                None     104.745      -2.386     104.769       0.026      -2.246       0.019
Gaia DR3 5158794689352163584  42.5355464 -12.5756808 18.529  3.842       2.334   7.6481  15.4433     5.81      nan      nan   10.167  nan      nan    nan   0.901     nan                                None      99.972       0.513      96.290       0.212       3.901       0.199
Gaia DR3 2489885450225213056  34.8250454  -4.0839263 13.639  2.219       1.788   3.7736  15.6817    -0.51      nan      nan   10.942  nan      nan    nan   1.957     nan                                None     108.389      -2.469     104.484       0.044      -3.794       0.032
Gaia DR3 2506398362526603520  31.5592038  -1.6949643 17.783  3.306       0.580   7.7398  16.0120    -3.23      nan      nan    8.925  nan      nan    nan   0.951     nan                                None      88.199      -2.121      88.543       0.153      -3.155       0.114
Gaia DR3 2501084457189174784  35.5385238   0.4333386 17.864  3.585       2.573   7.6657  17.0948    -0.01      nan      nan   10.520  nan      nan    nan   1.117     nan                                None     104.214      -2.287      99.500       0.241       0.930       0.172
Gaia DR3 2504406906450737408  27.2563731  -3.3543532 19.770  0.975       2.587  10.5302  19.4161    -6.69      nan      nan    9.443  nan      nan    nan   1.029     nan                                None      92.574      -2.838      87.841       0.575      -0.808       0.288
Gaia DR3 5144389403401531776  33.3764336 -17.2509188 18.787  0.575       2.456  10.8374  20.1990    -1.39      nan      nan    9.309  nan      nan    nan   1.026     nan                                None      92.153      -2.965      92.431       0.228       1.846       0.197
Gaia DR3 2516208965479084288  36.9796808   5.0084328 13.996  2.122       2.608  12.0704  22.4028     1.08      nan      nan    9.344  nan      nan    nan   1.057     nan                                None      92.538      -2.226      92.870       0.022      -7.353       0.019
Gaia DR3 2464172133858104704  26.7185210  -9.6545136 18.659  3.941       0.411  10.6458  23.1135    -6.93      nan      nan   10.931  nan      nan    nan   1.133     nan                                None     107.008      -5.128     107.542       0.287      -5.911       0.173
Gaia DR3 2465307242174403712  26.0219277  -8.7164373 16.906  2.817       2.798  11.1511  24.4636    -7.52      nan      nan    8.538  nan      nan    nan   0.987     nan                                None      83.416      -3.954      79.055       0.075      -1.436       0.062
Gaia DR3 2515314993806386816  36.7685466   2.9442007 18.295  3.825       2.529  10.0123  24.5794     0.95      nan      nan   11.397  nan      nan    nan   2.716     nan                                None     112.884      -2.599     107.116       0.636      -0.686       0.531
Gaia DR3 5165804247778231680  48.5191637 -10.8579551 19.886  3.226       0.205  11.8474  24.7823    10.55      nan      nan   10.935  nan      nan    nan   1.033     nan                                None     105.564       2.248     105.272       0.605       2.620       0.744
Gaia DR3 5178569749575280768  37.9484504  -6.1704192 19.913  3.142       1.170   1.1887  24.8996     2.07      nan      nan    7.665  nan      nan    nan   1.097     nan                                None      75.871      -1.314      77.060       0.777      -2.783       0.629
Gaia DR3 2460421905854133888  26.5172536 -12.0235895 13.271  2.026       2.695  11.6022  26.5511    -6.99      nan      nan   11.415  nan      nan    nan   1.036     nan                                None     111.687      -6.122     106.321       0.020      -9.762       0.011
Gaia DR3 5106316584202681216  48.1645563 -16.9892874 14.404  2.170       0.640  14.6345  27.1075    10.12      nan      nan    9.352  nan      nan    nan   1.119     nan                                None      90.403       3.972      90.149       0.021       5.207       0.021
  Gaia DR3 18973864138749184  40.3213509   7.3970857 17.853  3.714       2.796  14.7985  27.4368     3.75      nan      nan   10.283  nan      nan    nan   1.017     nan                                None     101.514      -3.310      95.543       0.178      -2.269       0.163
Gaia DR3 2516340597636815360  37.4294072   5.4272574 14.284  2.066       2.187  12.4909  27.6822     1.44      nan      nan    8.418  nan      nan    nan   1.071     nan                                None      83.349      -2.082      80.441       0.025      -4.651       0.023
Gaia DR3 3261640740593942528  52.5113019  -1.7566993 15.477  2.440       2.541  16.1975  29.7608    13.73      nan      nan    9.472  nan      nan    nan   0.992     nan                                None      89.751      -1.218      88.854       0.040       3.775       0.036
