GaiaDR3                               RA         DEC   Gmag  Bp-Rp  Voff(km/s) Sep(deg)   3D(pc) Vr(pred)  Vr(obs)    Vrerr Plx(mas)  SpT    FnuvJ  W1-W3    RUWE  XCrate                               RVsrc    PMRApred   PMDecpred        PMRA     PMRAerr       PMDec    PMDecerr
Gaia DR3 2428162410789155328   4.7730127  -9.9661924  9.317  1.690       0.000   0.0000   0.0000   -10.72   -10.72     0.19   49.476  nan      nan    nan   0.908     nan                            Gaia_DR3     -36.325    -301.491     -36.325       0.022    -301.491       0.013
Gaia DR3 2309132133824849152   4.6864560 -34.8387413 11.791  2.577       0.511  24.8727  10.1001     2.43    25.03     0.34   42.033  nan      nan    nan   1.376     nan                            Gaia_DR3     -31.069    -272.326     -26.739       0.017    -273.636       0.026
Gaia DR3 2781872793183604096  12.2446034  16.9397524  4.926  0.686       1.870  27.9018  10.9559   -22.94      nan      nan   42.751  nan      nan    nan   1.007     nan                                None     -12.879    -187.726      -2.468       0.133    -200.976       0.072
Gaia DR3 2453982689020814080  25.0201638 -13.9123309 11.090  2.068       2.382  20.1896  13.4678    -8.94     9.13     0.24   32.797  nan      nan    nan   1.157     nan                            Gaia_DR3      14.654    -204.891      24.345       0.035    -218.210       0.018
Gaia DR3 4977352700720504192   4.0079181 -48.2619588 10.552  2.362       1.521  38.3012  15.2665     9.52     7.38     0.20   40.672  nan      nan    nan  11.091     nan                            Gaia_DR3     -31.641    -251.195     -40.368       0.243    -260.891       0.396
Gaia DR3 2815503108666238464 348.4697245  14.4738463 12.852  2.635       1.988  29.3025  15.6698   -20.16     9.31     1.07   33.581  nan      nan    nan   1.503     nan                            Gaia_DR3     -54.599    -157.721     -44.594       0.039    -147.827       0.028
Gaia DR3 1878388180082512000 333.9782791  23.3498975 15.050  3.815       1.360  44.9146  16.5060   -21.17    -0.18     4.35   44.233  nan      nan    nan   0.752     nan                            Gaia_DR3    -102.209    -185.012    -114.269       0.075    -181.086       0.083
Gaia DR3 1878388180081101440 333.9778693  23.3498717 15.707    nan       2.309  44.9148  16.5911   -21.17      nan      nan   43.907  nan      nan    nan   0.660     nan                                None    -101.457    -183.649    -115.632       0.077    -199.640       0.097
Gaia DR3 3299381442858615936  64.3278246   8.8211053 12.235  3.125       2.824  62.1846  18.6047   -14.83     8.28     3.33   68.562  nan      nan    nan   1.572     nan                            Gaia_DR3     168.458    -355.975     133.639       0.045    -377.261       0.033
Gaia DR3 6535405413655067136 353.4026904 -42.2235787 11.473  2.513       1.526  33.7629  19.2048     7.09    35.18     4.21   30.883  nan      nan    nan   3.492     nan                            Gaia_DR3     -42.209    -192.075     -52.138       0.061    -191.805       0.043
Gaia DR3 1932297578791924992 341.0187763  40.4995716 10.523  2.078       2.259  55.0340  19.2745   -27.03    10.61     0.19   46.642  nan      nan    nan   1.172     nan                            Gaia_DR3     -92.997    -116.963     -71.207       0.017    -112.651       0.014
Gaia DR3 1932297578791925760 341.0256514  40.4994824 10.517  2.074       2.035  55.0314  19.2751   -27.03    12.06     0.16   46.635  nan      nan    nan   0.962     nan                            Gaia_DR3     -92.969    -116.941     -75.268       0.015    -126.265       0.012
Gaia DR3 5015644533185122304  23.5768363 -32.9314545 19.474  3.263       2.820  28.7626  19.3527     1.16      nan      nan   29.028  nan      nan    nan   1.102     nan                                None      10.529    -189.447      15.786       0.262    -173.009       0.212
 Gaia DR3 112157612034669440  47.6624696  25.6805779 12.915  2.762       2.424  54.8769  19.4825   -23.93   -24.86     0.83   45.584  nan      nan    nan   1.136     nan                            Gaia_DR3      77.285    -173.121      56.872       0.031    -184.350       0.025
Gaia DR3 2693778993853634304 328.0268909   1.9055877  7.958  1.039       1.674  38.4629  19.4856   -11.26   -26.61     0.13   32.559  nan      nan    nan   0.964     nan                            Gaia_DR3     -83.076    -180.198     -75.157       0.023    -188.519       0.023
 Gaia DR3 113202246862254976  44.0585626  23.9853926 13.213  3.207       2.265  51.2340  19.9869   -23.83    -8.95     3.52   40.083  nan      nan    nan   6.903     nan                            Gaia_DR3      60.507    -156.504      76.666       0.115    -166.753       0.093
Gaia DR3 2701893698904233216 325.7266672   8.0900641 17.053  1.180       2.848  42.8658  20.4084   -13.53      nan      nan   33.450  nan      nan    nan   0.956     nan                                None     -88.221    -175.981     -81.209       0.084    -194.800       0.094
Gaia DR3 2592744591203858304  22.8070326  16.9001892 12.421  2.672       1.483  32.2458  21.2810   -22.92    -1.52     1.02   28.216  nan      nan    nan  13.300     nan                            Gaia_DR3       8.966    -124.009       0.442       0.274    -126.269       0.181
 Gaia DR3 235263503724564608  51.6446716  39.4846572 12.796  2.977       1.803  65.8193  21.4128   -27.08   -79.72     0.58   52.175  nan      nan    nan   1.312     nan                            Gaia_DR3      98.768    -133.719      82.567       0.033    -145.165       0.029
 Gaia DR3 235263572444041856  51.6429417  39.4834111 13.118  3.054       2.686  65.8175  21.4538   -27.08   -78.35     0.67   51.954  nan      nan    nan   1.350     nan                            Gaia_DR3      98.345    -133.157      78.126       0.024    -154.525       0.022
Gaia DR3 5098091412593878016  50.7780873 -24.2254187 12.867  2.861       2.341  45.9821  22.0297    -1.22     0.49     0.54   32.681  nan      nan    nan   1.338     nan                            Gaia_DR3      60.484    -204.855      58.191       0.025    -220.818       0.027
 Gaia DR3 145333721838128896  65.4592471  21.3275605 11.831  2.625       1.252  67.2795  22.6425   -19.59    15.96     0.24   48.413  nan      nan    nan   1.264     nan                            Gaia_DR3     121.123    -213.454     123.135       0.032    -226.068       0.024
Gaia DR3 2377166992773369984   9.0894895 -11.8756547 12.491  2.268       2.470   4.6483  22.7444    -9.96   -15.07     0.54   23.348  nan      nan    nan   1.195     nan                            Gaia_DR3     -11.327    -144.175      -1.723       0.027    -151.632       0.034
Gaia DR3 5170135262735079552  39.5314512 -14.3372713 11.474  2.197       2.510  34.2265  23.3012    -7.72   -14.58     0.36   26.990  nan      nan    nan   1.733     nan                            Gaia_DR3      34.214    -167.524      46.247       0.030    -175.211       0.027
Gaia DR3 4610177733290768896 272.4041048  38.4556957  6.130  1.083       1.763  98.0196  24.3766   -13.31   -19.51     0.12   90.123  nan      nan    nan   1.038     nan                            Gaia_DR3    -292.756    -444.674    -316.454       0.018    -468.348       0.020
 Gaia DR3 532266024164292352  23.2910155  69.9689458 11.743  2.464       1.651  80.9500  25.6930   -30.42    -0.31     0.36   51.661  nan      nan    nan   1.133     nan                            Gaia_DR3      17.876      63.065       0.799       0.016      68.706       0.019
Gaia DR3 6777971834956516224 312.3252886 -37.9776475 12.219  2.364       0.517  54.5723  26.5428    11.07    -6.34     0.38   30.739  nan      nan    nan   1.306     nan                            Gaia_DR3     -93.727    -162.765     -94.507       0.026    -159.506       0.025
Gaia DR3 5599170330597007360 114.2373389 -30.4061600 12.275  2.849       2.104 101.2715  26.6586    15.10   -24.39     0.34   72.070  nan      nan    nan   1.202     nan                            Gaia_DR3     240.616    -334.095     223.826       0.018    -361.291       0.019
 Gaia DR3 451548332947465472  36.9283759  50.5784954 14.759  3.347       1.795  66.6837  26.8522   -30.08    51.51     3.12   36.491  nan      nan    nan   1.099     nan                            Gaia_DR3      41.049     -40.679      27.594       0.037     -43.778       0.061
Gaia DR3 6582020205549054720 320.8435879 -41.5531557  7.439  0.879       2.029  49.7881  26.9247    11.06     6.65     0.12   28.482  nan      nan    nan   0.984     nan                            Gaia_DR3     -79.903    -154.607     -73.088       0.024    -144.509       0.020
 Gaia DR3 451548332947464960  36.9272121  50.5794652 17.493  4.957       2.905  66.6840  27.0667   -30.09      nan      nan   36.102  nan      nan    nan   1.398     nan                                None      40.608     -40.240      18.780       0.194     -43.750       0.258
Gaia DR3 4998532215245335552   5.3841491 -37.7557323 16.649  0.413       2.684  27.7950  27.5736     3.96      nan      nan   22.835  nan      nan    nan   1.031     nan                                None     -15.965    -147.279     -28.662       0.044    -149.660       0.063
Gaia DR3 3305248917940526208  62.6660745  13.0703672 17.023  4.595       2.032  61.9150  27.6861   -16.94      nan      nan   32.579  nan      nan    nan   0.907     nan                                None      77.846    -160.618      84.579       0.176    -148.392       0.107
Gaia DR3 4168368844280868992 263.5353571  -8.8324259 14.108  3.332       1.577  99.3862  27.8451    10.45    48.39     1.32   61.966  nan      nan    nan   1.068     nan                            Gaia_DR3    -190.578    -330.597    -183.328       0.028    -311.311       0.019
 Gaia DR3 429775730677799168   2.6064255  62.2105365 12.540  2.721       2.742  72.1965  27.9131   -30.71   -14.05     0.48   37.880  nan      nan    nan   1.041     nan                            Gaia_DR3     -32.492       9.876     -28.679       0.016      31.441       0.019
Gaia DR3 2135550755683407232 295.4656128  50.5168016  6.073  0.826       2.569  84.9678  27.9286   -21.95   -27.87     0.12   47.330  nan      nan    nan   0.987     nan                            Gaia_DR3    -157.575    -151.579    -134.482       0.018    -162.698       0.027
Gaia DR3 2135550755684554112 295.4522685  50.5235594 13.847    nan       1.463  84.9782  27.9316   -21.95      nan      nan   47.329  nan      nan    nan   1.233     nan                                None    -157.577    -151.578    -152.718       0.205    -137.818       0.146
Gaia DR3 2135550755683405952 295.4529380  50.5243542  5.818  0.813       1.214  84.9781  27.9333   -21.95   -27.31     0.13   47.324  nan      nan    nan   1.007     nan                            Gaia_DR3    -157.559    -151.557    -148.034       0.028    -159.030       0.028
Gaia DR3 4251808514080675712 280.2087542  -8.0840308 12.504  2.815       1.985  83.2977  28.3153     5.71   -62.94     0.79   44.785  nan      nan    nan   1.127     nan                            Gaia_DR3    -149.418    -246.122    -132.074       0.026    -253.233       0.023
Gaia DR3 5864005027836957952 202.9138581 -65.2181658 17.355  4.993       2.348 103.6028  28.5249    30.80      nan      nan   62.781  nan      nan    nan   0.998     nan                                None     -20.342      43.137     -17.362       0.075      12.201       0.094
Gaia DR3 1470462322431834880 205.6796934  33.2869239 10.720  2.765       2.578 149.7799  28.5323    -1.41     6.01     0.15  108.790  nan      nan    nan   0.894     nan                            Gaia_DR3     -52.778    -708.899    -111.805       0.033    -712.408       0.028
Gaia DR3 3382815271394515072 100.3164640  23.9564863  7.743  1.262       1.344  99.0455  28.5662   -12.59   -44.59     0.13   57.945  nan      nan    nan   1.044     nan                            Gaia_DR3     193.370    -287.357     205.776       0.027    -276.604       0.020
Gaia DR3 6882305283587467392 316.6787507 -16.8435103 18.960  3.589       2.276  47.1755  28.7485     0.24      nan      nan   26.061  nan      nan    nan   1.013     nan                                None     -76.429    -152.369     -64.546       0.362    -148.481       0.312
Gaia DR3 6641403625973393152 296.8212412 -54.9813667 14.779  2.976       2.462  69.2741  29.4264    20.28   -65.09     6.26   33.665  nan      nan    nan   1.404     nan                            Gaia_DR3    -111.673    -123.587    -117.848       0.265    -139.929       0.302
Gaia DR3 2917239476478912512  88.4814354 -22.7837095 15.364  4.072       1.523  80.4137  29.4423     5.54      nan      nan   39.940  nan      nan    nan   1.582     nan                                None     127.062    -223.448     138.994       0.044    -218.751       0.065
Gaia DR3 3073508528645520000 128.6088869  -1.1461843 11.517  2.596       0.257 123.0139  29.7503     6.30    60.39     0.29   74.414  nan      nan    nan   1.178     nan                            Gaia_DR3     233.258    -415.603     231.910       0.030    -419.394       0.024
