GaiaDR3                               RA         DEC   Gmag  Bp-Rp  Voff(km/s) Sep(deg)   3D(pc) Vr(pred)  Vr(obs)    Vrerr Plx(mas)  SpT    FnuvJ  W1-W3    RUWE  XCrate                               RVsrc    PMRApred   PMDecpred        PMRA     PMRAerr       PMDec    PMDecerr
Gaia DR3 3291455819447952768  74.5523328   9.9979788  9.458  0.257       0.000   0.0000   0.0000    21.80    24.26     1.39    3.143  nan      nan    nan   0.949     nan                            Gaia_DR3      -2.702      -5.059      -2.702       0.024      -5.059       0.019
Gaia DR3 3294551322637418752  73.8735774  10.6104388 15.054  1.557       2.079   0.9061   6.2918    21.76    29.92     4.99    3.107  nan      nan    nan   4.989     nan                            Gaia_DR3      -2.493      -5.158      -2.136       0.168      -3.845       0.127
Gaia DR3 3289805452495425280  73.4479824   9.1327125 13.369  1.139       2.480   1.3909   9.8938    21.99    19.02     1.32    3.206  nan      nan    nan   0.967     nan                            Gaia_DR3      -2.458      -4.946      -2.157       0.019      -6.594       0.013
Gaia DR3 3290804083930566912  76.5171196   9.5272881 13.354  1.087       0.542   1.9927  11.3291    21.71    21.65     2.00    3.121  nan      nan    nan   1.024     nan                            Gaia_DR3      -3.196      -4.889      -3.228       0.020      -5.244       0.014
Gaia DR3 3290167599840672128  75.2401208   7.9389214 17.050  2.420       2.993   2.1682  13.6920    22.01      nan      nan    3.211  nan      nan    nan   1.060     nan                                None      -2.945      -4.630      -2.388       0.107      -6.578       0.067
Gaia DR3 3294741984826555520  72.0749859  10.7052846 17.335  2.526       2.672   2.5376  14.2094    21.86      nan      nan    3.165  nan      nan    nan   1.027     nan                                None      -2.060      -5.292      -0.411       0.102      -4.616       0.073
Gaia DR3 3295124438777154432  75.6977785  11.8395513 19.317  2.849       1.029   2.1578  14.4473    21.46      nan      nan    3.227  nan      nan    nan   1.036     nan                                None      -3.084      -5.657      -3.173       0.305      -4.962       0.248
Gaia DR3 3291548762540039936  74.7415266  10.5388334 18.459  2.898       2.233   0.5720  14.5621    21.71      nan      nan    3.009  nan      nan    nan   0.986     nan                                None      -2.634      -4.972      -4.013       0.265      -5.296       0.188
Gaia DR3 3291912765312479232  75.5673401  10.8913065 18.149  2.334       1.669   1.3395  14.5918    21.61      nan      nan    3.273  nan      nan    nan   1.148     nan                                None      -3.092      -5.493      -2.000       0.193      -5.857       0.142
Gaia DR3 3290935608713588096  77.0348661   9.9424809 18.507  2.880       2.045   2.4457  15.3932    21.61      nan      nan    3.219  nan      nan    nan   1.070     nan                                None      -3.435      -5.144      -4.823       0.269      -5.164       0.214
Gaia DR3 3291612529918900608  76.5047783  10.0837162 18.157  2.926       2.989   1.9244  15.5589    21.64      nan      nan    3.261  nan      nan    nan   0.945     nan                                None      -3.336      -5.253      -1.314       0.183      -4.884       0.141
Gaia DR3 3291394242501120256  73.8476701   9.6968910 18.689  2.920       1.051   0.7568  15.7632    21.89      nan      nan    3.000  nan      nan    nan   1.036     nan                                None      -2.401      -4.762      -1.961       0.228      -5.260       0.166
Gaia DR3 3295691889856507264  72.7379446  11.9045369 19.314  2.956       2.526   2.6092  15.7801    21.65      nan      nan    3.210  nan      nan    nan   1.016     nan                                None      -2.269      -5.671      -0.693       0.361      -6.332       0.262
Gaia DR3 3293224040304163072  71.6827788  10.3178792 15.795  2.145       1.410   2.8426  15.8422    21.93      nan      nan    3.133  nan      nan    nan   2.560     nan                                None      -1.936      -5.144      -1.765       0.115      -6.059       0.080
Gaia DR3 3288575197766938624  73.4050271   7.3766864 18.858  3.170       1.677   2.8561  15.9818    22.20      nan      nan    3.127  nan      nan    nan   1.018     nan                                None      -2.386      -4.377      -1.288       0.259      -4.499       0.203
Gaia DR3 3289398701912919936  73.0924612   7.7737088 16.830  2.236       0.349   2.6509  16.9945    22.18      nan      nan    3.064  nan      nan    nan   1.095     nan                                None      -2.258      -4.390      -2.231       0.085      -4.614       0.059
Gaia DR3 3290920524787610112  77.6436870  10.1937906 17.667  2.594       1.597   3.0498  17.3368    21.53      nan      nan    3.111  nan      nan    nan   0.967     nan                                None      -3.477      -5.027      -3.340       0.115      -3.988       0.093
Gaia DR3 3242028579890592640  77.3126215   8.3499301 19.344  0.669       2.463   3.1845  17.6873    21.79      nan      nan    3.141  nan      nan    nan   0.996     nan                                None      -3.425      -4.617      -2.303       0.445      -3.433       0.335
Gaia DR3 3288318225579961344  74.2673720   6.8104579 15.259  2.129       1.465   3.2000  17.7809    22.21    15.47     9.13    3.156  nan      nan    nan   0.976     nan                            Gaia_DR3      -2.638      -4.267      -3.524       0.037      -4.672       0.027
Gaia DR3 3291024364212607104  74.3310699   8.6253725 19.658  2.612       2.722   1.3899  18.1162    21.99      nan      nan    3.315  nan      nan    nan   1.042     nan                                None      -2.788      -4.971      -4.289       0.548      -6.138       0.434
Gaia DR3 3289393238714624256  72.7133273   7.6753983 17.030  2.375       2.193   2.9489  18.2477    22.21      nan      nan    3.069  nan      nan    nan   0.988     nan                                None      -2.163      -4.375      -3.577       0.083      -4.250       0.065
Gaia DR3 3296226493026062848  73.9725519  12.9263884 18.489  3.093       1.210   2.9830  18.4146    21.42      nan      nan    3.069  nan      nan    nan   0.972     nan                                None      -2.489      -5.661      -2.743       0.220      -4.921       0.175
Gaia DR3 3289820566483807872  73.0401673   8.9602099 17.358  2.574       1.092   1.8170  19.2129    22.03      nan      nan    3.315  nan      nan    nan   0.985     nan                                None      -2.428      -5.070      -2.880       0.109      -4.455       0.076
Gaia DR3 3295709035365715200  72.5204311  12.0889206 18.161  2.736       2.644   2.8894  19.5208    21.64      nan      nan    3.041  nan      nan    nan   1.036     nan                                None      -2.094      -5.419      -0.403       0.165      -5.294       0.119
Gaia DR3 3391379019567618432  76.5750747  13.0140528 15.852  2.264       0.737   3.6089  20.0631    21.22      nan      nan    3.161  nan      nan    nan   2.017     nan                                None      -3.252      -5.823      -3.171       0.092      -5.338       0.065
Gaia DR3 3289466287519606144  74.0372022   7.9630842 10.671  0.725       0.865   2.0975  20.2507    22.09   -22.52     0.59    2.989  nan      nan    nan   1.684     nan                            Gaia_DR3      -2.440      -4.324      -2.284       0.028      -4.846       0.021
Gaia DR3 3289290468734822144  71.8755124   7.9627315 19.735  2.680       1.055   3.3365  20.6352    22.22      nan      nan    3.241  nan      nan    nan   1.090     nan                                None      -2.055      -4.700      -2.440       0.530      -5.310       0.422
Gaia DR3 3291998046182848896  75.9729215  11.0348938 18.421  2.392       2.945   1.7395  20.7374    21.55      nan      nan    2.973  nan      nan    nan   1.073     nan                                None      -2.909      -5.019      -2.904       0.232      -6.865       0.164
Gaia DR3 3292731901474800256  72.1742425   8.8114288 18.094  3.026       2.200   2.6291  21.1314    22.10      nan      nan    3.305  nan      nan    nan   1.087     nan                                None      -2.179      -5.020      -1.166       0.218      -3.869       0.150
Gaia DR3 3291482551324374656  74.6902909  10.1848041 15.279  2.060       1.823   0.2310  21.2182    21.77   -37.36    12.40    2.947  nan      nan    nan   0.996     nan                            Gaia_DR3      -2.567      -4.787      -1.649       0.036      -5.449       0.028
Gaia DR3 3288926564747568640  72.2761814   7.0256409 13.093  0.990       2.593   3.7284  21.2977    22.31    -1.30     1.44    3.100  nan      nan    nan   1.032     nan                            Gaia_DR3      -2.071      -4.256      -2.658       0.015      -5.846       0.012
Gaia DR3 3388349006039325440  76.6807299  12.6702781 14.517  1.516       1.984   3.3905  21.4383    21.26   -20.09     3.18    3.254  nan      nan    nan   1.099     nan                            Gaia_DR3      -3.376      -5.904      -4.665       0.028      -5.466       0.022
Gaia DR3 3241908866267737984  77.2942227   7.4996664 18.933  2.789       2.811   3.6857  21.5047    21.89      nan      nan    3.217  nan      nan    nan   0.946     nan                                None      -3.502      -4.509      -2.679       0.297      -6.228       0.227
Gaia DR3 3293046400456975872  70.6433190   9.3206081 18.162  3.003       2.077   3.9126  21.7214    22.11      nan      nan    3.143  nan      nan    nan   1.309     nan                                None      -1.665      -4.913      -3.040       0.190      -4.853       0.155
Gaia DR3 3240284410853406720  75.6732880   6.5847225 16.205  2.243       2.586   3.5889  21.7538    22.13      nan      nan    3.238  nan      nan    nan   1.044     nan                                None      -3.088      -4.310      -1.493       0.056      -5.067       0.040
Gaia DR3 3295442644314163968  74.2901632  12.5150711 18.938  2.917       0.393   2.5302  22.9022    21.46      nan      nan    3.336  nan      nan    nan   0.997     nan                                None      -2.794      -6.041      -3.061       0.405      -5.968       0.269
Gaia DR3 3388062617621086976  77.4769109  11.9259844 17.850  3.005       2.885   3.4583  22.9654    21.30      nan      nan    3.028  nan      nan    nan   1.049     nan                                None      -3.343      -5.309      -4.458       0.153      -3.843       0.121
Gaia DR3 3391314766856916608  75.5975202  12.8729932 12.794  0.929       2.224   3.0520  23.1013    21.31    37.28     1.96    2.999  nan      nan    nan   1.015     nan                            Gaia_DR3      -2.841      -5.502      -3.690       0.024      -4.381       0.016
Gaia DR3 3240192081939532416  75.2389002   6.3747904 16.851  2.425       2.134   3.6863  23.2065    22.19      nan      nan    3.262  nan      nan    nan   1.073     nan                                None      -2.992      -4.288      -1.846       0.089      -5.206       0.063
Gaia DR3 3290453820758378368  77.5749114   8.6548958 16.340  2.566       1.478   3.2710  24.8194    21.73      nan      nan    2.989  nan      nan    nan   0.852     nan                                None      -3.324      -4.464      -2.584       0.074      -5.030       0.056
Gaia DR3 3391368028746975744  76.7501425  12.9996401 14.784  1.808       1.615   3.6942  24.8540    21.20   -13.35     5.24    3.016  nan      nan    nan   1.165     nan                            Gaia_DR3      -3.147      -5.550      -4.064       0.035      -5.088       0.025
Gaia DR3 3296066827619119872  71.7255858  13.0921158 14.171  1.628       1.663   4.1523  24.8860    21.53     3.95     4.81    3.061  nan      nan    nan   1.048     nan                            Gaia_DR3      -1.902      -5.704      -2.955       0.035      -5.913       0.021
Gaia DR3 3290705505841672192  78.2019567   9.9750960 12.957  0.989       2.325   3.5944  25.5316    21.50     1.50     1.77    2.999  nan      nan    nan   0.864     nan                            Gaia_DR3      -3.490      -4.788      -4.044       0.018      -3.427       0.014
Gaia DR3 3388428450050303488  78.6878540  12.5252407  9.254  0.104       1.461   4.7785  26.5719    21.10      nan      nan    3.173  nan      nan    nan   1.318     nan                                None      -3.821      -5.694      -3.103       0.160      -5.031       0.127
Gaia DR3 3295436081604358528  74.8232323  12.8281613 18.517  2.945       2.939   2.8426  26.6352    21.38      nan      nan    3.375  nan      nan    nan   1.043     nan                                None      -2.978      -6.189      -1.133       0.230      -7.174       0.177
Gaia DR3 3242297062591637376  79.1958778   8.6222175 15.132  1.734       2.278   4.7843  26.7342    21.58    21.56     6.86    3.187  nan      nan    nan   1.121     nan                            Gaia_DR3      -3.971      -4.735      -2.705       0.041      -3.875       0.029
Gaia DR3 3391864075994648320  76.9208370  13.8462682 17.282  3.249       1.471   4.4919  26.8885    21.06      nan      nan    3.256  nan      nan    nan   1.025     nan                                None      -3.444      -6.204      -3.231       0.109      -7.191       0.085
Gaia DR3 3242012946210795776  77.1744860   8.0400751 19.133  2.809       2.706   3.2464  27.0703    21.84      nan      nan    2.960  nan      nan    nan   0.979     nan                                None      -3.193      -4.278      -1.965       0.359      -5.437       0.292
Gaia DR3 3294944050151763200  73.1590923  11.9187012 19.002  3.077       2.011   2.3580  27.0765    21.62      nan      nan    2.927  nan      nan    nan   0.953     nan                                None      -2.173      -5.172      -0.952       0.321      -5.394       0.228
Gaia DR3 3288210129843358592  74.3705819   6.2472348 16.301  2.953       2.728   3.7551  27.1555    22.27      nan      nan    2.986  nan      nan    nan   1.031     nan                                None      -2.521      -3.899      -0.909       0.062      -4.489       0.050
Gaia DR3 3292458470973534720  70.1395959   8.3293777 14.999  1.700       2.572   4.6649  27.3053    22.26    -2.40     4.52    3.243  nan      nan    nan   0.979     nan                            Gaia_DR3      -1.579      -4.807      -2.458       0.030      -6.330       0.022
Gaia DR3 3290119496207788928  76.3581438   8.4865577 19.381  2.157       2.293   2.3369  27.4066    21.86      nan      nan    2.924  nan      nan    nan   1.167     nan                                None      -2.955      -4.337      -1.583       0.451      -3.996       0.378
Gaia DR3 3291320953179434112  73.8738755   9.5457992 18.185  2.655       1.884   0.8072  27.7566    21.91      nan      nan    2.894  nan      nan    nan   1.021     nan                                None      -2.323      -4.558      -1.197       0.157      -4.328       0.115
Gaia DR3 3308113485032773888  70.6788022  13.2155022 19.691  2.971       1.779   4.9744  27.9583    21.56      nan      nan    3.201  nan      nan    nan   1.056     nan                                None      -1.705      -6.004      -2.759       0.451      -6.579       0.339
Gaia DR3 3288927522523761152  72.4548372   7.0754822 19.059 -0.076       1.275   3.5836  28.0374    22.29      nan      nan    3.358  nan      nan    nan   1.025     nan                                None      -2.294      -4.623      -2.403       0.297      -5.519       0.224
Gaia DR3 3391472963388452096  76.8749035  13.6324915 12.794  1.049       2.038   4.2867  28.0893    21.09    14.02     1.90    3.308  nan      nan    nan   0.830     nan                            Gaia_DR3      -3.485      -6.248      -2.279       0.017      -6.999       0.014
Gaia DR3 3242055895883798528  78.8242420   7.5593768 13.777  1.250       1.431   4.8752  28.1389    21.74    29.49     2.51    3.234  nan      nan    nan   1.054     nan                            Gaia_DR3      -3.930      -4.535      -3.056       0.020      -4.967       0.016
Gaia DR3 3287686861095543040  73.2064973   5.4206077 18.719  3.119       1.892   4.7676  28.3778    22.43      nan      nan    3.055  nan      nan    nan   0.910     nan                                None      -2.280      -3.786      -1.927       0.248      -4.951       0.185
Gaia DR3 3241902681513906048  77.3585786   7.4873663 18.418  2.679       1.117   3.7410  28.4614    21.89      nan      nan    2.968  nan      nan    nan   0.991     nan                                None      -3.247      -4.156      -3.740       0.230      -4.651       0.166
Gaia DR3 3387237129201752704  78.8611617  11.5457644 17.607  2.702       2.133   4.5068  28.6201    21.22      nan      nan    3.298  nan      nan    nan   0.992     nan                                None      -4.018      -5.664      -4.114       0.137      -4.184       0.105
Gaia DR3 3391861228431567616  77.1297849  13.9784161  8.467  1.315       2.099   4.7114  28.7108    21.02    39.35     0.16    3.040  nan      nan    nan  10.282     nan                            Gaia_DR3      -3.268      -5.819      -4.532       0.203      -6.278       0.153
Gaia DR3 3292299312368876928  71.0420611   8.1561407 19.621  2.704       1.157   3.9251  28.7375    22.24      nan      nan    3.348  nan      nan    nan   1.146     nan                                None      -1.887      -4.912      -2.105       0.541      -4.125       0.408
Gaia DR3 3391732375117455872  75.7453708  14.0037112 18.167  2.875       0.821   4.1722  28.9417    21.13      nan      nan    2.988  nan      nan    nan   1.031     nan                                None      -2.867      -5.744      -2.674       0.239      -5.264       0.152
Gaia DR3 3392147032734121600  76.1767887  14.5020634 19.648  2.560       2.771   4.7755  28.9784    21.01      nan      nan    3.041  nan      nan    nan   1.078     nan                                None      -3.028      -5.959      -3.042       0.511      -4.182       0.372
Gaia DR3 3240336019180220928  75.8408553   7.0121551 14.184  1.407       2.547   3.2463  28.9862    22.07    -0.51     3.62    3.390  nan      nan    nan   1.382     nan                            Gaia_DR3      -3.280      -4.629      -4.341       0.029      -3.150       0.021
Gaia DR3 3392900090826452736  76.0066085  14.5523771 18.907  2.820       2.967   4.7708  29.0061    21.02      nan      nan    3.040  nan      nan    nan   1.012     nan                                None      -2.983      -5.970      -1.555       0.296      -7.225       0.202
Gaia DR3 3292598830504678784  70.8052912   8.9136317 12.548  1.039       0.520   3.8518  29.2265    22.16    -8.50     1.21    3.361  nan      nan    nan   0.949     nan                            Gaia_DR3      -1.827      -5.141      -1.763       0.016      -4.778       0.011
Gaia DR3 3393182875768668416  75.2179376  15.2250784 15.980  2.231       0.534   5.2673  29.4289    20.97      nan      nan    3.193  nan      nan    nan   1.039     nan                                None      -2.923      -6.447      -2.629       0.053      -6.239       0.039
Gaia DR3 3288609591865143936  73.6969528   7.6017495 17.924  2.320       2.365   2.5409  29.6942    22.16      nan      nan    2.907  nan      nan    nan   1.004     nan                                None      -2.290      -4.121      -2.175       0.142      -2.676       0.100
Gaia DR3 3388419374783148416  78.4400102  12.3581961 11.549  0.869       2.863   4.4849  29.7256    21.15    92.53     0.51    3.323  nan      nan    nan   0.980     nan                            Gaia_DR3      -3.933      -5.925      -5.385       0.020      -7.309       0.016
Gaia DR3 3241471883410764288  77.2565707   6.1341145 16.800  2.281       0.398   4.7006  29.7281    22.05      nan      nan    3.018  nan      nan    nan   1.074     nan                                None      -3.276      -3.896      -3.498       0.083      -4.019       0.065
