GaiaDR3                               RA         DEC   Gmag  Bp-Rp  Voff(km/s) Sep(deg)   3D(pc) Vr(pred)  Vr(obs)    Vrerr Plx(mas)  SpT    FnuvJ  W1-W3    RUWE  XCrate                               RVsrc    PMRApred   PMDecpred        PMRA     PMRAerr       PMDec    PMDecerr
Gaia DR3 2471334872292963456  20.9224402  -8.7018076 11.215  1.643       0.000   0.0000   0.0000   -12.85      nan      nan   16.811  nan      nan    nan   1.335     nan                                None    -117.921     -95.403    -117.921       0.036     -95.403       0.023
Gaia DR3 2482274463233174272  21.5744777  -4.6792108 16.212  3.263       2.234   4.0744   4.2632   -15.08      nan      nan   17.014  nan      nan    nan   1.106     nan                                None    -118.652     -93.192    -114.123       0.063     -99.800       0.037
Gaia DR3 2529569234347659904  12.7080501  -2.3510190 13.455    nan       1.829  10.3495  11.2914   -10.83      nan      nan   18.225  nan      nan    nan   1.275     nan                                None    -135.740     -96.550    -135.802       0.103     -89.524       0.105
Gaia DR3 2529569234347660288  12.7086724  -2.3507778  9.192  0.941       1.820  10.3491  11.4446   -10.83      nan      nan   18.376  nan      nan    nan   0.870     nan                                None    -136.863     -97.350    -141.217       0.020     -91.805       0.017
Gaia DR3 5149803639174596224  30.5602586 -12.7213123 18.018  0.741       2.376  10.2853  11.7524   -16.13      nan      nan   15.733  nan      nan    nan   1.053     nan                                None     -99.483     -95.950     -92.845       0.130    -100.199       0.099
Gaia DR3 2358860467768548608  15.1545602 -17.4377318 13.945  2.551       2.304  10.3832  12.4299    -5.35      nan      nan   19.150  nan      nan    nan   1.124     nan                                None    -140.454    -111.149    -132.422       0.024    -106.456       0.029
Gaia DR3 2353132561943511552  19.6935670 -21.9171151 15.266  2.838       2.356  13.2681  15.7883    -5.69      nan      nan   15.191  nan      nan    nan   1.098     nan                                None    -107.687     -92.483    -100.583       0.035     -95.022       0.020
Gaia DR3 2458381109193885312  21.2247702 -11.1253818 17.600  3.604       1.592   2.4418  19.0631   -11.87      nan      nan   12.768  nan      nan    nan   0.901     nan                                None     -89.317     -73.944     -85.058       0.183     -74.408       0.059
Gaia DR3 5175679378319329408  38.1027227  -8.9618417  9.425  0.938       2.737  16.9770  19.8723   -21.69      nan      nan   15.027  nan      nan    nan   1.006     nan                                None     -84.997     -89.940     -76.333       0.019     -90.290       0.015
Gaia DR3 2414291143892241920 359.0713246 -18.3216722 11.841  2.018       2.435  23.2894  24.2389     4.72      nan      nan   20.504  nan      nan    nan   1.136     nan                                None    -160.491    -105.544    -170.410       0.022    -102.026       0.017
Gaia DR3 2521857809546128896  32.8371942   8.5693029  5.497  0.718       1.961  20.9565  25.2045   -26.69      nan      nan   23.790  nan      nan    nan   0.911     nan                                None    -145.901    -104.910    -141.042       0.067    -113.463       0.048
Gaia DR3 5179078862113426560  39.2386109  -5.4508483 12.976  2.697       2.395  18.4614  26.3325   -23.91      nan      nan   26.301  nan      nan    nan   1.190     nan                                None    -145.896    -150.031    -138.882       0.024    -138.757       0.024
Gaia DR3 2460089750263490048  29.5731413 -10.8952976 16.031  3.667       2.644   8.8014  26.8161   -16.53      nan      nan   29.798  nan      nan    nan   1.146     nan                                None    -190.782    -177.785    -175.011       0.062    -172.573       0.042
Gaia DR3 2389801137290107264 358.1965707 -20.1565329 20.232  3.068       0.727  24.7642  27.4997     6.03      nan      nan   23.597  nan      nan    nan   1.083     nan                                None    -184.922    -119.679    -188.536       0.944    -119.676       0.754
