GaiaDR3                               RA         DEC   Gmag  Bp-Rp  Voff(km/s) Sep(deg)   3D(pc) Vr(pred)  Vr(obs)    Vrerr Plx(mas)  SpT    FnuvJ  W1-W3    RUWE  XCrate                               RVsrc    PMRApred   PMDecpred        PMRA     PMRAerr       PMDec    PMDecerr
 Gaia DR3 363314964357100800  15.7885921  35.3890376 10.045  0.812       0.000   0.0000   0.0000   -15.17   -15.17     0.29    4.727  nan      nan    nan   0.916     nan                            Gaia_DR3      10.544     -21.279      10.544       0.022     -21.279       0.017
 Gaia DR3 361308316984142976  13.0052858  33.1605666 19.537  2.882       0.890   3.2022  13.9649   -14.75      nan      nan    4.574  nan      nan    nan   0.913     nan                                None      10.188     -20.869      10.950       0.326     -21.263       0.231
 Gaia DR3 321663848988746624  20.0213978  37.1029694 16.234  2.288       2.133   3.8193  14.5933   -15.17      nan      nan    4.825  nan      nan    nan   0.912     nan                                None      10.732     -21.725      12.805       0.057     -22.363       0.048
 Gaia DR3 364167360746130816  12.4749477  36.2799762 18.266  3.061       1.344   2.8301  14.6454   -15.99      nan      nan    4.514  nan      nan    nan   0.990     nan                                None      10.050     -19.746      10.852       0.254     -18.750       0.133
 Gaia DR3 364215601818747776  12.4255289  36.7599107 13.661  1.640       0.911   3.0441  19.5445   -16.17   -65.10     1.67    5.122  nan      nan    nan   2.872     nan                            Gaia_DR3      11.403     -22.255      10.784       0.042     -21.492       0.030
 Gaia DR3 374110721137185792  13.4612599  40.0946657 17.045  2.800       2.935   5.0522  19.5684   -17.19      nan      nan    4.885  nan      nan    nan   1.105     nan                                None      10.885     -20.346      12.730       0.076     -22.740       0.054
 Gaia DR3 323136949756445056  21.1116222  37.3719703 19.135  2.900       2.660   4.7211  21.3535   -15.12      nan      nan    5.039  nan      nan    nan   0.917     nan                                None      11.191     -22.743      11.830       0.274     -19.990       0.238
 Gaia DR3 312721035587762176  13.4659152  30.8173914 18.547  3.211       1.608   4.9680  22.1869   -13.78      nan      nan    5.045  nan      nan    nan   0.956     nan                                None      11.242     -23.688       9.647       0.167     -24.305       0.127
 Gaia DR3 323657504088144768  20.6807334  39.6469200 16.749  2.680       2.832   5.7588  22.5216   -16.01      nan      nan    4.928  nan      nan    nan   1.005     nan                                None      10.951     -21.547       8.011       0.064     -21.436       0.059
 Gaia DR3 360411222867146240  11.0661860  30.8973713 17.847  2.869       2.078   5.9824  22.6241   -14.20      nan      nan    4.641  nan      nan    nan   1.031     nan                                None      10.316     -21.552       8.289       0.126     -21.388       0.089
 Gaia DR3 361587253632130432  10.4722633  32.6575945 15.251  2.022       1.462   5.1829  22.8814   -14.96    16.86     6.23    5.048  nan      nan    nan   1.043     nan                            Gaia_DR3      11.211     -22.905       9.668       0.026     -23.106       0.021
 Gaia DR3 364628670298810240  13.6030931  37.6028351 19.228  2.833       2.726   2.8260  23.7344   -16.30      nan      nan    4.299  nan      nan    nan   1.322     nan                                None       9.582     -18.583       8.080       0.369     -16.621       0.239
 Gaia DR3 315640032801876096  21.8268564  31.5033190 19.713  2.825       0.578   6.3604  23.9434   -12.74      nan      nan    4.871  nan      nan    nan   1.142     nan                                None      10.803     -23.526      10.382       0.458     -23.944       0.469
 Gaia DR3 374740814314758144  14.3882337  41.9089191 16.794  2.870       2.561   6.6107  24.6706   -17.68      nan      nan    4.850  nan      nan    nan   1.174     nan                                None      10.814     -19.752       9.276       0.082     -17.633       0.048
 Gaia DR3 368158514940597632  12.4930067  39.8993985 18.886  3.111       2.640   5.2098  25.2461   -17.26      nan      nan    4.404  nan      nan    nan   1.082     nan                                None       9.807     -18.293       8.465       0.201     -16.242       0.168
 Gaia DR3 373007017622370176  18.0159083  41.9900328 17.755  2.723       2.814   6.8254  25.3336   -17.21      nan      nan    4.691  nan      nan    nan   1.005     nan                                None      10.455     -19.522       7.836       0.117     -20.463       0.108
 Gaia DR3 308129101368568064  17.7501110  28.5866799 15.776  2.265       1.783   7.0023  25.7942   -12.21      nan      nan    4.750  nan      nan    nan   1.007     nan                                None      10.588     -23.203       8.889       0.042     -22.655       0.035
 Gaia DR3 312432211922736512  12.6835245  31.2310979 13.799  1.622       2.515   4.9005  25.9278   -14.07     5.65     1.50    5.204  nan      nan    nan   1.735     nan                            Gaia_DR3      11.589     -24.243      12.274       0.025     -26.915       0.018
 Gaia DR3 316049944480091136  23.9770315  32.8312776 18.299  3.200       1.458   7.2432  26.6956   -12.93      nan      nan    4.792  nan      nan    nan   0.993     nan                                None      10.580     -23.058      10.327       0.166     -24.509       0.121
 Gaia DR3 380772632025684992   8.8504005  40.1353756 14.625  1.867       2.030   7.2492  27.0281   -17.86    15.27     4.36    4.864  nan      nan    nan   0.998     nan                            Gaia_DR3      10.768     -19.686      12.425       0.022     -18.426       0.019
 Gaia DR3 372821135732519808  19.0082016  41.3228495 14.162  1.719       2.804   6.4473  27.2506   -16.84     8.55     3.13    5.080  nan      nan    nan   1.442     nan                            Gaia_DR3      11.313     -21.485      12.629       0.028     -24.184       0.028
 Gaia DR3 322582594033621888  24.1636921  37.5491257 16.234  2.417       2.848   7.0700  27.3228   -14.74      nan      nan    4.959  nan      nan    nan   0.980     nan                                None      10.944     -22.691       7.972       0.048     -22.863       0.036
 Gaia DR3 366009489398887680   6.6032589  35.0072666 11.679  1.038       1.885   7.5129  27.7341   -16.41     6.87     5.07    4.722  nan      nan    nan   3.310     nan                            Gaia_DR3      10.395     -20.390       8.599       0.051     -20.931       0.049
 Gaia DR3 368197375804801664   9.8327228  37.6567363 18.260  3.015       1.818   5.2948  27.9828   -16.87      nan      nan    4.335  nan      nan    nan   1.051     nan                                None       9.616     -18.336       7.956       0.146     -18.281       0.107
 Gaia DR3 322103035164646272  21.9316821  36.4798221 14.565  1.994       0.423   5.0912  28.6692   -14.66   -32.67     6.34    4.304  nan      nan    nan   2.006     nan                            Gaia_DR3       9.544     -19.716       9.204       0.049     -19.894       0.038
 Gaia DR3 318945890604715264  23.2066369  35.6341793 17.196  2.560       2.168   6.0418  29.1965   -14.15      nan      nan    5.223  nan      nan    nan   1.104     nan                                None      11.552     -24.313      13.482       0.090     -22.908       0.065
 Gaia DR3 372496195686423680  19.8061850  42.1152060 13.340  1.393       2.759   7.4178  29.5551   -17.01   -18.37     1.79    5.039  nan      nan    nan   1.127     nan                            Gaia_DR3      11.211     -21.164      11.544       0.019     -24.076       0.013
 Gaia DR3 316075478061095296  24.7489556  33.1888631 16.399  2.550       2.593   7.7198  29.5911   -12.96      nan      nan    4.590  nan      nan    nan   1.047     nan                                None      10.113     -22.080       9.022       0.063     -24.340       0.052
 Gaia DR3 365550679517508096  10.8256476  35.6576398 19.516  2.995       1.231   4.0477  29.9030   -16.01      nan      nan    4.221  nan      nan    nan   0.992     nan                                None       9.378     -18.461       8.718       0.285     -19.334       0.266
 Gaia DR3 380748820727139456   9.2771101  40.1026654 18.868  2.866       0.664   6.9768  29.9168   -17.78      nan      nan    5.138  nan      nan    nan   1.103     nan                                None      11.384     -20.859      10.835       0.218     -20.394       0.217
Gaia DR3 2859562223218093824   7.8742088  31.3933913 14.080  1.889       1.051   7.7181  29.9744   -14.88    -2.05     5.92    4.563  nan      nan    nan   1.503     nan                            Gaia_DR3      10.078     -20.774       9.473       0.033     -19.963       0.025
