GaiaDR3                               RA         DEC   Gmag  Bp-Rp  Voff(km/s) Sep(deg)   3D(pc) Vr(pred)  Vr(obs)    Vrerr Plx(mas)  SpT    FnuvJ  W1-W3    RUWE  XCrate                               RVsrc    PMRApred   PMDecpred        PMRA     PMRAerr       PMDec    PMDecerr
Gaia DR3 2498140931418172416  43.3161635   0.0523333 14.372  2.680       0.000   0.0000   0.0000    33.85      nan      nan   20.361  nan      nan    nan   1.238     nan                                None      57.557     -23.693      57.557       0.029     -23.693       0.025
   Gaia DR3 5850333868501248  41.3374217   4.7114504  5.980  0.417       2.112   5.0610   4.3357    32.81      nan      nan   20.372  nan      nan    nan   1.250     nan                                None      62.576     -35.272      69.745       0.066     -40.828       0.058
Gaia DR3 3265335099663173760  48.2979870  -1.1584402 16.188  3.543       2.176   5.1265   4.6696    34.99      nan      nan   21.132  nan      nan    nan   1.195     nan                                None      46.406     -21.303      36.792       0.082     -22.534       0.073
  Gaia DR3 22338644598132096  41.0893592  10.9611629 10.333  1.949       1.007  11.1311   9.4816    31.66      nan      nan   20.777  nan      nan    nan   8.382     nan                                None      64.454     -51.361      65.897       0.150     -55.531       0.115
  Gaia DR3 22338438439701760  41.0950271  10.9594913 13.607  3.239       2.080  11.1283   9.5740    31.66      nan      nan   21.347  nan      nan    nan   1.658     nan                                None      66.207     -52.768      74.035       0.033     -57.902       0.027
Gaia DR3 5163874295633689472  52.9666055 -10.3924168 12.413  2.302       2.421  14.1846  12.7031    36.03      nan      nan   19.350  nan      nan    nan   1.732     nan                                None      30.758       4.206      26.170       0.025      -4.540       0.021
  Gaia DR3 81151968244570112  39.1378065  15.1740366 13.512  2.560       2.068  15.6752  13.3616    30.21      nan      nan   20.470  nan      nan    nan   1.253     nan                                None      68.361     -59.919      59.854       0.023     -62.617       0.020
  Gaia DR3 81166811651515392  38.9702350  15.2458103 15.964  3.427       2.687  15.7886  13.4320    30.15      nan      nan   20.568  nan      nan    nan   1.315     nan                                None      69.105     -60.318      57.464       0.071     -59.874       0.068
Gaia DR3 2466228465415338880  27.8804280  -7.7398841  8.461  0.826       1.442  17.2491  14.5969    29.54      nan      nan   20.879  nan      nan    nan  21.086     nan                                None      96.579      -6.698      98.147       0.504      -0.546       0.293
Gaia DR3 5112877988560588032  52.5034517 -14.6821504 16.253  3.576       2.815  17.3107  14.9736    35.79      nan      nan   22.923  nan      nan    nan   1.142     nan                                None      37.829      17.923      49.728       0.071      24.516       0.063
  Gaia DR3 33502913868094080  41.5498370  15.3312732 15.362  2.936       0.632  15.3783  16.4769    30.79      nan      nan   17.407  nan      nan    nan   1.051     nan                                None      53.016     -51.878      51.862       0.039     -49.864       0.036
Gaia DR3 3268082092026433408  52.8456163   2.1711544 13.967  2.510       1.470   9.7599  17.9821    35.37      nan      nan   15.542  nan      nan    nan   1.087     nan                                None      24.953     -22.394      29.320       0.019     -20.366       0.017
  Gaia DR3 85787470611883008  36.8529994  18.1229509 15.501  0.305       1.602  19.1550  18.4466    28.83      nan      nan   26.726  nan      nan    nan   0.975     nan                                None      96.553     -85.738      87.870       0.065     -88.207       0.063
   Gaia DR3 6989977670532096  45.0174208   5.9905935 13.109  2.624       2.127   6.1763  18.5025    33.48      nan      nan   32.159  nan      nan    nan   1.322     nan                                None      84.048     -61.248      78.657       0.020     -74.622       0.018
  Gaia DR3 42775954420319232  53.4783611  16.6908882 14.123  2.798       1.877  19.4206  18.8238    32.61      nan      nan   17.959  nan      nan    nan   1.194     nan                                None      27.342     -58.736      21.256       0.061     -62.403       0.047
  Gaia DR3 73034991155555456  34.4836741  12.4237971 12.808  2.642       2.607  15.1602  20.1126    29.48      nan      nan   15.903  nan      nan    nan   1.620     nan                                None      61.860     -40.630      55.885       0.035     -47.009       0.029
Gaia DR3 3273746707214409600  60.2384383   6.0501700 15.474  2.961       0.517  17.9236  21.3052    35.51      nan      nan   16.196  nan      nan    nan   0.982     nan                                None      10.133     -31.703       8.415       0.042     -32.107       0.031
  Gaia DR3 58814186935574016  48.3936799  18.5194222 13.845  2.857       2.469  19.1287  21.6430    31.36      nan      nan   31.319  nan      nan    nan   1.300     nan                                None      68.389    -107.613      80.303       0.028     -96.489       0.024
Gaia DR3 2577061264719259264  18.4397248   7.5781495  9.490    nan       1.286  25.9189  21.7034    24.13      nan      nan   24.403  nan      nan    nan   1.552     nan                                None     135.891     -45.014     140.915       0.062     -49.318       0.055
Gaia DR3 2577061092921353984  18.4334981   7.5751242  5.156  0.373       1.987  25.9240  21.7212    24.13      nan      nan   24.459  nan      nan    nan   1.124     nan                                None     136.221     -45.110     142.693       0.157     -53.051       0.078
Gaia DR3 5146271909042420864  37.6752010 -14.3460886 16.592  0.132       2.379  15.4424  21.7582    32.72      nan      nan   15.449  nan      nan    nan   1.020     nan                                None      54.304       8.822      57.234       0.064       1.650       0.060
Gaia DR3 2577061260424130304  18.4391867   7.5780068  6.175  0.638       1.575  25.9194  21.7789    24.13      nan      nan   24.690  nan      nan    nan   2.013     nan                                None     137.490     -45.542     139.506       0.068     -53.490       0.040
Gaia DR3 3263926689692024576  54.5918405   0.5326719 18.073  4.081       0.089  11.2857  22.1887    35.77      nan      nan   14.671  nan      nan    nan   0.930     nan                                None      20.185     -18.006      19.985       0.195     -17.817       0.151
Gaia DR3 3176050769759021184  66.0207185 -14.0807578 13.317  2.544       1.292  26.5471  22.2189    36.64      nan      nan   21.106  nan      nan    nan   1.146     nan                                None      -3.139      15.743      -7.763       0.014      12.329       0.013
Gaia DR3 5132917721847692032  40.5587493 -16.3844420 15.364  2.872       1.422  16.6602  22.9350    33.37      nan      nan   15.348  nan      nan    nan   1.106     nan                                None      48.608      13.255      53.010       0.036      14.595       0.035
  Gaia DR3 24491831962853888  35.9082096  10.3522250 14.962  2.549       0.822  12.6635  23.0843    30.34      nan      nan   14.633  nan      nan    nan   1.060     nan                                None      54.494     -34.321      52.273       0.040     -35.547       0.033
Gaia DR3 3204352095978755584  67.6893622  -4.3408959 14.472  2.773       2.341  24.7430  23.4399    36.68      nan      nan   17.899  nan      nan    nan   1.365     nan                                None      -6.664     -10.259      -2.270       0.037      -2.597       0.029
Gaia DR3 3259268131941972096  62.8829432   2.6014992 13.047  2.330       1.995  19.7253  23.9432    36.10      nan      nan   15.746  nan      nan    nan  10.845     nan                                None       4.280     -23.687       2.398       0.229     -30.034       0.145
  Gaia DR3 56247308321743616  50.0757132  18.8205111 12.244  1.930       2.831  19.9067  24.3072    31.54      nan      nan   15.669  nan      nan    nan  14.452     nan                                None      30.815     -54.693      35.037       0.217     -63.038       0.194
 Gaia DR3 102394910850318592  37.6349063  25.2311557 10.068  1.213       2.570  25.7707  24.5275    26.94      nan      nan   17.763  nan      nan    nan   0.949     nan                                None      62.523     -70.283      59.938       0.017     -79.552       0.017
  Gaia DR3 65022510623526272  55.5664229  22.7861060  7.293  0.585       1.945  25.6682  24.5646    31.00      nan      nan   17.684  nan      nan    nan   1.043     nan                                None      22.054     -70.771      20.036       0.034     -77.736       0.024
Gaia DR3 2488480725335690112  36.8466319  -5.8849746 16.917  0.549       2.321   8.7727  24.6918    32.52      nan      nan   13.876  nan      nan    nan   1.175     nan                                None      50.141      -6.329      54.278       0.102     -11.713       0.094
Gaia DR3 5096659401777233536  64.0472863 -16.5594909 19.471  2.711       2.123  26.3369  25.0296    36.46      nan      nan   17.752  nan      nan    nan   4.962     nan                                None       2.056      19.166      -0.209       1.198      11.553       1.498
Gaia DR3 3180947719671130752  72.3732324 -11.4995295 13.967  2.664       2.844  31.0845  25.4355    36.47      nan      nan   22.698  nan      nan    nan   1.138     nan                                None     -22.640       8.724     -21.914       0.017      22.314       0.014
  Gaia DR3 29314835422484480  48.0828793  12.5222232 10.076  1.054       2.801  13.3362  25.6396    32.83      nan      nan   14.126  nan      nan    nan   1.004     nan                                None      31.411     -38.474      23.977       0.023     -42.260       0.021
Gaia DR3 3201572461864617216  69.8411256  -4.3284390 15.961  3.068       2.361  26.8593  25.9518    36.59      nan      nan   17.460  nan      nan    nan   1.050     nan                                None     -11.525     -10.062     -19.389       0.055     -13.762       0.047
  Gaia DR3 78278562108632960  30.9281965  14.9173024 15.554  3.262       1.512  19.2594  25.9852    27.76      nan      nan   14.997  nan      nan    nan   0.961     nan                                None      64.381     -41.355      67.478       0.051     -44.997       0.041
Gaia DR3 4890842095052276608  61.6522293 -25.4162822 20.406  2.001       2.725  31.0228  26.1858    35.19      nan      nan   20.493  nan      nan    nan   2.294     nan                                None       8.948      46.027       4.059       0.958      35.317       2.443
Gaia DR3 2477265668077006720  21.7092742  -8.8963200 11.942  1.841       0.986  23.3059  26.3572    27.07      nan      nan   15.895  nan      nan    nan   6.846     nan                                None      83.573      -4.409      84.816       0.104      -1.347       0.040
Gaia DR3 5113295493741437568  53.3381634 -14.1603586 14.750  2.573       2.527  17.3318  26.9258    35.93      nan      nan   14.391  nan      nan    nan   1.071     nan                                None      22.175      10.344      24.713       0.029      17.579       0.025
Gaia DR3 3302448221307634944  58.6995077   9.5218101 15.893  3.118       1.581  18.0031  26.9287    34.79      nan      nan   14.503  nan      nan    nan   1.243     nan                                None      12.053     -34.869      11.281       0.093     -39.641       0.069
Gaia DR3 3204229740952080896  64.7834411  -2.9207715 15.601  3.233       2.401  21.6630  27.2812    36.64      nan      nan   15.145  nan      nan    nan   1.385     nan                                None       0.259     -11.574       7.348       0.054     -14.495       0.033
Gaia DR3 3208050131540419072  76.5124463  -7.2631220 14.449  2.808       2.370  33.9044  27.3956    36.07      nan      nan   24.478  nan      nan    nan   1.057     nan                                None     -37.808      -4.813     -28.297       0.021       2.871       0.018
Gaia DR3 3287505098075605248  67.3291453   8.6011878 20.047    nan       2.116  25.4026  27.9276    35.15      nan      nan   15.950  nan      nan    nan   1.028     nan                                None      -5.168     -36.553      -3.694       0.978     -29.591       0.653
Gaia DR3 2517533017996652544  30.8823590   2.6975622 15.449  2.360       2.522  12.7075  28.0437    29.88      nan      nan   13.552  nan      nan    nan  16.783     nan                                None      58.249     -19.724      56.684       0.595     -12.692       0.516
Gaia DR3 3275125357355522432  54.5693973   5.0821380 14.976  2.738       2.936  12.3125  28.1003    35.19      nan      nan   13.503  nan      nan    nan   1.173     nan                                None      18.618     -24.601      15.797       0.034     -16.734       0.027
 Gaia DR3 217670149448587520  53.5936484  32.7699249 16.784  3.803       2.518  34.1211  28.2859    27.05      nan      nan   21.245  nan      nan    nan   1.059     nan                                None      32.022    -107.273      24.434       0.110     -98.927       0.088
 Gaia DR3 105004842216905344  28.8501793  24.3166045 11.342  1.616       2.200  28.0219  28.4801    24.56      nan      nan   16.653  nan      nan    nan   1.029     nan                                None      75.289     -60.136      72.846       0.022     -67.464       0.020
 Gaia DR3 104998928046427264  28.8291069  24.2923690 11.247  1.580       2.029  28.0116  28.5337    24.56      nan      nan   16.623  nan      nan    nan   0.883     nan                                None      75.195     -59.982      73.355       0.020     -66.849       0.020
  Gaia DR3 86511572033828480  36.8812092  19.5898047 14.509  3.369       2.849  20.5302  28.6076    28.44      nan      nan   43.193  nan      nan    nan   1.395     nan                                None     155.899    -145.269     181.435       0.049    -149.845       0.040
Gaia DR3 3252841310381645696  60.6388941  -2.7046550 11.805  2.610       1.438  17.5345  28.7181    36.53      nan      nan   45.009  nan      nan    nan   1.694     nan                                None      25.753     -35.755      38.578       0.039     -40.408       0.030
Gaia DR3 3314617409843985920  67.6342960  19.0283226 11.414  1.686       1.484  30.4834  28.8776    32.59      nan      nan   17.567  nan      nan    nan   1.362     nan                                None      -6.410     -63.157      -2.807       0.029     -67.308       0.020
  Gaia DR3 25596738069557760  41.3112105  12.2126230 15.750  3.074       1.376  12.3220  29.1285    31.45      nan      nan   13.305  nan      nan    nan   1.473     nan                                None      40.912     -34.857      37.125       0.077     -35.603       0.070
Gaia DR3 2369028716942234368  11.2886840 -18.3862885 15.107  3.088       1.540  36.4643  29.1897    22.22      nan      nan   25.471  nan      nan    nan   1.047     nan                                None     157.506       8.630     165.731       0.046       9.471       0.038
Gaia DR3 3302135135371845888  60.7502957   9.8814102 12.000  1.398       2.980  19.9375  29.4468    34.83      nan      nan   14.207  nan      nan    nan  10.836     nan                                None       7.917     -34.871      12.686       0.486     -42.414       0.492
 Gaia DR3 146654239597547648  69.4588848  22.8272510 12.645  2.435       1.980  34.1323  29.6442    31.32      nan      nan   33.639  nan      nan    nan   1.170     nan                                None     -20.486    -135.796      -8.130       0.025    -142.463       0.017
