GaiaDR3                               RA         DEC   Gmag  Bp-Rp  Voff(km/s) Sep(deg)   3D(pc) Vr(pred)  Vr(obs)    Vrerr Plx(mas)  SpT    FnuvJ  W1-W3    RUWE  XCrate                               RVsrc    PMRApred   PMDecpred        PMRA     PMRAerr       PMDec    PMDecerr
 Gaia DR3 363702817083391232  13.0009202  34.7284024 12.860  1.011       0.000   0.0000   0.0000    44.09    44.09     1.10    2.473  nan      nan    nan   0.995     nan                            Gaia_DR3      25.615       2.712      25.615       0.014       2.712       0.011
 Gaia DR3 362781185820953728  14.4991818  34.4335831 14.530  1.227       2.465   1.2683   9.0681    45.11   -49.35     4.16    2.482  nan      nan    nan   1.005     nan                            Gaia_DR3      25.250       2.464      26.219       0.022       3.315       0.017
 Gaia DR3 364208283193576064  12.7506540  36.8066242 19.946  2.407       3.543   2.0881  14.8242    44.07      nan      nan    2.484  nan      nan    nan   0.974     nan                                None      25.812       1.952      25.652       0.633       0.103       0.316
 Gaia DR3 364362489700249600  14.0414324  36.9296092 17.212  2.351       3.758   2.3573  17.3060    44.96      nan      nan    2.446  nan      nan    nan   0.986     nan                                None      25.021       1.532      25.506       0.078       3.408       0.053
 Gaia DR3 363264043224465408  16.1481372  35.3276305 14.305  1.315       4.719   2.6458  18.9751    46.30    -0.57     5.20    2.496  nan      nan    nan   1.249     nan                            Gaia_DR3      24.860       1.689      22.837       0.025       0.248       0.021
 Gaia DR3 364274833711969536  14.6888840  36.3442479 12.072  0.746       0.238   2.1207  19.6134    45.37   -22.94     1.06    2.555  nan      nan    nan   1.062     nan                            Gaia_DR3      25.923       1.673      26.049       0.015       1.647       0.012
 Gaia DR3 312952998182156032  13.4029485  32.0762629 17.091  2.401       2.987   2.6733  20.8020    44.09      nan      nan    2.530  nan      nan    nan   1.050     nan                                None      26.087       3.763      25.873       0.068       2.185       0.065
 Gaia DR3 362754488304280448  14.4500297  34.0539005 16.755  2.192       3.013   1.3729  24.3121    45.04      nan      nan    2.618  nan      nan    nan   1.004     nan                                None      26.645       2.776      28.291       0.059       2.541       0.046
 Gaia DR3 363851113713553920  13.9631109  35.5988794 19.177  2.654       3.808   1.1732  25.0863    44.83      nan      nan    2.336  nan      nan    nan   0.995     nan                                None      23.924       1.996      24.786       0.303       0.331       0.210
 Gaia DR3 365881499373654656   9.4428361  36.7073709 17.225  2.413       4.581   3.5012  25.4723    41.74      nan      nan    2.516  nan      nan    nan   0.996     nan                                None      27.112       2.937      24.687       0.075       2.782       0.061
 Gaia DR3 364236385164532736  14.0080185  35.9337150 17.796  2.750       4.955   1.4587  25.9209    44.88      nan      nan    2.628  nan      nan    nan   1.000     nan                                None      26.897       2.088      28.974       0.105       3.884       0.082
 Gaia DR3 364499619416229504  14.5809366  37.6261789 12.931  0.838       2.279   3.1659  26.1697    45.35    17.10     1.91    2.563  nan      nan    nan   0.946     nan                            Gaia_DR3      26.045       1.159      27.015       0.014       1.918       0.013
 Gaia DR3 321292759519467648  17.3923387  36.0711458 19.927  2.915       3.052   3.8227  26.9651    47.16      nan      nan    2.481  nan      nan    nan   1.150     nan                                None      24.294       1.051      25.632       0.573       0.180       0.489
 Gaia DR3 364307028786747904  13.6336245  36.3218151 18.019  2.341       4.814   1.6745  27.4002    44.65      nan      nan    2.331  nan      nan    nan   1.007     nan                                None      23.967       1.795      23.717       0.155       4.148       0.090
 Gaia DR3 314811138473603584  17.0050459  33.9362646 12.522  0.880       1.827   3.3998  27.7889    46.79    -3.04     1.38    2.566  nan      nan    nan   1.036     nan                            Gaia_DR3      25.262       2.132      24.455       0.014       1.562       0.011
 Gaia DR3 363547751584188800  15.2204115  36.0434840 15.791  1.832       2.637   2.2368  28.3121    45.71      nan      nan    2.339  nan      nan    nan   1.041     nan                                None      23.572       1.520      24.804       0.035       1.935       0.029
 Gaia DR3 314799391737956352  16.7939640  33.6532547 14.030  1.055       3.306   3.3163  28.3306    46.62     1.13     5.25    2.383  nan      nan    nan   1.094     nan                            Gaia_DR3      23.521       2.144      23.842       0.020       0.514       0.015
 Gaia DR3 367771972179009920  13.2591430  38.3920328 14.604  1.347       4.748   3.6695  28.5325    44.50   -30.69     3.95    2.406  nan      nan    nan   1.004     nan                            Gaia_DR3      24.850       1.134      27.124       0.019       1.926       0.014
 Gaia DR3 363212537976509952  15.5477677  35.1951019 19.656  2.486       4.837   2.1387  28.5343    45.88      nan      nan    2.632  nan      nan    nan   1.007     nan                                None      26.419       1.999      23.740       0.541       2.166       0.308
 Gaia DR3 314287603434970752  16.1407444  32.4603087 11.465  1.174       4.008   3.4615  29.6097    46.07   -14.26     0.98    2.379  nan      nan    nan   1.044     nan                            Gaia_DR3      23.688       2.771      25.445       0.021       3.747       0.019
 Gaia DR3 361769497684300928   8.8174370  32.6416339 15.833  1.881       2.807   4.0580  30.0246    40.78      nan      nan    2.536  nan      nan    nan   1.202     nan                                None      27.500       4.697      27.736       0.073       6.180       0.040
 Gaia DR3 314799387443734912  16.7939621  33.6520828 17.501  2.179       3.205   3.3167  30.1402    46.62      nan      nan    2.366  nan      nan    nan   0.996     nan                                None      23.353       2.129      23.636       0.117       0.556       0.085
 Gaia DR3 368341343112515200  10.4974682  38.4515099 19.761  2.786       1.255   4.2306  30.2479    42.63      nan      nan    2.449  nan      nan    nan   1.065     nan                                None      26.098       1.900      26.031       0.378       2.545       0.308
 Gaia DR3 362325713129016320  10.7318976  34.4182656 14.939  1.459       4.163   1.8938  30.4519    42.43    -2.92     3.95    2.654  nan      nan    nan   1.010     nan                            Gaia_DR3      28.206       3.667      26.120       0.023       4.702       0.017
 Gaia DR3 320982044405220352  17.9723628  35.1770394 18.303  2.526       4.530   4.0989  30.4645    47.50      nan      nan    2.540  nan      nan    nan   1.093     nan                                None      24.665       1.325      25.570       0.201       3.575       0.180
 Gaia DR3 362366979174794240  10.6528606  34.4221280 13.899  1.116       4.299   1.9574  31.6074    42.37     1.02     2.91    2.661  nan      nan    nan   1.023     nan                            Gaia_DR3      28.312       3.698      26.094       0.016       4.647       0.014
 Gaia DR3 320907518132776064  18.1196159  34.7242653 19.661  2.752       1.415   4.2065  32.0444    47.58      nan      nan    2.556  nan      nan    nan   1.031     nan                                None      24.774       1.500      24.306       0.432       0.898       0.356
 Gaia DR3 364131141286863488  12.9462620  36.3490449 18.677  2.675       2.712   1.6213  32.4869    44.18      nan      nan    2.675  nan      nan    nan   0.979     nan                                None      27.728       2.244      29.195       0.202       2.674       0.151
 Gaia DR3 364621729630842496  13.2815852  37.3848648 19.394  2.204       3.703   2.6661  32.7377    44.47      nan      nan    2.322  nan      nan    nan   0.997     nan                                None      23.968       1.471      23.093       0.296      -0.116       0.234
 Gaia DR3 363437834780295680  14.9717220  35.5853610 11.035  0.729       4.606   1.8249  33.2085    45.52   -27.03     0.77    2.677  nan      nan    nan   1.102     nan                            Gaia_DR3      27.066       2.014      24.759       0.020       0.815       0.015
 Gaia DR3 363748648679194368  12.5343079  34.9891578 18.440  2.815       2.309   0.4632  33.4837    43.78      nan      nan    2.285  nan      nan    nan   0.960     nan                                None      23.796       2.519      24.415       0.161       3.443       0.121
 Gaia DR3 370861909090805248  15.3352463  38.9929193 14.431  1.236       4.800   4.6551  33.8248    45.88     2.61     4.95    2.532  nan      nan    nan   0.983     nan                            Gaia_DR3      25.487       0.355      22.930       0.020       0.523       0.017
 Gaia DR3 366767838889749888   7.6161127  36.6243401 19.393  2.690       3.642   4.7664  33.8576    40.42      nan      nan    2.507  nan      nan    nan   1.048     nan                                None      27.508       3.477      25.623       0.287       3.865       0.274
 Gaia DR3 320927893457649024  18.9194418  34.9288547 17.404  2.381       4.360   4.8617  34.3368    48.11      nan      nan    2.495  nan      nan    nan   0.992     nan                                None      23.898       1.182      22.722       0.091       3.150       0.074
 Gaia DR3 313932323740181888  17.3934374  32.9379907 17.457  2.205       2.820   4.0637  35.3911    46.98      nan      nan    2.358  nan      nan    nan   0.972     nan                                None      23.084       2.279      21.698       0.097       2.492       0.083
 Gaia DR3 365519858831655296  10.3666291  35.3748640 18.607  2.633       2.899   2.2512  35.6547    42.27      nan      nan    2.294  nan      nan    nan   0.912     nan                                None      24.473       2.916      23.752       0.226       4.118       0.137
 Gaia DR3 311849539479502720  15.6453210  30.9635351 17.220  2.279       4.818   4.3710  35.7428    45.56      nan      nan    2.373  nan      nan    nan   2.165     nan                                None      23.792       3.472      25.116       0.179       1.457       0.162
 Gaia DR3 313835463637721344  18.8209349  33.2799188 15.170  1.519       3.949   5.0366  37.3528    47.96      nan      nan    2.413  nan      nan    nan   1.020     nan                                None      23.148       1.869      24.146       0.035       3.613       0.024
 Gaia DR3 362229879523933952  11.9774978  34.4561376 19.004  2.434       4.018   0.8854  37.6137    43.33      nan      nan    2.265  nan      nan    nan   1.018     nan                                None      23.746       2.823      21.863       0.238       2.456       0.167
 Gaia DR3 368902403276027648  12.0690089  40.0317400 18.158  2.594       4.933   5.3547  38.4976    43.76      nan      nan    2.438  nan      nan    nan   0.996     nan                                None      25.526       0.832      27.824       0.143      -0.237       0.128
 Gaia DR3 362196657951726208  11.5894032  34.2063856 16.370  2.030       4.401   1.2754  38.5098    43.03      nan      nan    2.726  nan      nan    nan   1.038     nan                                None      28.699       3.614      27.138       0.043       1.624       0.035
Gaia DR3 2863908283445333760   6.5577936  34.0784264  9.841  1.246       2.551   5.3547  38.5289    39.29   -10.44     0.14    2.437  nan      nan    nan   1.075     nan                            Gaia_DR3      27.001       4.577      27.956       0.019       5.473       0.018
 Gaia DR3 369823931458503808  16.9321518  38.0368628 18.402  2.661       2.759   4.5776  38.5602    46.90      nan      nan    2.357  nan      nan    nan   0.908     nan                                None      23.227       0.308      21.868       0.174       0.132       0.210
Gaia DR3 2858237242987143552   9.8728349  29.9450222 15.702  1.763       3.713   5.4641  38.7245    41.13      nan      nan    2.510  nan      nan    nan   0.955     nan                                None      26.919       5.410      28.873       0.058       5.612       0.030
 Gaia DR3 321362922104582912  18.3792528  36.4821873 11.860  0.704       4.888   4.7105  38.8127    47.81    22.98     0.72    2.363  nan      nan    nan   1.038     nan                            Gaia_DR3      22.819       0.597      24.776       0.018       2.047       0.015
 Gaia DR3 367539902210706432  10.9805132  37.7640498 19.577  2.444       3.490   3.4451  38.8607    42.91      nan      nan    2.678  nan      nan    nan   1.039     nan                                None      28.392       2.220      30.065       0.324       1.180       0.282
 Gaia DR3 366769251934033152   7.7964414  36.7002534 13.379  1.110       3.499   4.6622  39.4865    40.56    29.77     1.27    2.623  nan      nan    nan   1.061     nan                            Gaia_DR3      28.734       3.554      30.494       0.012       4.358       0.011
 Gaia DR3 360309548106074368  11.1865345  30.3708172 19.664  2.544       3.336   4.6179  39.9673    42.21      nan      nan    2.346  nan      nan    nan   1.133     nan                                None      24.810       4.616      24.545       0.498       2.988       0.349
