GaiaDR3                               RA         DEC   Gmag  Bp-Rp  Voff(km/s) Sep(deg)   3D(pc) Vr(pred)  Vr(obs)    Vrerr Plx(mas)  SpT    FnuvJ  W1-W3    RUWE  XCrate                               RVsrc    PMRApred   PMDecpred        PMRA     PMRAerr       PMDec    PMDecerr
 Gaia DR3 385697172809355392   4.8592752  44.0275953 13.400  1.096       0.000   0.0000   0.0000   -29.14   -29.14     1.54    3.057  nan      nan    nan   1.019     nan                            Gaia_DR3       0.923      -8.921       0.923       0.011      -8.921       0.009
 Gaia DR3 385690575741247232   5.2864108  44.5258478  9.352  0.406       4.493   0.5846   4.2798   -29.25    17.89     1.56    3.032  nan      nan    nan   2.524     nan                            Gaia_DR3       0.970      -8.691       3.012       0.058      -6.672       0.040
 Gaia DR3 385650748505788288   5.3358108  44.0074056 19.022  2.965       3.203   0.3433   4.4412   -29.13      nan      nan    3.094  nan      nan    nan   0.970     nan                                None       0.996      -9.043       0.488       0.184      -7.016       0.151
 Gaia DR3 382755223290812288   6.0879838  44.1631671 16.759  2.358       3.190   0.8928   5.1028   -29.15      nan      nan    3.055  nan      nan    nan   0.970     nan                                None       1.079      -8.886       2.318       0.055      -7.248       0.039
 Gaia DR3 391836429125647104   5.3805002  45.3919017 19.867  2.949       4.225   1.4137   8.1177   -29.45      nan      nan    3.066  nan      nan    nan   1.024     nan                                None       0.993      -8.502       3.664       0.396      -7.936       0.268
 Gaia DR3 382601081206864896   6.2403445  43.2534268 19.044  2.232       4.430   1.2642   8.9856   -28.93      nan      nan    3.108  nan      nan    nan   1.410     nan                                None       1.118      -9.346      -1.244       0.280     -11.033       0.193
 Gaia DR3 386331247421019648   2.7388087  44.4695413 14.329  1.367       4.913   1.5819   9.2585   -29.28   -28.16     3.04    3.077  nan      nan    nan   0.937     nan                            Gaia_DR3       0.657      -8.813      -0.048       0.019      -5.706       0.013
 Gaia DR3 383877236249450112   3.3157969  42.6606339 19.820  2.521       3.953   1.7687  10.4517   -28.83      nan      nan    3.033  nan      nan    nan   1.041     nan                                None       0.720      -9.279       0.712       0.371      -6.752       0.299
 Gaia DR3 386083131452922496   4.3275250  45.5604805 19.207  2.542       4.470   1.5786  10.7896   -29.51      nan      nan    3.003  nan      nan    nan   1.042     nan                                None       0.841      -8.262      -0.796       0.218     -10.571       0.179
 Gaia DR3 385796094496097024   5.3260070  44.8991066 19.149  2.812       1.187   0.9330  11.5372   -29.34      nan      nan    2.964  nan      nan    nan   1.069     nan                                None       0.953      -8.378       0.455       0.216      -8.928       0.175
 Gaia DR3 383865519579997056   3.4505552  42.4612243 19.224  3.025       3.772   1.8725  12.1058   -28.78      nan      nan    3.006  nan      nan    nan   0.970     nan                                None       0.731      -9.261       0.182       0.250      -6.935       0.175
 Gaia DR3 388844146887095552   6.3131104  45.4312193 17.694  2.658       3.454   1.7426  13.4905   -29.45      nan      nan    3.146  nan      nan    nan   1.013     nan                                None       1.141      -8.723       1.915       0.098     -10.879       0.074
 Gaia DR3 385396903055227136   3.7272897  43.3772683 16.795  1.958       3.699   1.0453  14.0184   -29.00      nan      nan    2.943  nan      nan    nan   6.496     nan                                None       0.750      -8.783       2.029       0.350      -6.878       0.260
 Gaia DR3 385795746602221568   5.3015271  44.8926556 18.233  2.764       4.393   0.9208  14.2479   -29.34      nan      nan    3.186  nan      nan    nan   1.027     nan                                None       1.021      -9.007       3.084       0.119     -11.116       0.104
 Gaia DR3 382453991463495936   8.0661637  43.7681899 13.127  0.978       4.223   2.3252  14.3471   -29.01     5.35     2.36    3.009  nan      nan    nan   1.103     nan                            Gaia_DR3       1.310      -8.908       3.793       0.014      -9.915       0.012
 Gaia DR3 382213743876303488   6.1314164  42.8271894 18.386  2.790       4.454   1.5147  14.3634   -28.82      nan      nan    3.169  nan      nan    nan   1.009     nan                                None       1.125      -9.670       0.368       0.148      -6.792       0.099
 Gaia DR3 384666621176167552   2.3002157  43.1374747 16.198  2.316       4.075   2.0562  14.4620   -28.96      nan      nan    3.140  nan      nan    nan   0.953     nan                                None       0.612      -9.438       3.265       0.038      -9.925       0.033
 Gaia DR3 386157421504511104   3.8220183  46.0198857 17.842  2.659       4.599   2.1229  15.9811   -29.62      nan      nan    3.159  nan      nan    nan   1.012     nan                                None       0.817      -8.528      -1.334       0.104     -10.708       0.079
 Gaia DR3 383350123504897792   3.0411655  41.5448660 18.734  2.754       4.649   2.8184  16.0980   -28.55      nan      nan    3.066  nan      nan    nan   1.037     nan                                None       0.693      -9.740       0.698       0.193     -12.744       0.175
 Gaia DR3 385093403486402304   5.6178839  42.2871098 15.948  2.089       4.933   1.8263  16.1285   -28.69      nan      nan    2.947  nan      nan    nan   1.100     nan                                None       0.984      -9.156      -1.841       0.036     -10.347       0.023
 Gaia DR3 386838736459848704   1.7634621  45.8303247 17.871  2.864       4.942   2.8375  16.4549   -29.61      nan      nan    3.088  nan      nan    nan   0.931     nan                                None       0.533      -8.382      -2.593       0.111      -9.146       0.081
 Gaia DR3 389297248757127552   7.3649073  46.3302880 15.976  2.096       3.808   2.9017  16.6176   -29.62      nan      nan    3.073  nan      nan    nan   1.031     nan                                None       1.249      -8.238      -0.784       0.041      -9.635       0.029
 Gaia DR3 386178243505843328   3.3354704  46.3565603 16.298  2.148       4.490   2.5645  16.6928   -29.70      nan      nan    2.986  nan      nan    nan   1.019     nan                                None       0.712      -7.947       1.031       0.050      -5.138       0.038
 Gaia DR3 384946339510547456   1.1002964  43.9934354 19.461  2.978       1.673   2.7035  16.9616   -29.18      nan      nan    3.127  nan      nan    nan   1.051     nan                                None       0.452      -9.107       1.539       0.287      -9.293       0.292
 Gaia DR3 382302907398132480   7.9633115  42.7058726 18.539  2.820       2.277   2.6149  17.0003   -28.75      nan      nan    2.985  nan      nan    nan   1.014     nan                                None       1.287      -9.174       0.223       0.159     -10.134       0.159
 Gaia DR3 383555251141132032   5.3982881  41.7480420 14.630  1.467       2.084   2.3135  17.0988   -28.56    -1.84     3.74    3.164  nan      nan    nan   1.043     nan                            Gaia_DR3       1.027     -10.008      -0.260       0.019     -10.533       0.012
 Gaia DR3 386309081092548224   1.8274038  44.5144350 18.217  2.778       4.238   2.2247  17.4771   -29.30      nan      nan    2.951  nan      nan    nan   0.962     nan                                None       0.517      -8.431       1.154       0.130      -5.873       0.104
 Gaia DR3 389319032828984960   7.5954096  46.4134672 16.014  1.335       2.579   3.0666  17.5164   -29.64      nan      nan    3.068  nan      nan    nan  12.263     nan                                None       1.276      -8.198       2.398       0.405      -6.964       0.304
 Gaia DR3 388789476245572224   6.5448574  44.7822323 19.165  2.655       4.565   1.4211  17.6589   -29.29      nan      nan    2.918  nan      nan    nan   1.040     nan                                None       1.086      -8.299       2.618       0.219     -10.652       0.150
 Gaia DR3 384562850469139328   2.1871735  42.8707993 20.071  2.365       2.223   2.2585  17.7720   -28.90      nan      nan    2.949  nan      nan    nan   1.032     nan                                None       0.561      -8.947      -0.821       0.403      -8.927       0.308
 Gaia DR3 382240651849944064   5.8075386  43.2649776 17.700  2.612       3.325   1.0259  17.8642   -28.94      nan      nan    2.907  nan      nan    nan   1.017     nan                                None       0.993      -8.732       0.321       0.093     -10.656       0.071
 Gaia DR3 389394555535850752   6.9592747  46.8235452 15.941  2.022       1.237   3.1603  18.0373   -29.74      nan      nan    3.059  nan      nan    nan   0.992     nan                                None       1.192      -8.029       1.748       0.034      -7.457       0.026
 Gaia DR3 388817891750281472   6.2377015  45.2373238 17.809  3.050       1.453   1.5574  18.1753   -29.40      nan      nan    2.916  nan      nan    nan   1.034     nan                                None       1.049      -8.148       0.203       0.103      -7.857       0.074
 Gaia DR3 384734138061808896   1.7209701  43.5532139 16.255  1.439       1.275   2.3144  18.3259   -29.07      nan      nan    2.945  nan      nan    nan   4.230     nan                                None       0.503      -8.717      -0.093       0.177      -9.239       0.142
 Gaia DR3 386179682318701824   3.2202878  46.3435183 18.315  2.752       4.837   2.5879  18.4096   -29.70      nan      nan    2.960  nan      nan    nan   1.032     nan                                None       0.691      -7.881      -1.992       0.169      -9.263       0.132
 Gaia DR3 383495946232702080   4.1385308  41.4286480 17.838  2.597       4.576   2.6523  18.6338   -28.50      nan      nan    3.165  nan      nan    nan   1.055     nan                                None       0.861     -10.103       3.797       0.108      -9.265       0.080
 Gaia DR3 383350123504781952   3.0419138  41.5437157 17.275  2.439       4.696   2.8191  18.8457   -28.55      nan      nan    2.971  nan      nan    nan   0.971     nan                                None       0.672      -9.438       0.963       0.069     -12.365       0.055
 Gaia DR3 385670574074008704   5.5557025  44.2128373 12.451  0.929       1.202   0.5332  18.8927   -29.17    -6.60     0.79    2.892  nan      nan    nan   2.148     nan                            Gaia_DR3       0.958      -8.390       0.742       0.026      -9.091       0.017
 Gaia DR3 388479555702372608   8.7916135  44.0446837 16.535  2.241       2.506   2.8267  19.0238   -29.06      nan      nan    3.158  nan      nan    nan   0.990     nan                                None       1.470      -9.268       0.411       0.044     -10.557       0.048
 Gaia DR3 388716225580353664   7.6312189  45.6893148 18.658  3.408       2.072   2.5731  19.0946   -29.47      nan      nan    2.950  nan      nan    nan   1.006     nan                                None       1.231      -8.116       1.636       0.159      -6.893       0.127
 Gaia DR3 386615058859379200   1.4258397  45.2577371 17.921  2.689       2.589   2.7348  19.2324   -29.48      nan      nan    2.958  nan      nan    nan   1.041     nan                                None       0.468      -8.213      -0.416       0.094      -9.563       0.092
 Gaia DR3 386241053107577216   2.3671877  44.1536989 13.093  1.199       3.587   1.7943  19.3311   -29.21     8.80     1.65    2.912  nan      nan    nan   4.246     nan                            Gaia_DR3       0.576      -8.438       1.329       0.045     -10.507       0.044
 Gaia DR3 382298685445868416   8.2054602  42.5955276 19.798  3.023       1.145   2.8244  19.3578   -28.71      nan      nan    3.164  nan      nan    nan   1.011     nan                                None       1.396      -9.764       2.097       0.352     -10.068       0.391
 Gaia DR3 386851964958499456   1.5548709  46.1291868 16.162  2.103       2.431   3.1398  19.5543   -29.67      nan      nan    2.990  nan      nan    nan   1.058     nan                                None       0.489      -8.016       2.021       0.039      -7.991       0.033
 Gaia DR3 386867736078607360   2.0997749  46.2339697 19.266  2.553       4.736   2.9421  19.6247   -29.69      nan      nan    2.968  nan      nan    nan   1.065     nan                                None       0.554      -7.929      -2.410       0.229      -7.931       0.212
 Gaia DR3 388860295964272256   7.4705683  45.1547782 13.974  1.306       1.295   2.1744  19.6273   -29.36   -39.76     3.14    3.208  nan      nan    nan   1.002     nan                            Gaia_DR3       1.318      -9.010       0.653       0.014      -9.581       0.010
 Gaia DR3 383543504407975040   4.9538956  41.7011341 17.736  2.729       4.120   2.3275  20.0694   -28.56      nan      nan    3.207  nan      nan    nan   0.996     nan                                None       0.981     -10.152       2.469       0.079     -12.507       0.062
 Gaia DR3 381645919136301056   9.2399126  42.7308345 17.564  2.467       4.315   3.4373  20.1347   -28.72      nan      nan    3.020  nan      nan    nan   0.982     nan                                None       1.461      -9.294       0.592       0.084      -6.688       0.080
 Gaia DR3 383786767059212928   3.0053938  42.3305082 19.742  2.557       4.774   2.1696  20.2010   -28.75      nan      nan    2.916  nan      nan    nan   1.039     nan                                None       0.655      -9.022      -2.278       0.330      -8.893       0.236
 Gaia DR3 387823456497550976   9.0802846  44.2136554 15.967  2.054       4.879   3.0355  20.2310   -29.09      nan      nan    3.162  nan      nan    nan   1.048     nan                                None       1.509      -9.229      -1.584       0.040     -10.233       0.043
 Gaia DR3 384356211004351488   1.2424794  41.9894407 18.238  2.725       4.519   3.3384  20.3068   -28.68      nan      nan    3.129  nan      nan    nan   0.952     nan                                None       0.471      -9.781       1.120       0.108     -12.690       0.091
 Gaia DR3 385607459531969408   3.1809119  44.6690551 16.819  2.375       3.057   1.3608  20.3347   -29.32      nan      nan    3.244  nan      nan    nan   1.067     nan                                None       0.752      -9.226      -1.122       0.051      -8.298       0.046
 Gaia DR3 388591190492703104   8.6359299  44.6355448 12.993  0.999       3.748   2.7688  20.9987   -29.20    -5.18     2.15    2.936  nan      nan    nan   1.108     nan                            Gaia_DR3       1.348      -8.428      -0.190       0.023      -6.692       0.018
 Gaia DR3 387064411222020096   1.4264793  46.2492816 18.213  2.682       4.163   3.2857  21.1946   -29.70      nan      nan    3.157  nan      nan    nan   0.901     nan                                None       0.500      -8.423      -1.182       0.113      -6.221       0.115
 Gaia DR3 385019701846985344   0.0418688  44.4111076 16.827  2.434       3.445   3.4732  21.2117   -29.29      nan      nan    3.135  nan      nan    nan   0.985     nan                                None       0.314      -8.983       0.777       0.047      -6.753       0.045
 Gaia DR3 387792017337052288   9.7431437  44.2906033 15.391  1.789       3.465   3.5131  21.2694   -29.09      nan      nan    3.131  nan      nan    nan   0.948     nan                                None       1.580      -9.123       3.460       0.031      -7.822       0.027
 Gaia DR3 385421985664214144   3.4732230  43.3923962 16.923  1.819       4.784   1.1863  21.3821   -29.01      nan      nan    2.879  nan      nan    nan   5.364     nan                                None       0.703      -8.584      -2.068       0.301      -7.717       0.230
 Gaia DR3 384878719543560448   0.0741060  43.6129462 19.601  2.326       4.458   3.4769  21.5079   -29.10      nan      nan    3.142  nan      nan    nan   0.974     nan                                None       0.319      -9.273       2.827       0.290     -10.832       0.238
 Gaia DR3 389103494189169152   7.7315938  46.1068007 18.297    nan       3.469   2.9045  21.6816   -29.57      nan      nan    2.935  nan      nan    nan   1.010     nan                                None       1.237      -7.944       0.963       0.434      -5.815       0.267
 Gaia DR3 392154978260451584   4.0314857  46.6761820 19.473  2.693       4.496   2.7117  21.7641   -29.76      nan      nan    2.923  nan      nan    nan   0.951     nan                                None       0.782      -7.683      -0.561       0.249     -10.106       0.204
 Gaia DR3 387183197131755136   1.2430391  46.9342226 19.088  2.715       0.518   3.8562  22.0957   -29.85      nan      nan    3.083  nan      nan    nan   1.098     nan                                None       0.464      -7.992       0.152       0.264      -7.867       0.211
 Gaia DR3 384042339088937856   1.3226476  41.1941563 15.620  1.836       4.599   3.8467  22.2040   -28.47      nan      nan    3.095  nan      nan    nan   1.075     nan                                None       0.477      -9.935       2.231       0.028     -12.370       0.024
 Gaia DR3 385594398534870528   3.6745046  44.4182057 18.754  3.023       4.165   0.9346  22.2680   -29.26      nan      nan    2.868  nan      nan    nan   1.039     nan                                None       0.724      -8.237      -0.454       0.179     -10.462       0.159
 Gaia DR3 382422066971165568   8.5912058  43.2175715 14.409  1.345       3.966   2.8201  22.6238   -28.86     7.85     3.52    2.918  nan      nan    nan   0.912     nan                            Gaia_DR3       1.334      -8.819       1.473       0.018      -6.383       0.018
 Gaia DR3 392534206691352064   6.0306502  47.8979639 19.343  2.854       2.824   3.9550  22.6344   -29.99      nan      nan    3.081  nan      nan    nan   1.035     nan                                None       1.081      -7.707       2.018       0.285      -9.284       0.212
Gaia DR3 1926322007971654400 359.9883822  45.8328821 17.631  2.573       2.438   3.8914  22.8723   -29.62      nan      nan    3.013  nan      nan    nan   1.015     nan                                None       0.295      -8.169      -1.244       0.101      -8.340       0.081
 Gaia DR3 382980210856756864   3.5190556  40.1104101 16.807  2.399       4.607   4.0414  23.1001   -28.15      nan      nan    3.078  nan      nan    nan   1.009     nan                                None       0.757     -10.241       2.010       0.051      -7.527       0.036
 Gaia DR3 384057938410343296   1.3861464  41.4112379 17.379  2.581       4.385   3.6539  23.1462   -28.53      nan      nan    2.971  nan      nan    nan   0.987     nan                                None       0.465      -9.469      -1.745       0.073     -11.100       0.060
 Gaia DR3 385880859970522240   5.0645385  45.3795225 17.647  2.264       2.186   1.3598  23.1865   -29.46      nan      nan    2.866  nan      nan    nan   1.001     nan                                None       0.890      -7.949       0.101       0.093      -9.008       0.075
 Gaia DR3 392244867630143360   4.6663849  46.8520374 20.070  2.314       4.840   2.8277  23.2153   -29.79      nan      nan    2.912  nan      nan    nan   0.991     nan                                None       0.856      -7.603       1.778       0.419     -10.428       0.326
 Gaia DR3 381858331038922624   8.1927992  41.5552163 12.553  0.910       2.464   3.4775  23.2254   -28.44   -16.35     2.38    3.180  nan      nan    nan   1.049     nan                            Gaia_DR3       1.401     -10.160       2.340       0.013      -8.801       0.012
 Gaia DR3 383278968782256768   3.3478313  41.0682660 17.010  2.673       3.027   3.1617  23.4531   -28.42      nan      nan    3.208  nan      nan    nan   0.963     nan                                None       0.766     -10.355      -0.417       0.051     -12.026       0.044
 Gaia DR3 386032214617698304   3.1568260  45.4307185 10.199  0.717       3.709   1.8524  23.7767   -29.50   -26.01     0.22    3.271  nan      nan    nan   0.843     nan                            Gaia_DR3       0.755      -9.033      -1.548       0.015     -10.146       0.010
 Gaia DR3 384050894663990528   1.4737790  41.3389736 18.230  2.633       1.191   3.6630  23.9420   -28.51      nan      nan    3.177  nan      nan    nan   2.175     nan                                None       0.509     -10.148       0.696       0.253      -9.373       0.216
Gaia DR3 1921608917018679296 359.6926202  42.1948534 16.437  2.123       4.443   4.1924  24.0363   -28.75      nan      nan    3.087  nan      nan    nan   0.955     nan                                None       0.264      -9.577      -2.124       0.039     -11.207       0.041
 Gaia DR3 393122479773292800   2.9081756  48.0473149 17.701  2.664       3.342   4.2414  24.2063   -30.07      nan      nan    3.072  nan      nan    nan   0.997     nan                                None       0.677      -7.599      -0.167       0.086      -9.591       0.072
 Gaia DR3 386153809436602880   3.5625058  45.9849282 19.645  2.942       4.507   2.1613  24.5422   -29.62      nan      nan    3.271  nan      nan    nan   1.035     nan                                None       0.811      -8.840       1.016       0.316      -5.738       0.245
 Gaia DR3 388775766710246400   6.8447999  45.0059790 19.230  2.673       3.006   1.7209  24.8504   -29.34      nan      nan    3.288  nan      nan    nan   0.952     nan                                None       1.265      -9.276      -0.584       0.300     -10.235       0.177
 Gaia DR3 385487471028257664   4.1102398  43.7132609 10.489  0.690       2.344   0.6248  25.0296   -29.08     0.23     0.30    3.307  nan      nan    nan   1.008     nan                            Gaia_DR3       0.896      -9.755      -0.163       0.013     -11.000       0.012
Gaia DR3 1922986910029638144 358.7935851  44.1750314 19.467  2.839       2.002   4.3573  25.0997   -29.24      nan      nan    3.099  nan      nan    nan   1.391     nan                                None       0.148      -8.954      -0.656       0.384      -9.986       0.337
 Gaia DR3 387851494044115456   9.4342946  44.6036089 15.380  1.714       3.316   3.3233  25.1321   -29.17      nan      nan    2.915  nan      nan    nan   1.041     nan                                None       1.434      -8.391       1.965       0.031     -10.358       0.032
 Gaia DR3 384445821201100800   0.1809285  42.6446163 19.356  2.846       3.889   3.6724  25.5336   -28.86      nan      nan    2.932  nan      nan    nan   0.963     nan                                None       0.311      -8.956       2.692       0.304      -8.632       0.208
 Gaia DR3 389164860685470336   8.5271645  46.2853619 13.742  1.192       4.865   3.4326  25.7369   -29.59     1.21     2.05    2.913  nan      nan    nan   1.356     nan                            Gaia_DR3       1.324      -7.841       0.573       0.016      -4.949       0.013
 Gaia DR3 381213738054294272   9.3157240  41.1699668 17.908  2.620       3.453   4.3494  25.7388   -28.31      nan      nan    3.002  nan      nan    nan   1.031     nan                                None       1.462      -9.733       3.126       0.109     -11.150       0.106
 Gaia DR3 387940000434974592  11.1469413  44.4188703 19.474  2.762       2.575   4.5217  25.8718   -29.08      nan      nan    3.047  nan      nan    nan   1.015     nan                                None       1.713      -8.866       3.364       0.402      -8.972       0.297
 Gaia DR3 380263210248789632   6.1072764  40.7265522 17.913  2.860       4.084   3.4272  25.8803   -28.27      nan      nan    2.911  nan      nan    nan   0.991     nan                                None       1.031      -9.526       0.425       0.116      -7.094       0.103
 Gaia DR3 387096022180624256   0.8242350  46.8149922 16.755  2.549       3.327   3.9727  25.9253   -29.83      nan      nan    3.187  nan      nan    nan   2.055     nan                                None       0.424      -8.302      -1.486       0.326      -9.463       0.190
 Gaia DR3 392773934587562368   3.8477151  48.4862842 19.091  2.992       1.695   4.5131  25.9685   -30.15      nan      nan    3.034  nan      nan    nan   1.065     nan                                None       0.788      -7.367       1.102       0.302      -6.330       0.207
 Gaia DR3 384381877728637952   0.9245951  42.3084249 18.574  2.936       4.701   3.3447  26.0038   -28.77      nan      nan    2.905  nan      nan    nan   0.998     nan                                None       0.399      -8.980       0.525       0.145      -6.104       0.124
 Gaia DR3 388092768127055488  11.1404484  44.8377476 13.425  1.102       2.972   4.5566  26.0362   -29.18   -29.06     1.49    3.081  nan      nan    nan   0.992     nan                            Gaia_DR3       1.731      -8.826      -0.199       0.013      -8.858       0.011
 Gaia DR3 393165055785968640   2.0891593  48.1706007 16.372  2.186       2.890   4.5658  26.0865   -30.10      nan      nan    3.052  nan      nan    nan   0.956     nan                                None       0.568      -7.502      -0.837       0.042      -8.719       0.040
 Gaia DR3 392812112554090368   4.6478046  48.5027484 10.666  0.657       0.605   4.4775  26.1590   -30.14   -38.89     0.38    3.014  nan      nan    nan   0.941     nan                            Gaia_DR3       0.884      -7.321       1.096       0.014      -7.001       0.011
Gaia DR3 1927178355730933888 359.5223646  46.6285163 18.558  2.674       4.809   4.5638  26.3172   -29.80      nan      nan    3.030  nan      nan    nan   1.007     nan                                None       0.237      -7.951       2.430       0.159      -5.799       0.166
 Gaia DR3 386327880166667776   2.8500779  44.4087424 17.350  2.305       3.893   1.4895  26.3649   -29.27      nan      nan    3.310  nan      nan    nan   1.031     nan                                None       0.722      -9.504       1.119       0.079     -12.192       0.061
 Gaia DR3 381033693022277248   8.5468006  40.9634025 19.265  2.702       3.767   4.0957  26.4331   -28.27      nan      nan    2.953  nan      nan    nan   0.996     nan                                None       1.344      -9.622       0.122       0.266      -7.621       0.259
 Gaia DR3 385653359845953664   5.2112243  44.0446134 19.821  2.527       0.916   0.2536  26.4399   -29.14      nan      nan    2.828  nan      nan    nan   1.057     nan                                None       0.896      -8.253       1.440       0.358      -8.296       0.276
 Gaia DR3 385128102525998208   5.0480824  42.9963377 19.801  2.299       3.584   1.0403  26.5381   -28.89      nan      nan    2.833  nan      nan    nan   0.981     nan                                None       0.878      -8.583       0.587       0.331      -6.462       0.228
 Gaia DR3 387600289997051520   9.9907756  42.8837659 13.909  1.543       3.589   3.8959  26.5881   -28.73    15.62     2.52    3.207  nan      nan    nan   9.710     nan                            Gaia_DR3       1.651      -9.831       2.357       0.139      -7.510       0.123
 Gaia DR3 380301899315117696   5.0498918  40.0114646 18.062  2.718       3.571   4.0186  26.6191   -28.10      nan      nan    2.942  nan      nan    nan   1.017     nan                                None       0.912      -9.835      -1.120       0.140     -10.716       0.091
 Gaia DR3 392594684129281408   5.3463244  48.0398011 16.364  2.295       2.425   4.0264  26.7479   -30.03      nan      nan    3.199  nan      nan    nan   1.035     nan                                None       1.031      -7.942      -0.028       0.044      -9.188       0.035
 Gaia DR3 390972182921553792   7.8275979  47.5394768 20.000  2.724       1.311   4.0758  26.8349   -29.88      nan      nan    2.944  nan      nan    nan   1.125     nan                                None       1.253      -7.507       1.192       0.444      -8.318       0.341
Gaia DR3 1921780543911610496 359.0149853  42.1257113  9.723  0.541       3.465   4.6720  26.8624   -28.73     1.42     0.26    3.035  nan      nan    nan   1.500     nan                            Gaia_DR3       0.173      -9.435      -1.949       0.018      -8.793       0.020
 Gaia DR3 392478410771029760   4.8525291  47.5287378 19.303  2.159       3.623   3.5011  26.8851   -29.93      nan      nan    3.241  nan      nan    nan   1.361     nan                                None       0.978      -8.224       3.127       0.428      -6.995       0.274
 Gaia DR3 386426561334804608   1.6333718  45.2229938 17.079  2.034       3.199   2.5882  26.9597   -29.47      nan      nan    3.287  nan      nan    nan   7.415     nan                                None       0.549      -9.137      -0.338       0.401      -7.106       0.335
 Gaia DR3 392573415451461632   5.8500152  48.1635962 16.233  2.055       2.351   4.1926  27.3884   -30.05      nan      nan    2.944  nan      nan    nan   1.154     nan                                None       1.011      -7.278      -0.410       0.063      -6.946       0.063
 Gaia DR3 384304396517620096   0.2642056  41.8221186 18.631  2.714       2.954   4.0221  27.4334   -28.65      nan      nan    2.929  nan      nan    nan   1.036     nan                                None       0.321      -9.203      -1.161       0.167     -10.267       0.135
 Gaia DR3 388080707858974080  11.3198895  45.2060251 15.954  2.066       3.849   4.7459  27.4845   -29.26      nan      nan    3.023  nan      nan    nan   1.019     nan                                None       1.721      -8.544       4.171       0.044      -8.661       0.034
 Gaia DR3 387538579906544128  10.4385864  43.2544223 14.111  1.340       2.225   4.1101  27.5876   -28.81   -18.90     2.45    3.207  nan      nan    nan   0.989     nan                            Gaia_DR3       1.710      -9.715       2.704       0.016      -8.586       0.015
 Gaia DR3 392816815541636352   4.3683816  48.4287077 19.517  2.676       4.940   4.4142  27.5991   -30.13      nan      nan    3.176  nan      nan    nan   1.037     nan                                None       0.894      -7.737       2.387       0.448      -4.786       0.308
 Gaia DR3 393008645960610560   2.4178311  47.6562282 18.590  2.645       0.796   4.0069  27.7452   -29.99      nan      nan    3.219  nan      nan    nan   0.989     nan                                None       0.644      -8.098       0.891       0.176      -8.579       0.137
 Gaia DR3 383157438386058624   2.4853278  40.5702604 19.183  1.892       2.696   3.8772  27.8782   -28.29      nan      nan    2.912  nan      nan    nan   0.960     nan                                None       0.590      -9.544       0.288       0.229     -11.171       0.170
 Gaia DR3 391050484470571392   7.1465567  48.1064015 18.289  2.997       4.769   4.3761  27.8888   -30.01      nan      nan    3.187  nan      nan    nan   0.992     nan                                None       1.266      -7.917       4.468       0.133      -8.045       0.113
Gaia DR3 2882014078859698688   0.7612168  40.6974635 13.399  1.129       4.879   4.4998  27.9204   -28.35   -24.23     1.27    2.966  nan      nan    nan   1.044     nan                            Gaia_DR3       0.387      -9.671       0.531       0.012      -6.624       0.010
Gaia DR3 2882190580539040512 359.9376319  40.6920749 18.876  2.850       3.068   4.9330  28.2143   -28.35      nan      nan    3.048  nan      nan    nan   1.058     nan                                None       0.292      -9.937       0.101       0.228      -7.974       0.191
 Gaia DR3 390742483776159872   9.0288158  47.3215875 18.092  2.592       4.207   4.3962  28.2403   -29.80      nan      nan    3.193  nan      nan    nan   1.001     nan                                None       1.517      -8.241       4.140       0.101      -9.309       0.078
 Gaia DR3 386415355766515840   1.8487737  44.9967477 18.493  3.112       2.644   2.3552  28.3176   -29.42      nan      nan    2.843  nan      nan    nan   0.890     nan                                None       0.500      -7.974       1.431       0.135      -9.256       0.117
 Gaia DR3 379346286271444864   7.0684040  39.4695707 17.264  2.441       4.347   4.8463  28.3478   -27.90      nan      nan    3.009  nan      nan    nan   0.964     nan                                None       1.186     -10.251       3.886       0.071     -10.811       0.071
 Gaia DR3 375478139940571136  11.5894501  43.1143392 18.450  2.743       2.866   4.9594  28.5609   -28.74      nan      nan    3.106  nan      nan    nan   0.940     nan                                None       1.802      -9.478       3.646       0.158      -9.826       0.148
 Gaia DR3 382838717453986560   2.7109984  39.3114788 15.600  1.794       2.940   4.9812  28.5924   -27.94      nan      nan    3.038  nan      nan    nan   0.984     nan                                None       0.645     -10.353      -0.952       0.028      -9.354       0.023
 Gaia DR3 386290183237804160   2.1685096  44.3143644 19.591  2.555       3.976   1.9511  28.6330   -29.25      nan      nan    3.327  nan      nan    nan   1.029     nan                                None       0.630      -9.580      -2.105       0.331      -9.039       0.269
 Gaia DR3 382901797637504384   2.2728778  39.5372420 17.600  2.650       4.615   4.8863  28.6775   -28.01      nan      nan    3.133  nan      nan    nan   0.991     nan                                None       0.607     -10.601       3.409       0.088      -9.399       0.062
 Gaia DR3 375863961147179776  11.7473689  43.4534558 19.638  2.788       2.980   5.0080  28.7076   -28.82      nan      nan    3.096  nan      nan    nan   1.049     nan                                None       1.817      -9.340       1.694       0.392     -11.281       0.314
 Gaia DR3 375865198097792768  11.6792831  43.5331660 18.118  2.722       2.956   4.9473  28.7584   -28.84      nan      nan    3.121  nan      nan    nan   0.958     nan                                None       1.823      -9.389       3.406       0.138     -10.518       0.109
 Gaia DR3 389594765434964992  11.5439463  45.6505939 18.975  2.933       3.300   5.0083  28.7977   -29.35      nan      nan    3.034  nan      nan    nan   1.014     nan                                None       1.755      -8.435       3.002       0.264      -6.731       0.208
 Gaia DR3 388949253326511360   6.3194764  45.7895559 15.580  1.743       2.866   2.0429  28.8621   -29.53      nan      nan    2.830  nan      nan    nan   1.048     nan                                None       1.027      -7.738      -0.173       0.030      -6.520       0.022
 Gaia DR3 387215289129180928   1.5162590  47.2921495 13.026  1.074       4.842   4.0137  29.0269   -29.93   -22.35     1.21    3.241  nan      nan    nan   1.130     nan                            Gaia_DR3       0.525      -8.277       3.084       0.013      -6.180       0.013
Gaia DR3 1927164676257801728 359.8293297  46.4997792 18.715  2.903       4.754   4.3167  29.0506   -29.77      nan      nan    3.217  nan      nan    nan   2.345     nan                                None       0.293      -8.488       2.841       0.429      -6.511       0.397
 Gaia DR3 379318386163597952   6.9288107  39.1879769 18.291  2.753       3.415   5.0805  29.0708   -27.83      nan      nan    3.092  nan      nan    nan   0.997     nan                                None       1.200     -10.618      -0.011       0.169      -8.751       0.134
 Gaia DR3 380009910258339840   5.4120738  38.9330707 18.798  2.818       4.728   5.1113  29.1851   -27.79      nan      nan    3.083  nan      nan    nan   1.048     nan                                None       1.002     -10.651      -1.018       0.167     -12.967       0.179
 Gaia DR3 389201208990605312   8.8500835  46.6464451 19.390  2.810       3.454   3.8368  29.1952   -29.66      nan      nan    3.256  nan      nan    nan   1.017     nan                                None       1.523      -8.642       2.598       0.360     -10.755       0.227
Gaia DR3 1922793224185237888 358.0328226  43.1477496 18.107  2.727       4.751   5.0207  29.2328   -28.99      nan      nan    3.014  nan      nan    nan   1.023     nan                                None       0.047      -9.040       3.048       0.123      -8.716       0.102
 Gaia DR3 389548384085229696   6.5350100  47.6898521 19.194  2.839       3.445   3.8434  29.3460   -29.94      nan      nan    2.891  nan      nan    nan   0.923     nan                                None       1.075      -7.306       1.532       0.243      -9.355       0.188
Gaia DR3 1925868180250958720 357.7823333  43.9212138 18.487  2.621       1.047   5.0925  29.4471   -29.18      nan      nan    3.023  nan      nan    nan   1.028     nan                                None       0.015      -8.819      -0.435       0.143      -9.311       0.129
 Gaia DR3 393374031716612352   1.4737145  48.5741523 17.644  2.567       2.443   5.1116  29.4588   -30.19      nan      nan    3.029  nan      nan    nan   1.081     nan                                None       0.486      -7.306       2.019       0.086      -7.020       0.083
 Gaia DR3 387888907503489408  11.4873025  43.9331482 16.058  1.968       3.293   4.7690  29.4636   -28.95      nan      nan    2.964  nan      nan    nan   1.005     nan                                None       1.708      -8.786      -0.336       0.037      -8.547       0.034
 Gaia DR3 387412887688980096  10.0762910  42.8982079 18.645  2.867       2.489   3.9506  29.5282   -28.73      nan      nan    3.254  nan      nan    nan   1.012     nan                                None       1.687      -9.972       3.151       0.187     -10.850       0.170
 Gaia DR3 383236775021433600   2.7836461  40.5749422 19.900  2.572       2.625   3.7782  29.7778   -28.29      nan      nan    2.882  nan      nan    nan   0.992     nan                                None       0.620      -9.445       2.204       0.364      -9.636       0.294
 Gaia DR3 379847599149887744   3.3765982  39.2702855 14.773  1.526       2.927   4.8844  29.7878   -27.92    15.23     3.33    2.972  nan      nan    nan   0.997     nan                            Gaia_DR3       0.713     -10.145      -1.103       0.020     -10.400       0.014
 Gaia DR3 383107135731461120   1.9478192  39.8096631 19.973  2.431       3.685   4.7409  30.0520   -28.09      nan      nan    3.196  nan      nan    nan   1.017     nan                                None       0.576     -10.721       2.093       0.426      -8.757       0.308
 Gaia DR3 382894174071614592   2.3110490  39.3245487 10.695  0.740       2.647   5.0729  30.0531   -27.95    -2.45     0.26    3.147  nan      nan    nan   1.108     nan                            Gaia_DR3       0.615     -10.719       0.060       0.013     -12.385       0.010
 Gaia DR3 382674954644225408   7.2168076  43.7267060 19.225  2.695       4.462   1.7257  30.1455   -29.02      nan      nan    2.813  nan      nan    nan   1.087     nan                                None       1.126      -8.328      -0.308       0.300      -6.104       0.190
 Gaia DR3 384952253681023744   1.4566590  43.8255271  8.908  1.208       3.118   2.4588  30.1556   -29.14    -8.20     0.14    2.829  nan      nan    nan   1.008     nan                            Gaia_DR3       0.451      -8.289       1.857       0.013      -7.072       0.011
 Gaia DR3 389589164797891584  11.5915271  45.4889223 19.427  3.193       3.075   4.9970  30.2575   -29.31      nan      nan    3.167  nan      nan    nan   0.993     nan                                None       1.838      -8.861       2.262       0.272     -10.870       0.240
 Gaia DR3 387835860363760384   9.0910455  44.4956144 10.645  0.537       4.755   3.0662  30.3283   -29.16   -11.87     0.66    2.845  nan      nan    nan   0.860     nan                            Gaia_DR3       1.359      -8.218       3.528       0.020      -6.366       0.018
 Gaia DR3 389599575798280064  12.0848448  45.5829542 15.514  1.941       1.971   5.3551  30.5361   -29.32      nan      nan    3.074  nan      nan    nan   0.970     nan                                None       1.846      -8.581       1.443       0.032      -9.793       0.025
 Gaia DR3 392779539522045312   3.8080700  48.6535342 12.670  1.002       4.749   4.6824  30.5445   -30.18   -18.92     2.06    2.934  nan      nan    nan   1.061     nan                            Gaia_DR3       0.757      -7.068       1.023       0.013      -4.143       0.012
 Gaia DR3 379410199679734144   7.1915075  39.9625878 16.826  2.665       3.388   4.4186  30.6329   -28.04      nan      nan    3.239  nan      nan    nan   1.055     nan                                None       1.293     -10.869       1.367       0.058     -13.181       0.060
 Gaia DR3 379809253681953408   3.2968867  38.8288337 17.249  2.635       1.079   5.3288  30.6582   -27.80      nan      nan    3.032  nan      nan    nan   2.468     nan                                None       0.718     -10.487       0.449       0.132     -11.122       0.107
 Gaia DR3 375854065542776576  12.0041204  43.4098566 18.718  3.003       3.225   5.1990  30.6700   -28.80      nan      nan    2.997  nan      nan    nan   0.939     nan                                None       1.790      -9.060       3.455       0.215     -10.234       0.142
Gaia DR3 1927450759738620416 359.8250451  47.3942361 14.517  1.471       2.785   4.8655  30.6707   -29.96   -27.43     3.26    3.196  nan      nan    nan   1.022     nan                            Gaia_DR3       0.291      -8.116      -0.291       0.018      -9.900       0.017
 Gaia DR3 394192545103488768   5.1306145  49.2446328  9.954  0.554       2.419   5.2204  30.7533   -30.28    18.85     7.38    3.144  nan      nan    nan   0.944     nan                            Gaia_DR3       0.985      -7.384       2.110       0.015      -6.241       0.013
Gaia DR3 1922885858040512640 358.0789357  43.8622981 17.946  2.636       4.209   4.8833  30.8223   -29.17      nan      nan    3.197  nan      nan    nan   1.024     nan                                None       0.056      -9.346       1.431       0.099     -11.828       0.083
Gaia DR3 1926046816530644352 359.3011783  44.8972846 18.665  2.959       0.228   4.0602  30.9523   -29.41      nan      nan    3.270  nan      nan    nan   0.982     nan                                None       0.226      -9.196       0.329       0.194      -9.314       0.143
 Gaia DR3 382298066969436544   8.1746000  42.5332956 19.040    nan       4.105   2.8384  30.9554   -28.70      nan      nan    2.832  nan      nan    nan   1.059     nan                                None       1.246      -8.757       3.467       0.679      -7.721       0.288
 Gaia DR3 391914047773096960   4.8204489  46.0258766 13.418  0.869       2.844   1.9985  31.0206   -29.61    47.06     2.19    3.354  nan      nan    nan  25.938     nan                            Gaia_DR3       1.008      -9.064      -0.959       0.349      -8.645       0.260
 Gaia DR3 388367680392451456   9.7843520  45.5436586 19.471  2.905       2.476   3.8093  31.1884   -29.38      nan      nan    3.289  nan      nan    nan   1.031     nan                                None       1.665      -9.142       2.963       0.335     -10.265       0.310
 Gaia DR3 379380886528158592   6.4639255  39.4780806 19.986  2.464       3.646   4.7041  31.2086   -27.92      nan      nan    2.924  nan      nan    nan   1.038     nan                                None       1.079      -9.950      -1.012       0.444     -10.776       0.449
 Gaia DR3 394070636753263616   6.1417509  48.3306881 16.972  2.724       2.228   4.3936  31.3577   -30.08      nan      nan    3.254  nan      nan    nan   1.024     nan                                None       1.157      -7.986       0.171       0.070      -6.818       0.055
 Gaia DR3 388367676097212160   9.7851441  45.5438568 18.063  2.630       2.628   3.8099  31.3813   -29.38      nan      nan    3.292  nan      nan    nan   1.066     nan                                None       1.667      -9.149       3.159       0.143     -10.198       0.128
Gaia DR3 2881053999050228992   1.5183276  39.1684823 15.845  1.988       3.933   5.4626  31.3818   -27.92      nan      nan    3.107  nan      nan    nan   1.066     nan                                None       0.504     -10.628       2.670       0.027      -9.234       0.026
Gaia DR3 1921629528564695168 359.9721728  42.5807233 11.571  0.783       3.863   3.8387  31.4295   -28.84   -11.50     0.39    3.291  nan      nan    nan   1.053     nan                            Gaia_DR3       0.320     -10.074       0.771       0.017      -7.432       0.017
 Gaia DR3 392831968184648960   4.2569691  48.8039680 19.203  2.927       3.030   4.7943  31.4552   -30.20      nan      nan    3.221  nan      nan    nan   1.097     nan                                None       0.892      -7.712       2.799       0.224      -8.486       0.184
 Gaia DR3 389854838591399168  10.7240609  46.1965209 11.170  0.687       3.647   4.6711  31.4955   -29.50   -16.23     0.84    2.917  nan      nan    nan   1.861     nan                            Gaia_DR3       1.589      -7.919       3.687       0.043      -8.710       0.033
 Gaia DR3 393182132575668224   1.6765728  48.3128325 12.515  0.887       4.524   4.8178  31.5665   -30.14    12.22     1.67    3.221  nan      nan    nan   0.910     nan                            Gaia_DR3       0.544      -7.863      -2.086       0.010      -9.451       0.009
 Gaia DR3 389854838589008384  10.7243753  46.1956218 15.230  1.543       2.279   4.6709  31.6690   -29.50      nan      nan    2.914  nan      nan    nan   1.027     nan                                None       1.588      -7.911       2.965       0.040      -7.660       0.031
 Gaia DR3 380674294454199808   8.4655901  39.8261447 16.889  2.106       4.773   4.9839  31.7154   -27.96      nan      nan    2.941  nan      nan    nan   0.997     nan                                None       1.329      -9.930      -0.753       0.062      -7.827       0.054
 Gaia DR3 388022914777761792  11.8189341  44.4975459 19.549  2.798       2.563   5.0047  31.8338   -29.07      nan      nan    2.941  nan      nan    nan   0.983     nan                                None       1.734      -8.547       1.536       0.413     -10.123       0.254
 Gaia DR3 390988636941937280   7.5081467  47.6889820 19.223  2.973       0.133   4.0992  31.9493   -29.91      nan      nan    2.873  nan      nan    nan   0.941     nan                                None       1.184      -7.274       1.107       0.221      -7.294       0.181
 Gaia DR3 388203814506210944  10.1304772  45.0025480 19.096  2.880       1.692   3.8823  31.9786   -29.25      nan      nan    2.861  nan      nan    nan   1.000     nan                                None       1.490      -8.127       0.485       0.242      -8.309       0.222
Gaia DR3 1921716493064259840 357.8644229  41.9451157 19.175  2.611       4.805   5.5221  32.0006   -28.69      nan      nan    3.018  nan      nan    nan   0.963     nan                                None       0.026      -9.437      -1.610       0.267     -12.020       0.216
 Gaia DR3 392823142030393216   4.2284699  48.6025176 18.437  0.877       3.290   4.5956  32.0146   -30.16      nan      nan    3.250  nan      nan    nan   1.068     nan                                None       0.896      -7.853      -1.170       0.224      -8.752       0.242
 Gaia DR3 388153069467638400  10.7403221  45.6807627 15.580  2.208       3.723   4.4835  32.1160   -29.39      nan      nan    3.260  nan      nan    nan   0.944     nan                                None       1.779      -9.034       3.505       0.028     -10.923       0.028
 Gaia DR3 384881262164289408   0.0055354  43.7410404 17.890  1.900       1.765   3.5095  32.1422   -29.13      nan      nan    2.843  nan      nan    nan   3.107     nan                                None       0.280      -8.353       1.119       0.291      -8.997       0.249
Gaia DR3 1927492090205320448 358.7476258  47.4179074 19.792  2.669       1.291   5.4469  32.1503   -29.97      nan      nan    3.151  nan      nan    nan   1.020     nan                                None       0.144      -7.991      -0.194       0.320      -7.203       0.272
Gaia DR3 1927221236681959040 358.9407390  46.7858581 18.319  2.700       2.958   4.9852  32.1647   -29.83      nan      nan    2.933  nan      nan    nan   1.488     nan                                None       0.158      -7.643       1.958       0.208      -7.318       0.207
 Gaia DR3 393367018031999232   1.2764575  48.3504628 19.929  0.153       4.012   4.9825  32.2008   -30.15      nan      nan    3.218  nan      nan    nan   1.020     nan                                None       0.489      -7.839      -2.232       0.404      -7.806       0.397
 Gaia DR3 386679066754961792   0.7305360  45.5592720 18.115  2.725       1.863   3.3056  32.2232   -29.55      nan      nan    2.835  nan      nan    nan   1.023     nan                                None       0.366      -7.774       0.253       0.115      -6.666       0.096
 Gaia DR3 381501878816479872   8.4942657  42.0883747  9.424  0.218       4.026   3.2880  32.2905   -28.57      nan      nan    2.834  nan      nan    nan   1.748     nan                                None       1.284      -8.900       3.651       0.029      -8.478       0.030
 Gaia DR3 393042803835476736   1.7074565  47.6053588 18.602  3.099       4.893   4.1975  32.3894   -29.99      nan      nan    2.873  nan      nan    nan   1.019     nan                                None       0.489      -7.238       2.063       0.160      -9.748       0.143
Gaia DR3 1939621838060906112 359.9402424  48.5820402 10.942  0.638       3.337   5.6799  32.5045   -30.20   -13.93     0.41    3.099  nan      nan    nan   0.975     nan                            Gaia_DR3       0.297      -7.463       0.515       0.012      -5.294       0.013
 Gaia DR3 380660237025793408   8.4357179  39.5438531 18.326  2.841       2.903   5.2156  32.5726   -27.89      nan      nan    2.949  nan      nan    nan   1.053     nan                                None       1.329     -10.042      -0.030       0.152     -11.230       0.141
Gaia DR3 1921465048499788672 358.8422069  41.3597409 12.329  0.861       4.735   5.1628  32.7493   -28.53    -7.20     1.99    3.210  nan      nan    nan   1.128     nan                            Gaia_DR3       0.160     -10.239      -2.879       0.011      -9.220       0.010
 Gaia DR3 379090134421693056   7.4724509  38.6782038 18.806  3.105       1.593   5.6969  32.7992   -27.67      nan      nan    3.029  nan      nan    nan   1.002     nan                                None       1.244     -10.569       2.163       0.240     -11.005       0.204
 Gaia DR3 384141466934448768   2.2928544  42.0957849 18.371  2.999       2.364   2.6919  32.9291   -28.70      nan      nan    3.359  nan      nan    nan   0.995     nan                                None       0.654     -10.470       0.171       0.143      -8.867       0.115
Gaia DR3 1922586619077817728 358.0547841  42.8631892 18.779  3.003       4.887   5.0740  32.9565   -28.92      nan      nan    2.927  nan      nan    nan   1.042     nan                                None       0.048      -8.868      -1.094       0.167     -11.659       0.152
Gaia DR3 2881799605371197056   0.0492790  39.4809743 19.902  2.954       3.644   5.7898  33.0831   -28.02      nan      nan    3.051  nan      nan    nan   1.087     nan                                None       0.306     -10.329       2.512       0.344      -9.538       0.330
Gaia DR3 1927472470793845888 358.6328632  47.0716704 19.242  2.956       3.509   5.3151  33.1540   -29.90      nan      nan    2.948  nan      nan    nan   1.096     nan                                None       0.121      -7.589      -2.008       0.232      -7.113       0.199
Gaia DR3 1926171065641212032 357.9986941  44.7512900 17.449  2.507       2.275   4.9542  33.1648   -29.38      nan      nan    3.241  nan      nan    nan   1.053     nan                                None       0.046      -9.163       1.569       0.083      -8.851       0.071
 Gaia DR3 390732553811284480   9.3245938  47.2590969 18.494  3.262       1.323   4.4917  33.1888   -29.78      nan      nan    2.880  nan      nan    nan   1.068     nan                                None       1.404      -7.458       1.752       0.161      -6.735       0.123
 Gaia DR3 389799618195202944  11.2280694  46.6797152 17.595  2.523       3.090   5.1999  33.1930   -29.60      nan      nan    2.935  nan      nan    nan   0.965     nan                                None       1.660      -7.824       3.488       0.084      -7.267       0.083
Gaia DR3 1927066549143931264 357.0665863  45.6835442 17.193  2.460       3.915   5.7642  33.1957   -29.59      nan      nan    3.117  nan      nan    nan   1.064     nan                                None      -0.078      -8.498       0.882       0.061     -10.886       0.054
Gaia DR3 2882100248787242752 358.9911330  40.1546118 18.679  3.049       1.741   5.8250  33.2030   -28.21      nan      nan    3.073  nan      nan    nan   1.076     nan                                None       0.172     -10.187      -0.278       0.150      -9.153       0.133
 Gaia DR3 386710613291342464   0.0281123  46.0704294 17.949  2.789       4.838   3.9768  33.2643   -29.67      nan      nan    2.852  nan      nan    nan   0.974     nan                                None       0.284      -7.657       0.309       0.107     -10.565       0.093
 Gaia DR3 393357122426445952   0.1659962  48.6891291 19.335  2.890       3.784   5.6739  33.4256   -30.22      nan      nan    3.153  nan      nan    nan   1.070     nan                                None       0.332      -7.558       1.392       0.238      -9.839       0.209
Gaia DR3 2881116499414128128   1.2446305  39.3130372 13.404  1.106       1.836   5.4316  33.4521   -27.96     2.89     1.87    3.195  nan      nan    nan   0.972     nan                            Gaia_DR3       0.481     -10.877      -0.121       0.010     -11.957       0.010
 Gaia DR3 382297993955287168   8.1936234  42.5153537 17.017  2.226       1.673   2.8599  33.5721   -28.69      nan      nan    3.362  nan      nan    nan   0.982     nan                                None       1.482     -10.404       2.503       0.075     -11.006       0.068
Gaia DR3 1922834185288799104 357.3870602  43.3185928 17.349  2.560       2.692   5.4490  33.5788   -29.04      nan      nan    2.955  nan      nan    nan   1.000     nan                                None      -0.034      -8.809      -0.852       0.069      -7.346       0.061
 Gaia DR3 388836037989266688   6.5231917  45.3453408 19.775    nan       3.481   1.7708  33.5824   -29.42      nan      nan    2.785  nan      nan    nan   0.988     nan                                None       1.034      -7.752      -0.620       0.583      -6.552       0.436
Gaia DR3 1926690447446095872 356.8733613  45.5704343 20.077  2.826       1.645   5.8701  33.6195   -29.57      nan      nan    3.104  nan      nan    nan   1.064     nan                                None      -0.103      -8.500      -0.799       0.493      -9.322       0.409
Gaia DR3 1926050359879833344 359.3839826  44.9834513 16.649  2.328       2.648   4.0193  33.6507   -29.43      nan      nan    3.314  nan      nan    nan   1.010     nan                                None       0.240      -9.290       1.548       0.049     -10.598       0.039
Gaia DR3 1922467085845517312 356.9011782  43.1488328 19.964  2.477       4.039   5.8284  33.7158   -28.99      nan      nan    3.128  nan      nan    nan   1.087     nan                                None      -0.100      -9.382       2.453       0.419      -8.625       0.356
 Gaia DR3 389740175846036352  12.3392086  46.3606146 11.510  0.824       3.928   5.7613  33.8751   -29.49      nan      nan    3.153  nan      nan    nan   0.959     nan                                None       1.926      -8.540       4.504       0.014      -8.134       0.013
 Gaia DR3 383587755455046784   4.5297603  41.6879650 19.981  2.874       4.992   2.3521  33.8940   -28.56      nan      nan    3.381  nan      nan    nan   1.043     nan                                None       0.975     -10.704      -2.540       0.388     -11.260       0.308
 Gaia DR3 388735741912839936   6.9254847  44.4865028 12.726  0.972       2.455   1.5493  33.9105   -29.21   -17.28     1.79    3.398  nan      nan    nan   0.962     nan                            Gaia_DR3       1.319      -9.779       1.308       0.010     -11.537       0.008
 Gaia DR3 392931031607898368   3.6839893  49.4088025 19.232  1.335       3.900   5.4410  33.9629   -30.33      nan      nan    3.207  nan      nan    nan   0.992     nan                                None       0.811      -7.455       0.026       0.450      -4.938       0.439
 Gaia DR3 375214184134960000  11.8708594  41.3114593 19.126  2.812       0.846   5.8244  33.9929   -28.26      nan      nan    3.005  nan      nan    nan   0.939     nan                                None       1.778      -9.745       1.444       0.262      -9.326       0.194
Gaia DR3 2880883364293123840   1.8792156  39.0135330 18.770  3.029       4.856   5.4871  33.9965   -27.87      nan      nan    3.202  nan      nan    nan   0.945     nan                                None       0.568     -11.003       1.017       0.146     -14.249       0.144
 Gaia DR3 386751741898994944   2.8208260  45.1820876 15.391  1.951       4.074   1.8544  34.0235   -29.45      nan      nan    3.394  nan      nan    nan   1.019     nan                                None       0.736      -9.460      -1.727       0.025     -11.020       0.024
 Gaia DR3 382919978235340032   2.8284075  39.7951291 19.373  2.944       2.618   4.4938  34.0463   -28.08      nan      nan    2.869  nan      nan    nan   1.014     nan                                None       0.623      -9.635      -0.569       0.252      -8.592       0.181
 Gaia DR3 381824104442967936   7.7807108  41.1705911 16.280  2.059       3.693   3.5754  34.1000   -28.35      nan      nan    3.342  nan      nan    nan   0.977     nan                                None       1.416     -10.807      -1.176       0.045     -11.041       0.046
 Gaia DR3 379168341481339264   6.2456416  38.3335259 14.120  1.335       4.637   5.7886  34.1424   -27.60   -32.05     2.27    3.157  nan      nan    nan   0.986     nan                            Gaia_DR3       1.136     -11.111       1.417       0.018     -14.185       0.016
 Gaia DR3 382211995826706048   6.3096892  42.8639722 13.640  1.233       2.937   1.5693  34.1667   -28.83   -35.39     1.32    3.401  nan      nan    nan   1.010     nan                            Gaia_DR3       1.233     -10.367       3.338       0.014     -10.346       0.009
 Gaia DR3 384769455575618176   1.6950660  43.9535640 17.246  2.612       3.744   2.2776  34.1838   -29.17      nan      nan    3.387  nan      nan    nan   1.183     nan                                None       0.574      -9.880      -2.023       0.068     -10.511       0.068
Gaia DR3 1922813668229731968 357.9468025  43.4158362 18.458  2.741       3.416   5.0315  34.2228   -29.06      nan      nan    3.255  nan      nan    nan   1.005     nan                                None       0.039      -9.670      -2.293       0.148      -9.432       0.112
 Gaia DR3 387435324598177920  10.3779108  42.9636673 18.351  2.816       1.801   4.1414  34.2848   -28.74      nan      nan    3.317  nan      nan    nan   1.035     nan                                None       1.760     -10.149       2.207       0.158     -11.327       0.130
Gaia DR3 1927203129099965824 358.8670459  46.5390982 19.497  2.705       0.220   4.9055  34.3463   -29.78      nan      nan    2.891  nan      nan    nan   1.033     nan                                None       0.147      -7.612       0.074       0.295      -7.499       0.267
 Gaia DR3 386459203087484032   1.8715925  45.5705605 19.752  2.878       1.959   2.6218  34.3565   -29.55      nan      nan    3.380  nan      nan    nan   1.086     nan                                None       0.598      -9.270       1.520       0.390      -8.223       0.305
 Gaia DR3 391370412291693056   8.6909758  49.3114153 15.886  2.197       4.418   5.8999  34.3599   -30.21      nan      nan    3.008  nan      nan    nan   1.084     nan                                None       1.387      -7.096      -1.399       0.035      -6.807       0.030
 Gaia DR3 377510484105944960  13.1983790  45.1468013 10.998  0.679       3.863   6.0406  34.4375   -29.18     3.00     1.22    3.066  nan      nan    nan   2.755     nan                            Gaia_DR3       1.980      -8.728       4.470       0.056      -8.907       0.045
 Gaia DR3 375303317592604160  11.5542302  41.8804944 17.804  2.675       4.201   5.3477  34.4858   -28.42      nan      nan    2.925  nan      nan    nan   1.134     nan                                None       1.693      -9.306      -0.889       0.138      -9.517       0.097
Gaia DR3 1939794736270601088 358.8371406  48.4159483 18.471  2.536       4.821   6.0476  34.5175   -30.17      nan      nan    3.056  nan      nan    nan   1.919     nan                                None       0.151      -7.413       1.847       0.224     -10.015       0.206
 Gaia DR3 393800848383837952   1.2766889  49.4602783 19.480  2.732       3.973   5.9599  34.6548   -30.37      nan      nan    3.010  nan      nan    nan   1.123     nan                                None       0.458      -6.960      -0.691       0.308      -9.205       0.288
 Gaia DR3 381699485968204160   6.8942416  40.5768090 11.104  0.739       0.393   3.7644  34.6908   -28.21   -27.12     0.46    2.827  nan      nan    nan   7.068     nan                            Gaia_DR3       1.094      -9.305       0.892       0.126      -9.424       0.111
Gaia DR3 1927527210154100864 359.5422007  47.7955075 20.083  2.584       2.861   5.2780  34.7419   -30.05      nan      nan    3.242  nan      nan    nan   1.077     nan                                None       0.257      -8.090      -0.680       0.458      -6.374       0.409
Gaia DR3 1927133340176253952 358.9455249  46.1940921 17.326  2.567       1.279   4.7007  34.9350   -29.71      nan      nan    3.293  nan      nan    nan   1.003     nan                                None       0.178      -8.795       0.607       0.070      -9.573       0.071
Gaia DR3 1925758611344404608 356.8756923  44.1824581 19.335  2.759       1.701   5.7326  35.0080   -29.24      nan      nan    3.195  nan      nan    nan   1.002     nan                                None      -0.106      -9.230      -0.565       0.237     -10.280       0.219
 Gaia DR3 384601062794860416   2.1456185  42.6961973 17.418  2.103       3.851   2.3799  35.1086   -28.85      nan      nan    2.784  nan      nan    nan   3.297     nan                                None       0.525      -8.497       0.432       0.226      -6.240       0.189
 Gaia DR3 384310345048170752   0.3193969  41.8750518 13.124  0.983       4.241   3.9582  35.1279   -28.66   -32.85     1.58    2.831  nan      nan    nan   0.960     nan                            Gaia_DR3       0.316      -8.878      -0.625       0.010     -11.227       0.010
Gaia DR3 2880889239808994560   2.1101284  39.1663296 18.739  2.869       0.360   5.2773  35.1962   -27.91      nan      nan    2.907  nan      nan    nan   0.995     nan                                None       0.544      -9.946       0.764       0.141      -9.930       0.140
 Gaia DR3 381152405919860608  10.1919498  40.6521593 18.918  2.656       2.023   5.1875  35.2296   -28.14      nan      nan    3.261  nan      nan    nan   1.034     nan                                None       1.706     -10.762       2.100       0.232      -9.428       0.185
 Gaia DR3 390341677427143552  11.6867493  47.9938184 19.149  2.752       4.086   6.1777  35.2342   -29.86      nan      nan    3.061  nan      nan    nan   1.054     nan                                None       1.789      -7.731       0.946       0.239     -10.230       0.224
 Gaia DR3 394183512791373952   5.5968686  49.3564045 14.857  1.594       2.611   5.3527  35.2735   -30.29   -23.85     4.28    2.912  nan      nan    nan   1.013     nan                            Gaia_DR3       0.969      -6.808       0.750       0.022      -8.396       0.020
 Gaia DR3 368519292193480704   9.4740090  38.9318614 18.689  2.901       2.697   6.1555  35.3270   -27.68      nan      nan    3.035  nan      nan    nan   1.000     nan                                None       1.498     -10.543       0.556       0.202     -11.988       0.169
Gaia DR3 1925517337262442624 356.2867625  43.5649416 15.116  1.610       2.372   6.2021  35.3819   -29.09    -0.92     9.32    3.059  nan      nan    nan   0.982     nan                            Gaia_DR3      -0.177      -9.042      -1.653       0.022      -8.640       0.020
 Gaia DR3 379372159154447744   6.8139725  39.4868229 19.182  2.793       2.841   4.7687  35.3889   -27.91      nan      nan    3.296  nan      nan    nan   1.004     nan                                None       1.264     -11.218       3.175       0.223     -10.725       0.228
 Gaia DR3 368519124689682560   9.4947296  38.9229208 10.785  0.575       2.726   6.1717  35.4350   -27.68     1.60     0.43    3.034  nan      nan    nan   1.687     nan                            Gaia_DR3       1.500     -10.542       0.874       0.026     -12.169       0.022
 Gaia DR3 384717645387575296   2.1678727  43.4018418 14.103  1.223       2.658   2.0434  35.4628   -29.03    -8.41     3.05    2.774  nan      nan    nan   1.327     nan                            Gaia_DR3       0.526      -8.261       0.032       0.022      -6.787       0.016
 Gaia DR3 391650474222617216   7.3407310  50.0150857 19.155  2.830       4.543   6.2209  35.4658   -30.38      nan      nan    3.065  nan      nan    nan   0.988     nan                                None       1.242      -6.967       0.324       0.249      -9.755       0.197
 Gaia DR3 383396302991855360   4.2767345  40.7391596 17.092  2.751       2.771   3.3164  35.5070   -28.31      nan      nan    3.372  nan      nan    nan   1.016     nan                                None       0.937     -11.007       2.580       0.060      -9.922       0.042
 Gaia DR3 386906841757941504   2.5549566  46.1422526 18.322  2.731       1.649   2.6679  35.6033   -29.67      nan      nan    3.394  nan      nan    nan   2.523     nan                                None       0.698      -9.104       1.438       0.315      -8.185       0.260
 Gaia DR3 386298326495821568   2.1773185  44.4480619 19.470  2.773       1.676   1.9669  35.6900   -29.28      nan      nan    2.771  nan      nan    nan   1.005     nan                                None       0.526      -7.940       1.299       0.309      -8.542       0.219
Gaia DR3 2881886844748365824   0.6239145  39.6489132 11.318  0.731       4.854   5.3955  35.7588   -28.06     6.49     1.29    3.252  nan      nan    nan   2.848     nan                            Gaia_DR3       0.405     -10.958      -2.143       0.042      -8.818       0.036
 Gaia DR3 378770386991727104   6.1852536  37.8840246 15.005  1.632       3.177   6.2244  35.7650   -27.47    -4.54     4.05    3.032  nan      nan    nan   1.059     nan                            Gaia_DR3       1.084     -10.807       2.123       0.023      -9.063       0.024
 Gaia DR3 389665172834495488  10.8617948  46.0567712 19.167  0.426       3.874   4.7000  35.8564   -29.47      nan      nan    3.309  nan      nan    nan   0.993     nan                                None       1.822      -9.036      -0.803       0.305      -8.392       0.226
 Gaia DR3 385096255345816960   5.5809657  42.3735073 17.694  2.610       2.916   1.7357  35.8631   -28.72      nan      nan    2.766  nan      nan    nan   0.982     nan                                None       0.919      -8.569       2.191       0.087      -9.698       0.058
 Gaia DR3 390245951195698048  11.7510305  47.8456975 18.402  2.701       0.482   6.1237  35.9492   -29.83      nan      nan    2.995  nan      nan    nan   1.048     nan                                None       1.758      -7.614       1.924       0.145      -7.869       0.145
Gaia DR3 1927050709300397440 357.2454823  45.5640426 11.122  0.656       4.375   5.6146  36.0095   -29.57    -4.26     0.77    3.235  nan      nan    nan   1.409     nan                            Gaia_DR3      -0.057      -8.862      -0.604       0.020      -5.929       0.017
 Gaia DR3 382955403124100864   3.5264709  39.8166419 17.689    nan       4.526   4.3260  36.0349   -28.07      nan      nan    3.334  nan      nan    nan   1.002     nan                                None       0.821     -11.194      -1.172       0.180      -8.715       0.079
 Gaia DR3 377720074213630720  12.8503072  46.2514652 18.294  2.970       4.853   6.0561  36.0429   -29.44      nan      nan    3.175  nan      nan    nan   1.474     nan                                None       2.006      -8.652       5.253       0.280      -8.600       0.220
 Gaia DR3 369227034086582528  10.9974017  40.7348490 19.692  2.583       3.560   5.6010  36.0836   -28.14      nan      nan    3.238  nan      nan    nan   1.028     nan                                None       1.801     -10.677       3.827       0.397     -12.019       0.300
 Gaia DR3 389485677562831488   7.4144230  47.5585183 18.086  2.740       4.641   3.9544  36.1091   -29.89      nan      nan    2.820  nan      nan    nan   3.026     nan                                None       1.152      -7.181       3.882       0.347      -6.780       0.273
Gaia DR3 2877765359771620352   2.7914762  37.9874057 18.077  2.764       3.450   6.2379  36.1533   -27.56      nan      nan    3.014  nan      nan    nan   0.970     nan                                None       0.650     -10.679      -1.256       0.092     -11.762       0.074
Gaia DR3 2880744069913530496   1.0985271  38.3465169 19.610  2.464       4.314   6.3452  36.1568   -27.68      nan      nan    3.076  nan      nan    nan   1.032     nan                                None       0.445     -10.778      -1.662       0.232     -12.619       0.201
 Gaia DR3 375741331241274368  13.6273933  43.6994848 18.940  2.853       4.294   6.3273  36.1607   -28.81      nan      nan    3.049  nan      nan    nan   1.040     nan                                None       2.022      -9.163      -0.668       0.306      -8.543       0.191
Gaia DR3 2877765359771621632   2.7903852  37.9802371 13.756  1.161       3.440   6.2451  36.2477   -27.56    -2.29     2.16    3.011  nan      nan    nan   1.272     nan                            Gaia_DR3       0.649     -10.672      -1.179       0.013     -11.866       0.010
Gaia DR3 1925850832882234240 356.8764783  44.8805054 15.536  1.840       4.509   5.7593  36.2532   -29.41      nan      nan    3.225  nan      nan    nan   1.014     nan                                None      -0.106      -9.072      -2.371       0.028     -11.137       0.023
 Gaia DR3 378160325541373952  12.7057475  47.2615950 18.859  3.065       2.944   6.3634  36.2767   -29.67      nan      nan    3.086  nan      nan    nan   1.072     nan                                None       1.931      -8.066       3.596       0.209      -9.014       0.184
 Gaia DR3 378055871938096768  13.1852823  46.5267729 17.857  2.386       1.788   6.3655  36.3096   -29.49      nan      nan    3.060  nan      nan    nan   1.446     nan                                None       1.974      -8.255       3.095       0.155      -8.529       0.102
 Gaia DR3 388664651610735872   7.7814314  44.8603149 19.569  2.703       4.944   2.2461  36.3233   -29.28      nan      nan    2.771  nan      nan    nan   1.022     nan                                None       1.174      -7.875       0.772       0.363     -10.734       0.229
 Gaia DR3 390566085176510976  10.7774848  48.4780427 15.413  1.821       1.672   6.0423  36.3403   -29.99      nan      nan    2.968  nan      nan    nan   1.060     nan                                None       1.624      -7.317       1.933       0.033      -6.318       0.024
 Gaia DR3 390283235809862016  12.3009387  47.6309890 10.234  0.557       3.038   6.3100  36.3588   -29.77   -35.99     0.68    3.127  nan      nan    nan   1.106     nan                            Gaia_DR3       1.905      -8.037       0.369       0.022      -6.753       0.020
Gaia DR3 1925495823765976192 356.7404337  43.5425810 18.202  2.738       3.632   5.8789  36.3763   -29.09      nan      nan    2.945  nan      nan    nan   1.004     nan                                None      -0.114      -8.709       1.333       0.114     -10.438       0.092
 Gaia DR3 369032871498912896  10.3136226  39.7737864 18.466  2.777       3.462   5.8775  36.4068   -27.89      nan      nan    3.214  nan      nan    nan   1.014     nan                                None       1.697     -10.900       2.624       0.168     -13.054       0.128
Gaia DR3 1921810196365795328 359.3554404  42.3629715 18.669  2.713       2.370   4.3429  36.4497   -28.79      nan      nan    2.833  nan      nan    nan   0.970     nan                                None       0.202      -8.737       0.257       0.132      -7.322       0.121
 Gaia DR3 375161549311096064  12.6940338  41.9389812 16.528  2.136       3.508   6.0972  36.4789   -28.40      nan      nan    3.183  nan      nan    nan   1.043     nan                                None       1.990     -10.130       3.425       0.051      -8.265       0.041
Gaia DR3 1927376714504124416 358.4121636  46.9878200 12.968  1.185       2.684   5.3989  36.5835   -29.88    -0.83     1.22    2.895  nan      nan    nan   1.491     nan                            Gaia_DR3       0.091      -7.478       1.727       0.024      -7.385       0.018
 Gaia DR3 393755630970389248   2.2885758  49.9965461 15.721  1.970       4.237   6.2200  36.6060   -30.46      nan      nan    3.164  nan      nan    nan   1.050     nan                                None       0.615      -7.134      -0.313       0.033      -4.465       0.028
 Gaia DR3 384356863839380096   1.4098087  41.9836746 18.920  3.131       4.477   3.2462  36.6069   -28.68      nan      nan    3.389  nan      nan    nan   1.056     nan                                None       0.534     -10.597       0.950       0.182      -7.425       0.160
 Gaia DR3 389098095415986560   8.0405392  45.9739585 17.748  2.487       1.766   2.9742  36.6309   -29.53      nan      nan    2.784  nan      nan    nan   0.969     nan                                None       1.209      -7.580       0.328       0.115      -8.125       0.077
 Gaia DR3 380621273082601088   8.6752421  39.6192238 17.700  2.690       2.233   5.2446  36.7449   -27.90      nan      nan    3.285  nan      nan    nan   1.131     nan                                None       1.513     -11.164      -0.027       0.131     -11.026       0.105
 Gaia DR3 389103494191728000   7.7318007  46.1066249 16.996  2.370       2.177   2.9045  36.7841   -29.57      nan      nan    2.781  nan      nan    nan   1.066     nan                                None       1.172      -7.527       1.310       0.081      -6.258       0.053
 Gaia DR3 386306744630562816   1.8742556  44.7794019 18.910  2.961       4.875   2.2611  36.8001   -29.36      nan      nan    3.420  nan      nan    nan   1.026     nan                                None       0.606      -9.673      -2.766       0.196     -10.662       0.176
Gaia DR3 1921731095953066624 357.5438098  41.9434247 15.994  2.095       3.316   5.7404  36.8206   -28.69      nan      nan    3.240  nan      nan    nan   2.060     nan                                None      -0.016     -10.133       1.847       0.071     -11.421       0.060
Gaia DR3 1922465329201248000 356.8009854  43.0387226 19.692  2.922       2.897   5.9226  37.0404   -28.96      nan      nan    2.936  nan      nan    nan   1.030     nan                                None      -0.106      -8.840      -1.889       0.317      -9.025       0.265
 Gaia DR3 377563123224837632  12.1727333  45.3434744 14.568  1.612       1.823   5.3615  37.0556   -29.26   -26.30     3.42    3.281  nan      nan    nan   0.977     nan                            Gaia_DR3       1.982      -9.245       0.889       0.025      -8.616       0.017
Gaia DR3 1925478476397342848 356.8244521  43.3999440 14.508  1.445       4.826   5.8390  37.1553   -29.05   -65.85     3.75    2.924  nan      nan    nan   1.012     nan                            Gaia_DR3      -0.103      -8.693      -2.320       0.015      -6.709       0.014
 Gaia DR3 394374552937260928   4.4164537  49.4327742 18.567  2.763       4.079   5.4137  37.1655   -30.32      nan      nan    2.887  nan      nan    nan   1.011     nan                                None       0.819      -6.711      -0.629       0.184      -8.728       0.184
 Gaia DR3 382720932272284032   6.9927933  44.1994185 16.928  2.497       1.398   1.5413  37.1782   -29.14      nan      nan    3.437  nan      nan    nan   0.977     nan                                None       1.344     -10.000       1.364       0.055     -11.013       0.038
 Gaia DR3 379225928402805632   5.9823521  38.6668046 13.562  0.949       0.405   5.4265  37.1816   -27.70   -48.52     1.82    2.888  nan      nan    nan   8.861     nan                            Gaia_DR3       1.007     -10.061       0.867       0.105      -9.858       0.098
 Gaia DR3 389968534965291392   9.6878513  46.9128744 18.272  1.788       3.336   4.4472  37.2503   -29.69      nan      nan    3.346  nan      nan    nan   3.748     nan                                None       1.681      -8.799      -0.395       0.416      -7.691       0.326
 Gaia DR3 391465584469074944   8.9639201  49.5691974 19.415  2.949       3.116   6.2110  37.2608   -30.26      nan      nan    3.189  nan      nan    nan   1.012     nan                                None       1.507      -7.437       3.542       0.266      -6.943       0.220
 Gaia DR3 393825376942087808   1.4199758  49.5470265 19.088  3.087       2.684   5.9992  37.3521   -30.38      nan      nan    3.222  nan      nan    nan   1.062     nan                                None       0.509      -7.422      -1.314       0.227      -7.376       0.216
Gaia DR3 2880994625422027648   0.2812582  38.7905896 12.385  0.989       4.419   6.2598  37.3593   -27.82   -26.73     0.68    2.973  nan      nan    nan   1.002     nan                            Gaia_DR3       0.328     -10.280      -1.810       0.010     -12.042       0.010
Gaia DR3 2880659858491401856   1.9768296  37.8359362 18.954  3.120       4.604   6.5623  37.4063   -27.53      nan      nan    3.088  nan      nan    nan   1.008     nan                                None       0.560     -10.984      -2.090       0.167      -9.584       0.141
Gaia DR3 1926275553606219520 358.5875376  45.1197567 19.439  2.759       4.270   4.5979  37.4109   -29.46      nan      nan    3.340  nan      nan    nan   1.043     nan                                None       0.130      -9.310      -1.199       0.249      -6.613       0.211
Gaia DR3 1926584512075924992 356.1718739  44.7786600 18.463  2.896       4.617   6.2488  37.4373   -29.38      nan      nan    2.969  nan      nan    nan   0.998     nan                                None      -0.186      -8.388      -1.540       0.135     -10.941       0.119
 Gaia DR3 391687136061819136   8.0252928  50.1066835 17.885  2.704       1.768   6.4487  37.4896   -30.38      nan      nan    3.007  nan      nan    nan   1.013     nan                                None       1.304      -6.816       0.391       0.109      -7.466       0.109
 Gaia DR3 386349664240595456   2.3510825  44.7258307 13.253  1.158       3.822   1.9238  37.5032   -29.35   -24.42     1.51    2.756  nan      nan    nan  15.436     nan                            Gaia_DR3       0.543      -7.815       2.101       0.165      -9.398       0.129
 Gaia DR3 379865152680170752   4.2424504  39.0798940 18.605  2.971       4.636   4.9691  37.5197   -27.85      nan      nan    3.319  nan      nan    nan   0.952     nan                                None       0.917     -11.402       1.177       0.149     -14.635       0.105
Gaia DR3 1921629189265012864 359.9303879  42.5430415 19.381  2.629       3.669   3.8822  37.5215   -28.83      nan      nan    2.804  nan      nan    nan   1.195     nan                                None       0.268      -8.593       2.286       0.407      -9.385       0.462
 Gaia DR3 375213844834010240  11.9138233  41.2682288 12.098  0.796       3.661   5.8740  37.7226   -28.25    -8.26     0.47    2.917  nan      nan    nan   0.915     nan                            Gaia_DR3       1.731      -9.473       0.444       0.010      -7.626       0.009
 Gaia DR3 374993014794696448  13.0354697  41.2561672 10.444  0.648       4.027   6.6182  37.7606   -28.20   -34.59     0.44    3.097  nan      nan    nan   1.085     nan                            Gaia_DR3       1.979     -10.085      -0.636       0.019      -9.815       0.014
 Gaia DR3 390022956494188672  10.8332898  47.2038820 19.578  2.885       0.311   5.2463  37.8036   -29.72      nan      nan    2.866  nan      nan    nan   1.019     nan                                None       1.575      -7.469       1.759       0.357      -7.505       0.360
Gaia DR3 2881761775300850560 359.8530843  39.0388543 13.819  1.380       1.718   6.2368  37.8572   -27.89   -42.68     7.01    2.956  nan      nan    nan   0.963     nan                            Gaia_DR3       0.273     -10.144      -0.640       0.011     -10.704       0.013
 Gaia DR3 391520839222223104   8.6159089  50.1335381 18.154  2.668       1.300   6.6180  37.8652   -30.37      nan      nan    3.044  nan      nan    nan   1.021     nan                                None       1.395      -6.902       1.983       0.130      -7.494       0.100
 Gaia DR3 368575470364759424   8.9130779  38.9986820 11.446  0.713       3.110   5.8722  37.9367   -27.72    -1.63     0.69    3.251  nan      nan    nan   0.995     nan                            Gaia_DR3       1.529     -11.260       3.638       0.017     -10.951       0.017
Gaia DR3 1927281705528560512 357.0238056  46.1366902 18.085  2.572       4.444   5.9177  37.9528   -29.69      nan      nan    3.247  nan      nan    nan   0.994     nan                                None      -0.087      -8.690       1.107       0.137     -11.487       0.097
 Gaia DR3 368529187797676800   8.7287647  38.5996010 18.738  2.928       4.466   6.1553  37.9733   -27.61      nan      nan    2.943  nan      nan    nan   1.004     nan                                None       1.362     -10.309      -0.052       0.196      -7.927       0.176
 Gaia DR3 391677446615316096   8.1141731  49.8741476 18.707  1.195       4.843   6.2529  37.9775   -30.34      nan      nan    3.204  nan      nan    nan   2.141     nan                                None       1.402      -7.348       3.568       0.309      -4.896       0.336
Gaia DR3 1926210231446631808 357.2098455  44.8136971 18.027  2.935       4.648   5.5175  38.0056   -29.39      nan      nan    2.882  nan      nan    nan   1.011     nan                                None      -0.055      -8.129      -0.801       0.108      -5.405       0.086
Gaia DR3 2880971810555788672   0.3110487  38.4769324 19.301  2.916       3.194   6.5169  38.0088   -27.73      nan      nan    3.002  nan      nan    nan   1.063     nan                                None       0.335     -10.473       2.347       0.256     -10.660       0.207
 Gaia DR3 374993010499689984  13.0379431  41.2561636 19.479  2.173       4.734   6.6199  38.0283   -28.20      nan      nan    3.124  nan      nan    nan   0.970     nan                                None       1.997     -10.174      -1.061       0.441      -9.568       0.363
 Gaia DR3 380889072883531648   7.9602387  40.1139407 19.315  2.802       3.577   4.5396  38.0452   -28.06      nan      nan    2.825  nan      nan    nan   0.986     nan                                None       1.218      -9.446       0.300       0.259      -7.524       0.266
Gaia DR3 2877696017523396352   3.1032590  37.6346111 17.897  2.845       1.723   6.5291  38.0545   -27.45      nan      nan    3.154  nan      nan    nan   0.990     nan                                None       0.721     -11.293       0.127       0.078     -12.272       0.063
 Gaia DR3 386132991730377728   3.2821235  45.7553813 16.259  1.673       4.508   2.0575  38.1163   -29.57      nan      nan    2.753  nan      nan    nan   6.764     nan                                None       0.650      -7.507      -0.039       0.215      -4.983       0.220
Gaia DR3 2881761775300850688 359.8513247  39.0375487 11.729  0.946       2.467   6.2386  38.1382   -27.89   -31.36     0.40    2.950  nan      nan    nan   1.555     nan                            Gaia_DR3       0.272     -10.121      -0.815       0.015     -11.204       0.018
 Gaia DR3 390622022830244224  10.3774241  48.7299312 14.977  1.465       2.672   6.0468  38.1410   -30.05   -17.54     6.90    2.927  nan      nan    nan  15.344     nan                            Gaia_DR3       1.553      -7.126       1.862       0.437      -5.507       0.305
 Gaia DR3 380980164845328128   8.4656417  40.4519059 15.570  1.926       4.339   4.4615  38.1539   -28.14      nan      nan    3.359  nan      nan    nan   1.029     nan                                None       1.518     -11.123       3.104       0.029     -13.753       0.034
 Gaia DR3 390765298640376576   8.3916670  47.2956898 17.581  2.412       4.798   4.0948  38.1778   -29.81      nan      nan    2.805  nan      nan    nan   1.057     nan                                None       1.259      -7.237       4.071       0.081      -7.611       0.069
Gaia DR3 1940644109000042496 358.8952325  49.3294651 16.656  2.275       4.961   6.6928  38.2588   -30.35      nan      nan    3.048  nan      nan    nan   1.019     nan                                None       0.158      -7.083      -2.588       0.042      -8.701       0.043
 Gaia DR3 377828655284212992  13.9837279  45.6828201  7.518  1.122       4.434   6.6725  38.2760   -29.27   -32.45     0.13    3.120  nan      nan    nan   0.885     nan                            Gaia_DR3       2.114      -8.724       5.018       0.021      -8.999       0.016
 Gaia DR3 390352878703002240  11.7381648  48.2912318 12.003  0.848       4.978   6.3892  38.3296   -29.92    -1.83     2.31    2.966  nan      nan    nan   0.947     nan                            Gaia_DR3       1.739      -7.396       4.793       0.015      -8.003       0.013
 Gaia DR3 394573633261480064   4.0193148  50.5701927 13.704  1.148       3.814   6.5672  38.3663   -30.54    12.06     2.10    2.999  nan      nan    nan   0.998     nan                            Gaia_DR3       0.801      -6.584       2.738       0.015      -5.149       0.013
Gaia DR3 1922901388642263040 358.6917171  43.5900665 17.541  2.445       3.295   4.4712  38.4519   -29.10      nan      nan    2.817  nan      nan    nan   1.026     nan                                None       0.122      -8.318      -1.136       0.072      -6.819       0.066
Gaia DR3 1939439112974391552 356.9818795  47.1997692 18.478  2.561       3.556   6.3536  38.4587   -29.92      nan      nan    3.203  nan      nan    nan   0.991     nan                                None      -0.092      -8.201      -2.444       0.123      -8.682       0.109
Gaia DR3 1926990030006996224 357.6143765  45.4007624 18.767  2.479       1.951   5.3263  38.4909   -29.53      nan      nan    3.310  nan      nan    nan   0.992     nan                                None      -0.007      -9.126       1.071       0.176      -9.958       0.151
Gaia DR3 1926669625446972416 356.5228859  45.3431067 14.224  1.350       2.658   6.0682  38.5781   -29.51   -20.73     3.32    2.920  nan      nan    nan   0.978     nan                            Gaia_DR3      -0.140      -8.070       1.490       0.014      -7.922       0.012
Gaia DR3 1922138022628134016 356.3366727  41.8737426 19.783  2.856       4.208   6.5956  38.6763   -28.67      nan      nan    3.166  nan      nan    nan   1.028     nan                                None      -0.176      -9.927      -0.081       0.293     -12.734       0.288
 Gaia DR3 378160329838913024  12.7130309  47.2614365 10.273  0.550       2.801   6.3677  38.7553   -29.67    -3.25     0.68    3.210  nan      nan    nan   2.161     nan                            Gaia_DR3       2.010      -8.391       3.727       0.036      -9.194       0.031
Gaia DR3 2877780130163605120   2.8895798  38.3491425 19.067  2.781       1.705   5.8682  38.7870   -27.66      nan      nan    2.898  nan      nan    nan   0.998     nan                                None       0.637     -10.163      -0.405       0.209     -10.174       0.148
 Gaia DR3 382269582747409152   8.1410850  42.2576640 17.390  2.594       3.847   2.9773  38.8349   -28.63      nan      nan    3.427  nan      nan    nan   1.026     nan                                None       1.503     -10.697       3.003       0.087     -13.036       0.077
 Gaia DR3 367015267660588672   8.4257018  38.1881063 17.644  2.817       2.891   6.4264  38.8581   -27.50      nan      nan    2.958  nan      nan    nan   1.024     nan                                None       1.332     -10.480       0.321       0.092     -11.973       0.088
 Gaia DR3 394449113568638720   3.3880783  49.9139489 17.052  2.687       2.630   5.9710  38.8650   -30.43      nan      nan    3.261  nan      nan    nan   1.066     nan                                None       0.785      -7.395      -0.193       0.059      -8.916       0.057
 Gaia DR3 383314114498334336   2.6722630  41.0725550 19.213  3.090       4.673   3.3654  38.8847   -28.43      nan      nan    3.416  nan      nan    nan   0.981     nan                                None       0.719     -11.015       0.740       0.202     -14.380       0.160
 Gaia DR3 391709057575049088   8.2380976  50.1904989 17.724  3.062       3.427   6.5762  38.8892   -30.39      nan      nan    2.981  nan      nan    nan   0.995     nan                                None       1.319      -6.733       2.251       0.085      -8.676       0.086
 Gaia DR3 395338824638830592   3.1756628  50.7475229 13.337  1.087       4.239   6.8154  38.8979   -30.59   -28.02     1.71    3.056  nan      nan    nan   0.929     nan                            Gaia_DR3       0.708      -6.640       2.555       0.013      -4.629       0.011
Gaia DR3 2877636815694110080   2.3188050  37.5568447 17.539  2.523       4.460   6.7496  38.9167   -27.44      nan      nan    3.022  nan      nan    nan   0.998     nan                                None       0.592     -10.837       0.362       0.082     -13.669       0.057
Gaia DR3 1939671213006633856 357.3667095  47.8423864 13.270  1.084       2.177   6.4532  39.0002   -30.06    -4.13     1.60    2.958  nan      nan    nan   4.103     nan                            Gaia_DR3      -0.037      -7.362       1.000       0.039      -6.486       0.039
 Gaia DR3 392346980478002048   3.6448669  47.5706750 19.072  2.734       1.855   3.6427  39.0145   -29.96      nan      nan    3.407  nan      nan    nan   1.044     nan                                None       0.856      -8.616       0.485       0.279      -7.337       0.210
 Gaia DR3 375604820000925824  13.6390950  42.9946966 19.029  2.965       4.772   6.4475  39.0217   -28.63      nan      nan    3.206  nan      nan    nan   0.897     nan                                None       2.128      -9.872       1.675       0.211      -6.679       0.185
 Gaia DR3 387993159245285632  10.8648067  44.6540967 17.902  2.768       4.695   4.3395  39.0276   -29.14      nan      nan    3.378  nan      nan    nan   1.009     nan                                None       1.860      -9.737      -1.470       0.115      -9.435       0.101
 Gaia DR3 382411484170527104   8.1807636  43.1224404 19.380  2.860       3.986   2.5707  39.0766   -28.85      nan      nan    2.755  nan      nan    nan   0.993     nan                                None       1.212      -8.346      -0.518       0.270      -6.809       0.272
 Gaia DR3 394479453217695232   3.6981377  50.2267261 12.450  0.913       4.188   6.2490  39.0840   -30.48    17.01     0.67    3.235  nan      nan    nan   0.984     nan                            Gaia_DR3       0.820      -7.225       3.618       0.010      -6.647       0.009
 Gaia DR3 375644436778262272  14.2364898  43.0933977 17.176  2.833       0.932   6.8552  39.0944   -28.63      nan      nan    3.097  nan      nan    nan   1.030     nan                                None       2.130      -9.518       2.721       0.069      -9.376       0.054
 Gaia DR3 391527431999284480   8.6360891  50.2285039 12.738  0.934       4.896   6.7100  39.1458   -30.39   -34.84     1.05    3.160  nan      nan    nan   0.925     nan                            Gaia_DR3       1.450      -7.130       4.439       0.011      -5.826       0.010
Gaia DR3 1921329568050333824 357.3148723  41.4822517 15.297  1.774       2.770   6.0932  39.2710   -28.57      nan      nan    2.910  nan      nan    nan   1.084     nan                                None      -0.042      -9.242      -0.071       0.021     -10.941       0.021
Gaia DR3 1925461193448476928 356.1353826  43.1949539 16.410  2.599       2.828   6.3680  39.2817   -29.00      nan      nan    2.940  nan      nan    nan   1.071     nan                                None      -0.189      -8.804      -1.929       0.040      -9.009       0.032
 Gaia DR3 375229474217882880  11.6660907  41.4277194 18.960  2.807       1.586   5.6332  39.3259   -28.30      nan      nan    2.871  nan      nan    nan   1.015     nan                                None       1.675      -9.272       1.480       0.208     -10.212       0.171
 Gaia DR3 392430921318595712   5.7363233  47.3126501 19.111  2.985       1.515   3.3417  39.3417   -29.87      nan      nan    3.422  nan      nan    nan   1.039     nan                                None       1.159      -8.779       0.072       0.230      -8.661       0.171
Gaia DR3 2882138834773714560 359.5595405  40.5382723 18.486  2.759       3.242   5.2467  39.3448   -28.31      nan      nan    3.331  nan      nan    nan   0.969     nan                                None       0.266     -10.911      -1.698       0.124      -9.759       0.107
Gaia DR3 1921880904411996672 359.3739139  42.7623252 19.300  2.908       3.587   4.1809  39.3880   -28.89      nan      nan    3.391  nan      nan    nan   1.050     nan                                None       0.244     -10.312      -2.089       0.290     -11.376       0.226
 Gaia DR3 375392648615394560  12.7479156  42.5458358 18.419  3.029       0.791   5.9279  39.4879   -28.55      nan      nan    3.279  nan      nan    nan   0.983     nan                                None       2.058     -10.230       2.601       0.171     -10.165       0.128
 Gaia DR3 378027117131042432  13.5044528  46.0226145 11.499  0.719       2.486   6.4239  39.5305   -29.37      nan      nan    3.224  nan      nan    nan   0.999     nan                                None       2.122      -8.882       2.012       0.022      -7.196       0.017
Gaia DR3 2881404262222993024 359.0476284  38.7476752 18.998  2.887       2.302   6.8438  39.5708   -27.81      nan      nan    3.144  nan      nan    nan   0.965     nan                                None       0.183     -10.880      -0.436       0.292      -9.486       0.181
 Gaia DR3 368925011984016256  12.4174386  40.3396558 19.932  2.630       4.037   6.7014  39.6198   -27.97      nan      nan    2.981  nan      nan    nan   1.025     nan                                None       1.830      -9.976      -0.380       0.497      -8.732       0.317
Gaia DR3 2881615604677861760 358.7860566  39.1067165 17.226  2.758       1.285   6.6941  39.6538   -27.92      nan      nan    2.978  nan      nan    nan   1.990     nan                                None       0.141     -10.195       0.572       0.129     -10.877       0.108
 Gaia DR3 391980675605279744   5.6892290  46.2405460  9.894  0.525       3.174   2.2891  39.6713   -29.64      nan      nan    3.455  nan      nan    nan   1.134     nan                                None       1.163      -9.267      -1.010       0.028      -8.478       0.019
 Gaia DR3 390383325724052864  12.0380620  48.5498190 12.649    nan       3.920   6.7073  39.6887   -29.97     3.21     2.54    2.979  nan      nan    nan   3.350     nan                            Gaia_DR3       1.783      -7.350       0.255       0.071      -5.420       0.091
 Gaia DR3 375831495489977088  12.6593086  43.5057205 17.443  2.640       3.911   5.6549  39.7204   -28.80      nan      nan    2.867  nan      nan    nan   0.961     nan                                None       1.789      -8.653       3.776       0.077      -9.933       0.070
 Gaia DR3 391458059687019648   9.2904630  49.8720367 18.209  2.429       1.135   6.5780  39.7205   -30.31      nan      nan    2.957  nan      nan    nan   4.308     nan                                None       1.437      -6.803       1.341       0.377      -7.504       0.342
 Gaia DR3 383856208089724416   3.8278364  42.8084857 18.005  2.932       4.404   1.4309  39.7461   -28.86      nan      nan    3.470  nan      nan    nan   0.989     nan                                None       0.899     -10.568      -0.293       0.109      -7.575       0.083
 Gaia DR3 390405934436337024  11.0447127  47.3944814 12.798  0.889       1.534   5.4735  39.7507   -29.76     9.31     1.53    2.855  nan      nan    nan   0.862     nan                            Gaia_DR3       1.593      -7.384       1.144       0.014      -6.578       0.012
 Gaia DR3 390621026397825792  10.4347937  48.7601926 13.135  1.170       4.606   6.0945  39.8174   -30.06   -35.00     1.06    3.270  nan      nan    nan   1.113     nan                            Gaia_DR3       1.743      -7.952       3.809       0.016     -10.362       0.011
 Gaia DR3 377188361558230272  14.5473055  43.8108797 16.486  2.141       2.784   6.9778  39.8512   -28.80      nan      nan    3.052  nan      nan    nan   1.003     nan                                None       2.137      -9.158       3.906       0.044      -8.877       0.037
 Gaia DR3 389060235281391744   8.7564309  45.8353741 12.631  0.948       1.906   3.2979  39.8916   -29.48   -24.57     0.74    2.764  nan      nan    nan   2.109     nan                            Gaia_DR3       1.282      -7.578       0.192       0.026      -7.789       0.020
 Gaia DR3 393999482033625600   0.5447596  50.2612220 18.221  2.671       4.123   6.8869  39.9194   -30.52      nan      nan    3.151  nan      nan    nan   1.163     nan                                None       0.382      -6.999       3.071       0.383      -7.515       0.190
 Gaia DR3 394170692310108032   5.7265321  48.9665575 19.787  2.891       4.963   4.9748  39.9220   -30.21      nan      nan    2.825  nan      nan    nan   0.983     nan                                None       0.955      -6.729       3.494       0.358      -5.215       0.264
Gaia DR3 2877479040071644672   3.2370784  37.4306114 19.265  2.730       2.743   6.7101  39.9539   -27.39      nan      nan    3.192  nan      nan    nan   1.019     nan                                None       0.748     -11.493      -0.616       0.201     -12.738       0.141
