GaiaDR3                               RA         DEC   Gmag  Bp-Rp  Voff(km/s) Sep(deg)   3D(pc) Vr(pred)  Vr(obs)    Vrerr Plx(mas)  SpT    FnuvJ  W1-W3    RUWE  XCrate                               RVsrc    PMRApred   PMDecpred        PMRA     PMRAerr       PMDec    PMDecerr
Gaia DR3 3909373932553827072 175.2067514   6.1348137 14.576  1.233       0.000   0.0000   0.0000     5.04     5.04     7.20    2.289  nan      nan    nan   1.042     nan                            Gaia_DR3      -4.038      -6.865      -4.038       0.027      -6.865       0.021
Gaia DR3 3909382110171562880 175.2994001   6.2405343 14.923  1.320       2.253   0.1402  16.9809     5.00    -7.52     7.05    2.382  nan      nan    nan   1.021     nan                            Gaia_DR3      -4.206      -7.146      -4.535       0.028      -8.229       0.026
Gaia DR3 3897333730474109696 177.1028256   5.1999343 19.511  3.002       1.160   2.1057  17.7347     4.99      nan      nan    2.331  nan      nan    nan   1.041     nan                                None      -4.216      -6.937      -4.206       0.491      -7.507       0.291
Gaia DR3 3813348801801069952 173.2884849   5.5057771 19.173  2.510       2.084   2.0094  18.0451     5.47      nan      nan    2.342  nan      nan    nan   1.005     nan                                None      -4.020      -7.008      -3.048       0.379      -7.347       0.282
Gaia DR3 3896151205718263680 177.4149210   4.4137683 16.238  1.964       1.079   2.7922  21.8594     5.14      nan      nan    2.319  nan      nan    nan   1.040     nan                                None      -4.210      -6.864      -3.986       0.064      -7.341       0.043
Gaia DR3 3813171333752627712 172.3332534   4.6216147 19.212  2.620       2.559   3.2363  24.6630     5.82      nan      nan    2.291  nan      nan    nan   0.960     nan                                None      -3.877      -6.819      -4.968       0.314      -6.239       0.247
Gaia DR3 3898998494158372352 178.5865420   6.1928984 10.874  0.660       2.880   3.3607  26.2983     4.52    -8.07     0.30    2.325  nan      nan    nan   1.015     nan                            Gaia_DR3      -4.283      -6.949      -4.392       0.030      -8.356       0.020
Gaia DR3 3799803196504133632 175.7289083   2.8461362 17.706  2.415       2.436   3.3296  28.5734     5.77      nan      nan    2.226  nan      nan    nan   1.184     nan                                None      -3.954      -6.527      -3.224       0.180      -5.647       0.137
Gaia DR3 3911493447374956672 177.4772349   8.0628919 12.070  0.840       2.567   2.9654  28.5749     4.23    -7.42     0.89    2.204  nan      nan    nan   1.017     nan                            Gaia_DR3      -4.005      -6.662      -5.165       0.017      -6.940       0.011
Gaia DR3 3910365760761801344 173.1827611   6.8224483 17.806  2.211       0.713   2.1254  28.5770     5.16      nan      nan    2.421  nan      nan    nan   1.028     nan                                None      -4.150      -7.309      -4.170       0.135      -6.946       0.098
Gaia DR3 3896604032710899072 178.5691254   4.9461517 18.824  2.556       2.503   3.5514  29.2279     4.83      nan      nan    2.237  nan      nan    nan   1.056     nan                                None      -4.120      -6.637      -4.769       0.257      -5.651       0.154
