GaiaDR3                               RA         DEC   Gmag  Bp-Rp  Voff(km/s) Sep(deg)   3D(pc) Vr(pred)  Vr(obs)    Vrerr Plx(mas)  SpT    FnuvJ  W1-W3    RUWE  XCrate                               RVsrc    PMRApred   PMDecpred        PMRA     PMRAerr       PMDec    PMDecerr
Gaia DR3 6239410080231903488 233.6247336 -23.2594753 15.486  2.586       0.000   0.0000   0.0000     6.97      nan      nan    8.873  nan      nan    nan   1.107     nan                                None      -0.355     -64.712      -0.355       0.051     -64.712       0.046
Gaia DR3 6234392768156726400 234.1964744 -27.7919278 16.726  2.963       1.552   4.5617   9.5461     9.68      nan      nan    9.170  nan      nan    nan   1.053     nan                                None      -0.227     -65.599      -3.012       0.094     -64.481       0.079
Gaia DR3 6041521145700544256 238.9327223 -27.9167302 11.260  1.137       1.571   6.6772  14.0358     9.77      nan      nan    8.550  nan      nan    nan   1.098     nan                                None       0.868     -61.114       3.330       0.030     -62.511       0.016
Gaia DR3 6232488895051473280 225.3764738 -21.1105248  8.957  0.769       2.134   7.9326  16.3954     5.77      nan      nan    9.396  nan      nan    nan   1.108     nan                                None      -2.432     -68.918      -4.397       0.019     -72.660       0.017
Gaia DR3 6240071917513395840 235.7046008 -23.4263244 15.641  2.559       2.160   1.9169  16.4194     7.07      nan      nan   10.346  nan      nan    nan   1.062     nan                                None       0.160     -75.410       4.822       0.052     -76.094       0.033
Gaia DR3 6207975077155784320 230.4429142 -31.4981244 10.764  0.996       2.424   8.7082  17.1481    11.87      nan      nan    9.117  nan      nan    nan   1.008     nan                                None      -1.138     -63.857      -5.312       0.018     -65.926       0.014
Gaia DR3 6207975004136255744 230.4501878 -31.5107156 13.435  1.926       2.422   8.7180  17.1727    11.88      nan      nan    9.122  nan      nan    nan   1.114     nan                                None      -1.137     -63.886      -5.087       0.020     -66.355       0.015
Gaia DR3 6250180758701294848 239.8383213 -17.1511368 16.615  2.853       1.774   8.4419  17.1796     3.28      nan      nan    9.359  nan      nan    nan   0.995     nan                                None       1.176     -69.318       2.802       0.086     -66.219       0.051
Gaia DR3 6244096679831511936 241.1022105 -20.2584467 15.288  2.368       2.859   7.5637  17.9667     5.19      nan      nan    9.844  nan      nan    nan   1.005     nan                                None       1.567     -72.427      -4.051       0.043     -74.338       0.028
Gaia DR3 6232488963770969728 225.3595602 -21.1061249 15.535  2.838       0.460   7.9490  19.1310     5.77      nan      nan    9.948  nan      nan    nan   7.883     nan                                None      -2.580     -72.972      -2.473       0.330     -73.931       0.277
Gaia DR3 6234863805810632192 237.4804202 -25.8404425 16.670  3.146       2.640   4.3540  19.8305     8.53      nan      nan   10.584  nan      nan    nan   0.994     nan                                None       0.665     -76.404       5.634       0.097     -73.242       0.052
Gaia DR3 6041199362452219776 240.1358935 -28.7188180 20.038  3.117       1.824   8.0005  20.4667    10.25      nan      nan    8.016  nan      nan    nan   1.011     nan                                None       1.070     -57.053       1.774       0.764     -54.052       0.426
Gaia DR3 6207222358366554112 229.2864346 -32.9276298 14.801  2.566       1.958  10.3949  20.6168    12.71      nan      nan    9.307  nan      nan    nan   1.066     nan                                None      -1.448     -64.573      -4.936       0.030     -66.181       0.027
Gaia DR3 6048426834634388736 244.1015200 -26.6559762 17.147  3.060       0.299  10.0831  20.6539     9.09      nan      nan    8.542  nan      nan    nan   0.926     nan                                None       2.038     -61.374       2.549       0.125     -61.542       0.081
Gaia DR3 6261086196062799232 237.3709499 -16.2499689 15.528  2.625       2.541   7.8449  23.0017     2.71      nan      nan    7.767  nan      nan    nan   1.099     nan                                None       0.465     -57.615       0.419       0.046     -53.456       0.036
Gaia DR3 6212777224249860480 230.8040691 -29.1606753 18.692  2.916       1.802   6.4201  23.8626    10.51      nan      nan    7.561  nan      nan    nan   1.037     nan                                None      -0.871     -53.692      -2.031       0.305     -56.319       0.277
Gaia DR3 6281397023385256064 220.7029985 -20.6718356 13.368  1.901       1.736  12.2549  23.9297     5.62      nan      nan    9.133  nan      nan    nan   1.087     nan                                None      -3.478     -66.988      -5.656       0.019     -69.523       0.016
Gaia DR3 6037498788561769344 244.6728026 -31.2990476 18.677  3.702       1.853  12.6770  24.7380    11.82      nan      nan    9.050  nan      nan    nan   0.855     nan                                None       2.295     -63.394       3.710       0.284     -66.633       0.198
Gaia DR3 6315250471007511936 228.8836091 -12.7057134 20.255  1.436       2.635  11.4735  25.0590     0.56      nan      nan   10.076  nan      nan    nan   1.022     nan                                None      -1.675     -74.935      -2.450       0.904     -69.392       0.807
Gaia DR3 6268544630108745088 235.9216396 -11.3889670 10.119  0.881       2.068  12.0704  25.2616    -0.29      nan      nan    8.382  nan      nan    nan   0.949     nan                                None       0.178     -62.358      -2.427       0.026     -59.795       0.016
Gaia DR3 6210513815142752896 228.2156252 -32.0712341 17.052  3.225       2.915  10.0256  25.9234    12.23      nan      nan   10.635  nan      nan    nan   0.895     nan                                None      -1.956     -74.185      -8.476       0.113     -74.623       0.078
Gaia DR3 6263549514425791744 238.3237341 -14.7171754  7.648  0.730       1.337   9.6262  26.0988     1.77      nan      nan   10.746  nan      nan    nan   1.063     nan                                None       0.917     -79.845       2.632       0.041     -82.340       0.025
Gaia DR3 6268706979872849024 237.2007929 -10.4652337 14.481  2.405       2.725  13.2417  26.1554    -0.85      nan      nan    8.779  nan      nan    nan   1.118     nan                                None       0.486     -65.292       5.506       0.043     -64.816       0.039
Gaia DR3 6309462233778118784 227.9824611 -12.5668617 16.183  2.732       2.362  11.9601  26.6847     0.49      nan      nan    8.119  nan      nan    nan   0.984     nan                                None      -1.544     -60.382      -1.387       0.067     -56.341       0.053
Gaia DR3 6206890164117418112 231.0861202 -32.7471153 15.386  2.585       1.749   9.7477  27.2855    12.59      nan      nan    7.658  nan      nan    nan   3.744     nan                                None      -0.825     -53.217       0.844       0.140     -50.940       0.095
Gaia DR3 6246726608564064384 239.1731753 -20.7529030 13.809  2.045       0.999   5.7216  28.1269     5.47      nan      nan    7.250  nan      nan    nan   1.075     nan                                None       0.782     -53.284      -0.702       0.024     -53.644       0.013
Gaia DR3 6012407928923924352 232.9832593 -37.7405377 19.502  3.486       1.785  14.4915  28.3482    15.40      nan      nan    9.414  nan      nan    nan   1.053     nan                                None      -0.538     -63.006      -3.802       0.459     -64.381       0.367
Gaia DR3 6285330908484799104 219.4489893 -17.1086522 19.834  0.875       2.981  14.6463  29.5225     3.48      nan      nan    8.565  nan      nan    nan   1.103     nan                                None      -3.538     -63.312       0.764       0.619     -66.547       0.567
