GaiaDR3                               RA         DEC   Gmag  Bp-Rp  Voff(km/s) Sep(deg)   3D(pc) Vr(pred)  Vr(obs)    Vrerr Plx(mas)  SpT    FnuvJ  W1-W3    RUWE  XCrate                               RVsrc    PMRApred   PMDecpred        PMRA     PMRAerr       PMDec    PMDecerr
Gaia DR3 2535107508776249856  20.4998547   0.7509619 15.001  2.673       0.000   0.0000   0.0000    -4.13      nan      nan   12.217  nan      nan    nan   1.313     nan                                None     103.139     -59.325     103.139       0.048     -59.325       0.032
Gaia DR3 2565667403678109696  22.9960423   6.8922451 16.093  2.786       2.621   6.6267   9.6893    -4.83      nan      nan   11.981  nan      nan    nan   1.008     nan                                None     101.471     -57.259      96.276       0.089     -53.153       0.034
Gaia DR3 2504473980955174144  28.5274419  -2.9425234 13.968  2.471       1.958   8.8339  14.3250     2.98      nan      nan   11.396  nan      nan    nan   1.508     nan                                None      96.546     -55.166      93.969       0.043     -59.100       0.025
Gaia DR3 2582921558616418048  16.8300186  10.3001610 16.178  2.954       2.084  10.2224  14.6952   -10.40      nan      nan   12.767  nan      nan    nan   0.985     nan                                None     106.897     -58.061     105.697       0.061     -52.581       0.050
Gaia DR3 2465351295654568320  26.5333888  -8.2582370 13.919    nan       2.499  10.8322  17.9227     3.71      nan      nan   11.162  nan      nan    nan   1.949     nan                                None      94.654     -53.623      98.896       0.180     -57.693       0.084
Gaia DR3 2556759023031166720  12.1667569   7.5597078 16.077  2.800       2.749  10.7402  19.3540   -12.53      nan      nan   10.831  nan      nan    nan   0.996     nan                                None      89.202     -49.372      82.938       0.070     -49.756       0.051
Gaia DR3 2513419744997493888  32.7719821   1.5558030 14.345  2.431       2.890  12.2959  19.8882     4.14      nan      nan   14.205  nan      nan    nan   1.237     nan                                None     119.615     -69.496     114.034       0.032     -62.881       0.025
Gaia DR3 2547833630018528768   7.3510603   3.0555747 20.308  3.219       1.127  13.3412  22.0186   -14.04      nan      nan   14.636  nan      nan    nan   0.993     nan                                None     117.635     -69.019     114.159       0.767     -69.070       0.638
Gaia DR3 2591395524796155648  19.6434766  15.5340094 17.633  3.701       2.730  14.8072  22.0442   -10.44      nan      nan   13.855  nan      nan    nan   1.000     nan                                None     116.782     -61.504     108.914       0.168     -60.217       0.088
Gaia DR3 2492843312596694272  33.4697757  -3.9930123 12.123  1.601       0.309  13.8019  23.6566     6.85      nan      nan   10.771  nan      nan    nan   1.131     nan                                None      90.559     -51.461      90.967       0.019     -50.890       0.015
Gaia DR3 2777143450075177472  15.3193789  14.0088149  9.491  0.784       2.471  14.2141  24.4558   -12.79      nan      nan   10.721  nan      nan    nan   1.100     nan                                None      89.353     -46.560      94.925       0.021     -46.176       0.017
Gaia DR3 2469355717003328768  16.3349120 -11.7324719 13.388  2.600       2.822  13.1512  24.9661    -1.89      nan      nan   15.854  nan      nan    nan   1.555     nan                                None     132.557     -80.115     124.134       0.030     -75.868       0.026
Gaia DR3 2513129783165458944  33.9437406   0.9457606 14.130  2.522       1.622  13.4438  25.1024     5.20      nan      nan   15.814  nan      nan    nan   1.217     nan                                None     132.805     -77.258     136.422       0.031     -73.237       0.024
Gaia DR3 2511959967217556992  26.3607670   1.6766737 16.748  3.292       2.924   5.9322  25.6602    -0.39      nan      nan   17.487  nan      nan    nan   0.991     nan                                None     148.291     -85.097     148.439       0.080     -74.319       0.055
Gaia DR3 5142856482329617408  27.4933650 -15.9329038 13.815  2.269       0.379  18.0568  27.3497     7.37      nan      nan   11.359  nan      nan    nan   1.190     nan                                None      96.296     -52.450      96.587       0.023     -51.589       0.014
Gaia DR3 2742050539317440000   1.7445845   5.4425774  8.939  0.855       2.090  19.3012  27.3704   -18.60      nan      nan   13.679  nan      nan    nan   0.977     nan                                None     105.801     -61.761     108.975       0.026     -66.886       0.021
Gaia DR3 2506789415004253568  30.9510509  -0.3404452  5.717  1.063       1.007  10.5078  27.4746     3.64      nan      nan    9.658  nan      nan    nan   8.580     nan                                None      81.591     -46.959      83.085       0.391     -45.554       0.249
Gaia DR3 2788939075242057472  12.3142023  18.8441669 16.504  3.055       2.038  19.7948  27.7190   -16.43      nan      nan   12.972  nan      nan    nan   1.104     nan                                None     106.906     -51.368     111.110       0.086     -55.027       0.056
Gaia DR3 2567666792560829312  29.9933707   6.6545597 12.536  2.271       1.379  11.1589  28.7645     0.14      nan      nan   17.764  nan      nan    nan   1.477     nan                                None     150.274     -87.100     154.446       0.058     -90.144       0.044
Gaia DR3 2512382901237243648  26.3984791   2.9344776 18.847  0.632       1.693   6.2866  29.2043    -0.87      nan      nan    9.161  nan      nan    nan   0.949     nan                                None      77.691     -44.559      77.351       0.327     -41.307       0.240
Gaia DR3 2567666728133914368  29.9931243   6.6547329 12.811    nan       1.225  11.1588  29.6106     0.14      nan      nan   18.088  nan      nan    nan   3.934     nan                                None     153.013     -88.687     152.836       0.115     -93.353       0.106
