GaiaDR3                               RA         DEC   Gmag  Bp-Rp  Voff(km/s) Sep(deg)   3D(pc) Vr(pred)  Vr(obs)    Vrerr Plx(mas)  SpT    FnuvJ  W1-W3    RUWE  XCrate                               RVsrc    PMRApred   PMDecpred        PMRA     PMRAerr       PMDec    PMDecerr
Gaia DR3 3604866386264961792 202.0161753 -15.9379799 10.129  0.862       0.000   0.0000   0.0000     8.87     8.87     0.22    8.882  nan      nan    nan   1.121     nan                            Gaia_DR3     -98.828     -35.889     -98.828       0.024     -35.889       0.016
Gaia DR3 3511346737569034752 198.7493145 -16.8912992 20.257  2.700       1.950   3.2754   9.3747    12.05      nan      nan    8.387  nan      nan    nan   1.130     nan                                None     -92.847     -32.083     -95.127       0.873     -34.669       0.589
Gaia DR3 3620999829616780032 196.9088118 -13.8205522 15.712  3.075       1.537   5.3707  11.3853    12.70      nan      nan    8.591  nan      nan    nan   1.234     nan                                None     -94.683     -33.256     -96.641       0.071     -35.234       0.048
Gaia DR3 3622614801743783936 196.8266395 -11.5338964 15.777  2.710       1.427   6.6928  13.1273    12.03      nan      nan    8.972  nan      nan    nan   1.127     nan                                None     -98.865     -35.635     -98.544       0.057     -32.955       0.043
Gaia DR3 6195701916044873088 204.0765565 -21.6809669 15.830  2.738       1.105   6.0648  13.9645     8.97      nan      nan    8.384  nan      nan    nan   1.100     nan                                None     -93.437     -33.379     -92.813       0.053     -35.230       0.042
Gaia DR3 3504614874549129728 198.9726888 -21.8667483 16.098  2.910       1.979   6.5902  15.5718    13.39      nan      nan    9.694  nan      nan    nan   0.982     nan                                None    -107.358     -34.959    -103.580       0.064     -33.520       0.035
Gaia DR3 6294040930363144064 208.9616993 -17.8828519 16.635  2.914       2.646   6.9232  16.1454     3.42      nan      nan    8.298  nan      nan    nan   1.005     nan                                None     -92.343     -36.425     -87.999       0.070     -38.019       0.068
Gaia DR3 3511015234813776768 197.2105153 -17.7916771 17.469  3.162       2.496   4.9582  17.2041    13.68      nan      nan    7.914  nan      nan    nan   0.951     nan                                None     -87.295     -29.235     -90.758       0.131     -31.546       0.105
Gaia DR3 3502576444415911680 193.0778690 -21.4558773 19.124  3.547       2.440  10.1015  20.6753    18.26      nan      nan    9.549  nan      nan    nan   0.966     nan                                None    -103.941     -30.680    -104.212       0.328     -25.776       0.303
Gaia DR3 3618486586553770240 204.5234170  -8.1194172 12.537  1.490       2.508   8.1934  21.3680     3.89     8.93     0.78    7.965  nan      nan    nan   1.162     nan                            Gaia_DR3     -88.781     -34.460     -84.601       0.021     -33.950       0.012
Gaia DR3 6192583902932285824 199.7516095 -26.1600669 19.831  2.732       2.177  10.4375  22.0647    13.99      nan      nan    8.393  nan      nan    nan   1.028     nan                                None     -93.093     -28.967     -89.464       0.496     -30.259       0.314
Gaia DR3 6275433242251243136 211.0631625 -23.4024926 15.318  2.422       2.117  11.3196  22.2270     3.63    -6.78     5.92    9.257  nan      nan    nan   1.082     nan                            Gaia_DR3    -102.724     -41.304    -105.744       0.038     -38.483       0.031
Gaia DR3 6296320836442632576 213.0434029 -18.6252364 15.720  2.939       0.933  10.8643  23.3210     0.14    -2.13     7.86    8.316  nan      nan    nan   1.074     nan                            Gaia_DR3     -91.927     -38.526     -91.973       0.050     -36.890       0.040
Gaia DR3 3505563924882597632 196.5693105 -21.5012667 15.445  2.827       2.369   7.5850  23.5636    15.33    19.44     7.19   10.716  nan      nan    nan   1.140     nan                            Gaia_DR3    -117.997     -37.017    -113.768       0.047     -33.740       0.036
Gaia DR3 6289247124093566848 208.0643434 -19.9314725 15.865  2.623       2.031   7.0028  24.7429     4.94      nan      nan   10.969  nan      nan    nan   0.991     nan                                None    -122.171     -47.185    -125.787       0.048     -44.189       0.044
Gaia DR3 3503629402892975104 190.4661465 -20.6098671 14.560  2.275       2.455  11.9157  26.5684    20.22    16.12     2.18    8.128  nan      nan    nan   1.092     nan                            Gaia_DR3     -87.492     -25.163     -90.113       0.029     -28.453       0.020
Gaia DR3 3505197821870278528 196.0244728 -21.6156140 16.615  2.833       2.175   8.0236  27.0227    15.82      nan      nan    7.492  nan      nan    nan   0.995     nan                                None     -82.373     -25.544     -80.203       0.103     -28.207       0.078
Gaia DR3 6277960809029387648 213.4834867 -20.1622981 17.079  2.879       1.939  11.6880  27.4530     0.35      nan      nan    7.966  nan      nan    nan   1.150     nan                                None     -87.960     -37.116     -91.095       0.104     -37.992       0.084
Gaia DR3 3516457405054314624 187.5122876 -19.0651328 15.145  2.601       2.545  14.1761  27.9731    22.29    -8.19     8.24    9.573  nan      nan    nan   1.274     nan                            Gaia_DR3    -101.479     -29.004     -96.793       0.050     -31.109       0.032
Gaia DR3 6186115716543031424 196.1246203 -28.0003477 14.948  2.502       1.539  13.2358  28.9149    17.44    -2.37     3.40    8.150  nan      nan    nan   1.047     nan                            Gaia_DR3     -89.633     -24.664     -89.712       0.034     -27.308       0.030
Gaia DR3 6181743890808600960 199.4329182 -30.2674948 15.773  2.493       0.063  14.5236  29.7524    15.38      nan      nan   10.038  nan      nan    nan   0.987     nan                                None    -111.276     -32.121    -111.408       0.045     -32.137       0.045
