GaiaDR3                               RA         DEC   Gmag  Bp-Rp  Voff(km/s) Sep(deg)   3D(pc) Vr(pred)  Vr(obs)    Vrerr Plx(mas)  SpT    FnuvJ  W1-W3    RUWE  XCrate                               RVsrc    PMRApred   PMDecpred        PMRA     PMRAerr       PMDec    PMDecerr
Gaia DR3 3643098875168270592 217.3266451  -3.4444993 11.881  0.964       0.000   0.0000   0.0000   -58.51      nan      nan    4.643  nan      nan    nan   1.059     nan                                None     -19.041       0.437     -19.041       0.017       0.437       0.014
Gaia DR3 3652437066077821824 216.4243664  -2.2039552 13.068  1.279       2.344   1.5333   5.7679   -58.18      nan      nan    4.651  nan      nan    nan   1.318     nan                                None     -19.969       1.692     -20.646       0.019      -0.504       0.016
Gaia DR3 6331269225848487040 217.7614721  -7.0605048 17.584  2.795       1.294   3.6418  14.2301   -58.57      nan      nan    4.570  nan      nan    nan   0.975     nan                                None     -18.310      -3.145     -18.195       0.132      -4.387       0.108
Gaia DR3 3646284576965956352 215.2808144  -3.0111938 10.303  0.676       2.322   2.0880  16.2944   -57.78      nan      nan    4.357  nan      nan    nan   1.076     nan                                None     -19.772       0.852     -21.328       0.022      -0.606       0.020
Gaia DR3 3648014933390269696 219.0813583  -4.0776273 16.724  2.497       1.092   1.8619  17.6737   -59.08      nan      nan    4.320  nan      nan    nan   1.100     nan                                None     -16.078      -0.219     -16.538       0.089      -1.101       0.082
Gaia DR3 3648144366524840192 219.9074859  -3.4454481 15.978  2.308       2.145   2.5762  19.9075   -59.33      nan      nan    4.300  nan      nan    nan   0.953     nan                                None     -15.232       0.360     -17.154       0.068       0.654       0.063
Gaia DR3 3639453551740980736 213.9557610  -7.3571442 17.293  2.861       1.866   5.1543  19.9274   -57.17      nan      nan    4.561  nan      nan    nan   0.977     nan                                None     -21.972      -3.260     -20.389       0.120      -2.415       0.111
Gaia DR3 6330234959068632064 219.4460613  -8.2320896 18.458  2.923       2.824   5.2310  20.1282   -59.02      nan      nan    4.761  nan      nan    nan   1.003     nan                                None     -17.342      -4.556     -20.168       0.240      -4.773       0.166
Gaia DR3 3640823680668130816 214.1627883  -5.9271981 11.510  0.849       2.126   4.0132  20.9752   -57.32      nan      nan    4.359  nan      nan    nan   0.818     nan                                None     -20.809      -1.810     -19.824       0.022      -3.497       0.018
Gaia DR3 3649787788515725952 220.5078174  -1.2670147 18.987  2.968       1.002   3.8527  24.2529   -59.44      nan      nan    4.267  nan      nan    nan   0.948     nan                                None     -14.556       2.383     -14.290       0.277       1.522       0.221
Gaia DR3 3643199136884639360 216.1759795  -3.3924023 19.015  3.449       2.629   1.1498  24.3854   -58.11      nan      nan    5.227  nan      nan    nan   0.923     nan                                None     -22.722       0.577     -24.117       0.283      -1.962       0.217
Gaia DR3 3655361144237568640 220.6957018   2.1176585 16.300  2.434       2.684   6.5021  25.0850   -59.23      nan      nan    4.806  nan      nan    nan   0.972     nan                                None     -16.193       6.239     -14.296       0.056       8.186       0.051
Gaia DR3 3639879578137021696 214.3320005  -6.8732680 16.331  2.466       2.708   4.5441  25.4646   -57.35      nan      nan    4.281  nan      nan    nan   1.008     nan                                None     -20.286      -2.640     -21.612       0.063      -0.587       0.046
Gaia DR3 3647733183534933376 212.7775603  -1.1141656 13.085  1.391       2.995   5.1077  25.9876   -56.72      nan      nan    5.077  nan      nan    nan   9.071     nan                                None     -25.713       3.062     -28.902       0.117       3.383       0.089
Gaia DR3 6340503847916089216 223.6712652  -1.2659215 19.639  2.558       1.520   6.7028  26.1166   -60.24      nan      nan    4.525  nan      nan    nan   0.984     nan                                None     -12.284       2.511     -11.296       0.421       1.451       0.378
Gaia DR3 3666801670098648704 214.5008788   2.1611439 15.976  2.470       2.596   6.2770  27.0017   -57.16      nan      nan    4.979  nan      nan    nan   1.010     nan                                None     -23.414       6.429     -21.307       0.056       8.156       0.041
Gaia DR3 3643931450283951616 210.5631290  -5.3276648  9.842  0.725       2.584   7.0014  27.3327   -55.81      nan      nan    4.851  nan      nan    nan   3.570     nan                                None     -26.790      -1.255     -28.606       0.070       0.665       0.049
Gaia DR3 3645002542112698880 209.9230470  -4.2862377 17.639  2.819       2.365   7.4345  28.1374   -55.53      nan      nan    4.599  nan      nan    nan   0.961     nan                                None     -25.998      -0.184     -26.995       0.126      -2.248       0.102
Gaia DR3 6327882214638924416 216.1380960 -10.8739276 13.356  1.359       1.781   7.5223  28.1995   -57.67      nan      nan    4.697  nan      nan    nan   1.082     nan                                None     -20.458      -6.981     -21.979       0.017      -7.872       0.016
Gaia DR3 3653269735681858432 217.1240287  -0.4205167 17.763  2.868       1.310   3.0308  28.4747   -58.34      nan      nan    5.292  nan      nan    nan   0.961     nan                                None     -21.932       3.944     -20.826       0.163       4.900       0.107
Gaia DR3 6327850874262622976 216.1435181 -11.0982783 18.135  1.120       2.076   7.7431  29.1468   -57.64      nan      nan    4.748  nan      nan    nan   0.921     nan                                None     -20.672      -7.282     -19.291       0.244      -8.835       0.170
Gaia DR3 6334158570607761792 224.2395564  -5.6379870 13.726  1.490       2.969   7.2315  29.8392   -60.39      nan      nan    4.423  nan      nan    nan   1.036     nan                                None     -11.448      -1.849     -11.058       0.018      -4.589       0.018
