GaiaDR3                               RA         DEC   Gmag  Bp-Rp  Voff(km/s) Sep(deg)   3D(pc) Vr(pred)  Vr(obs)    Vrerr Plx(mas)  SpT    FnuvJ  W1-W3    RUWE  XCrate                               RVsrc    PMRApred   PMDecpred        PMRA     PMRAerr       PMDec    PMDecerr
Gaia DR3 1725490333641502976 217.9257592  83.3727076 11.701  0.772       0.000   0.0000   0.0000   -13.91      nan      nan    3.265  nan      nan    nan   0.874     nan                                None     -16.514      10.456     -16.514       0.014      10.456       0.014
Gaia DR3 1727436121329256960 216.2911946  85.2588333 18.854  2.847       1.238   1.8929  10.4180   -13.35      nan      nan    3.293  nan      nan    nan   1.079     nan                                None     -16.982      10.382     -16.283       0.273       9.881       0.218
Gaia DR3 1725304653614176512 206.7163674  82.8867285 20.148  2.629       2.164   1.4235  10.8426   -13.43      nan      nan    3.185  nan      nan    nan   0.990     nan                                None     -17.985       6.802     -16.655       0.516       6.216       0.508
Gaia DR3 1723810279874975616 235.2924482  83.3627963 13.882  1.305       1.987   1.9982  13.8354   -14.66      nan      nan    3.176  nan      nan    nan   1.021     nan                                None     -11.993      14.425     -12.631       0.017      15.592       0.018
Gaia DR3 1722569545426129152 224.3584468  83.4729093 18.656  3.058       2.105   0.7432  14.6280   -14.18      nan      nan    3.422  nan      nan    nan   0.983     nan                                None     -15.852      12.830     -14.474       0.207      12.192       0.177
Gaia DR3 1727285148935482496 233.3238399  85.2393252 17.378  2.434       1.899   2.3963  14.9581   -13.89      nan      nan    3.352  nan      nan    nan   0.924     nan                                None     -13.214      15.116     -12.890       0.072      13.814       0.075
Gaia DR3 1721153000788204288 234.6844904  81.0560918 20.237  2.634       2.415   3.2206  17.2519   -15.48      nan      nan    3.257  nan      nan    nan   1.024     nan                                None     -12.468      14.247     -11.088       0.572      13.327       0.463
Gaia DR3 1722746914691497728 242.4300042  82.3185249 13.769  1.216       2.454   3.1995  17.4968   -15.32      nan      nan    3.231  nan      nan    nan   1.017     nan                                None     -10.152      15.872     -11.814       0.015      15.694       0.014
Gaia DR3 1721158051670376192 235.2860562  81.0696657 18.023  2.978       1.072   3.2656  17.5642   -15.51      nan      nan    3.249  nan      nan    nan   0.991     nan                                None     -12.271      14.342     -11.999       0.120      13.660       0.125
Gaia DR3 1728365002496524160 207.3485314  86.5218188 17.902  2.473       1.705   3.2708  17.6029   -12.78      nan      nan    3.293  nan      nan    nan   0.994     nan                                None     -18.500       7.813     -18.218       0.120       6.663       0.098
Gaia DR3 1720779025099530880 222.3025261  80.2433454 13.273  1.086       2.589   3.1887  17.6125   -15.02      nan      nan    3.318  nan      nan    nan   0.961     nan                                None     -15.844      11.309     -17.017       0.013       9.929       0.012
Gaia DR3 1726073585904388864 196.5424174  83.6868611 18.268  2.804       1.209   2.4156  17.8883   -12.74      nan      nan    3.406  nan      nan    nan   1.027     nan                                None     -20.410       3.899     -20.869       0.142       3.162       0.132
Gaia DR3 1715829882745638016 209.6862548  80.6182565 19.665  2.856       2.814   2.9770  18.2704   -14.04      nan      nan    3.176  nan      nan    nan   0.995     nan                                None     -17.500       7.327     -17.357       0.347       5.448       0.337
Gaia DR3 1718998366018846080 199.6500615  81.1032147 19.362 -0.132       2.121   3.3263  19.1047   -13.21      nan      nan    3.197  nan      nan    nan   1.035     nan                                None     -18.884       4.289     -17.799       0.308       5.219       0.273
Gaia DR3 1727709113746917760 243.4756306  86.0269803 10.866  0.624       1.805   3.4902  20.5172   -13.80      nan      nan    3.365  nan      nan    nan   0.879     nan                                None     -10.247      17.391      -9.945       0.013      16.147       0.013
Gaia DR3 1726875924450864384 190.4783802  85.2991546 16.074  2.168       2.588   3.2717  21.4091   -12.34      nan      nan    3.408  nan      nan    nan   1.042     nan                                None     -20.826       1.980     -22.470       0.044       1.110       0.037
Gaia DR3 1719206727768541056 197.8156336  82.0623906 18.573  3.050       1.612   2.8457  21.4439   -12.98      nan      nan    3.115  nan      nan    nan   0.987     nan                                None     -18.565       3.737     -18.770       0.206       4.776       0.214
Gaia DR3 1714728176390033536 218.1763769  79.2428282 11.312  0.758       1.945   4.1300  22.0965   -14.99      nan      nan    3.260  nan      nan    nan   1.008     nan                                None     -16.437       9.794     -16.319       0.019       8.463       0.020
Gaia DR3 1720027749420558848 191.9552054  82.4373530 17.844  2.568       1.967   3.3088  22.1711   -12.56      nan      nan    3.133  nan      nan    nan   1.090     nan                                None     -19.077       1.900     -17.801       0.109       2.147       0.106
Gaia DR3 1715618054957780224 209.3309231  79.5029680 17.692  2.994       2.412   4.0653  22.3360   -14.22      nan      nan    3.330  nan      nan    nan   1.026     nan                                None     -18.407       7.377     -19.487       0.129       6.073       0.094
Gaia DR3 1726496592940048768 187.6397118  85.1638796 17.746  3.080       1.868   3.4540  22.3511   -12.22      nan      nan    3.411  nan      nan    nan   0.959     nan                                None     -20.957       0.929     -21.887       0.107      -0.040       0.102
Gaia DR3 1728053879362263424 230.2200394  87.0387813 18.240  2.761       2.898   3.7866  22.5068   -13.16      nan      nan    3.170  nan      nan    nan   1.011     nan                                None     -13.289      13.879     -11.740       0.125      15.041       0.135
Gaia DR3 1723316526138116224 255.5200833  83.7727216 20.108  2.625       1.101   4.1515  22.8242   -15.02      nan      nan    3.332  nan      nan    nan   0.945     nan                                None      -6.199      18.542      -6.973       0.501      18.519       0.534
Gaia DR3 1719787544785243392 183.6355940  82.2734990 17.349  2.582       2.744   4.3501  23.2397   -12.00      nan      nan    3.268  nan      nan    nan   0.972     nan                                None     -20.139      -0.929     -19.236       0.075      -2.589       0.071
Gaia DR3 1719787613504720896 183.5942359  82.2782773 14.763  1.606       2.800   4.3524  23.2515   -11.99      nan      nan    3.280  nan      nan    nan   1.038     nan                                None     -20.213      -0.946     -19.198       0.022      -2.595       0.020
Gaia DR3 1722047552280457856 215.3621520  82.2181591 16.729  2.228       1.438   1.1982  24.0291   -14.07      nan      nan    3.036  nan      nan    nan   0.990     nan                                None     -15.819       8.851     -16.248       0.066       8.037       0.060
Gaia DR3 1708958209949448576 234.0144820  80.0055956 17.508  2.528       2.561   4.0610  24.2401   -15.82      nan      nan    3.161  nan      nan    nan   0.966     nan                                None     -12.279      13.496     -10.610       0.080      13.138       0.080
Gaia DR3 1723202593541568512 255.4940095  83.0861766 19.769    nan       2.060   4.3596  24.7080   -15.33      nan      nan    3.365  nan      nan    nan   1.014     nan                                None      -6.270      18.593      -6.669       0.671      17.187       0.560
Gaia DR3 1719754593796126848 183.4339407  81.9984556 20.197  2.562       1.088   4.5212  25.2332   -11.98      nan      nan    3.198  nan      nan    nan   1.089     nan                                None     -19.708      -1.016     -19.002       0.501      -1.215       0.550
Gaia DR3 1728354905029466112 201.9676030  86.4672007 15.991  2.072       2.896   3.3729  25.7845   -12.63      nan      nan    3.084  nan      nan    nan   0.962     nan                                None     -17.985       5.654     -18.590       0.036       3.871       0.033
Gaia DR3 1723430055009605504 263.6578746  84.3084798 17.459  2.498       2.554   4.8562  26.2480   -14.87      nan      nan    3.233  nan      nan    nan   3.964     nan                                None      -3.265      18.743      -3.887       0.441      17.116       0.443
Gaia DR3 1719542972168026624 186.5439035  80.8678464 18.636  2.885       1.710   4.8867  27.2095   -12.20      nan      nan    3.362  nan      nan    nan   0.983     nan                                None     -20.679      -0.126     -21.828       0.148      -0.511       0.139
Gaia DR3 1725259126962714240 200.5491751  82.7941468 14.527  1.593       2.624   2.1617  27.5458   -13.07      nan      nan    3.558  nan      nan    nan   1.244     nan                                None     -20.915       5.390     -21.101       0.026       3.430       0.025
Gaia DR3 1720021191006946688 195.0208322  82.9170179 16.608  2.294       1.767   2.7525  27.6104   -12.72      nan      nan    3.539  nan      nan    nan   1.030     nan                                None     -21.337       3.363     -20.051       0.051       3.072       0.043
Gaia DR3 1718407451533853440 197.9384095  79.1954167 15.237  1.729       2.754   5.1005  27.6908   -13.26      nan      nan    3.333  nan      nan    nan   0.977     nan                                None     -19.852       3.579     -17.990       0.025       4.104       0.023
Gaia DR3 1148385439322700544 173.8826030  86.5126038 13.719  1.261       2.824   4.7781  27.8934   -11.76      nan      nan    3.402  nan      nan    nan   1.088     nan                                None     -20.693      -3.875     -22.418       0.014      -4.937       0.013
Gaia DR3 1708817025784715520 240.6756445  79.9591253 18.937  2.925       1.656   4.6840  27.9699   -16.18      nan      nan    3.416  nan      nan    nan   1.106     nan                                None     -11.284      15.982     -11.420       0.349      14.797       0.270
Gaia DR3 1710253610741433088 246.4535993  80.1062148 17.081  2.497       2.415   5.1471  28.0298   -16.38      nan      nan    3.339  nan      nan    nan   1.012     nan                                None      -9.224      16.656      -8.613       0.064      15.070       0.070
Gaia DR3 1724545543914503040 255.7829261  85.5007780 20.020  2.721       2.749   4.1286  28.4476   -14.22      nan      nan    3.478  nan      nan    nan   1.024     nan                                None      -6.376      19.704      -4.875       0.436      18.359       0.437
Gaia DR3 1722637680787667072 241.4926466  81.5526873 20.360  0.315       2.636   3.5497  28.4678   -15.59      nan      nan    3.515  nan      nan    nan   1.015     nan                                None     -11.350      16.936     -12.081       0.709      15.124       0.726
Gaia DR3 1718369995123468160 202.3815330  79.8247208 17.828  2.307       2.904   4.1819  28.9588   -13.58      nan      nan    3.087  nan      nan    nan   1.073     nan                                None     -17.957       4.798     -16.323       0.104       3.847       0.093
Gaia DR3 1708270431066201984 234.1897835  78.9499797 19.394  0.076       1.382   5.0378  29.1599   -16.20      nan      nan    3.403  nan      nan    nan   1.025     nan                                None     -13.169      14.357     -14.116       0.280      14.062       0.285
Gaia DR3 1729014337128902016 250.1527839  88.4557082 15.331  1.927       2.439   5.3840  29.2721   -12.79      nan      nan    3.340  nan      nan    nan   4.000     nan                                None      -8.022      18.720      -7.134       0.093      20.190       0.093
Gaia DR3 1723450327255302016 268.2542489  84.5463402 14.854  1.701       2.082   5.2382  29.4719   -14.78      nan      nan    3.181  nan      nan    nan   1.051     nan                                None      -1.653      18.677      -0.898       0.022      19.852       0.022
Gaia DR3 1717815394586630528 189.7916123  79.9495268 19.855  2.471       1.178   5.2305  29.5291   -12.48      nan      nan    3.178  nan      nan    nan   0.986     nan                                None     -19.452       0.838     -18.666       0.441       0.777       0.433
