GaiaDR3                               RA         DEC   Gmag  Bp-Rp  Voff(km/s) Sep(deg)   3D(pc) Vr(pred)  Vr(obs)    Vrerr Plx(mas)  SpT    FnuvJ  W1-W3    RUWE  XCrate                               RVsrc    PMRApred   PMDecpred        PMRA     PMRAerr       PMDec    PMDecerr
Gaia DR3 5229384714547758720 164.1139089 -72.9851842 13.343  2.736       0.000   0.0000   0.0000    -5.90      nan      nan   39.447  nan      nan    nan   1.277     nan                                None      39.300     -76.417      39.300       0.017     -76.417       0.015
Gaia DR3 5233071514480420864 158.6127951 -67.3778729 13.374 -0.244       2.739   5.9035   3.0746    -6.92      nan      nan   42.396  nan      nan    nan   1.079     nan                                None      33.035     -79.920      11.305       0.024     -68.650       0.022
Gaia DR3 5793182631952977920 220.4706776 -75.1395658  6.592  0.874       0.833  15.0226   7.8139    -3.34      nan      nan   49.369  nan      nan    nan   0.965     nan                                None     118.352     -11.131     120.618       0.017     -19.502       0.018
Gaia DR3 5251658861642625280 156.4861689 -64.3159416 16.397  3.816       2.947   9.0859   9.6766    -7.45      nan      nan   29.549  nan      nan    nan   1.188     nan                                None      20.485     -54.044       9.106       0.066     -68.449       0.065
Gaia DR3 4613612951211823104  49.3118092 -85.5404862 14.754 -0.373       2.373  19.3019   9.9991    -2.94      nan      nan   34.035  nan      nan    nan   1.025     nan                                None     -82.709       2.513     -73.818       0.032     -12.011       0.034
Gaia DR3 5253922408166862720 158.9534267 -61.1177256 11.598  2.114       2.733  12.0260  10.5802    -7.85      nan      nan   29.445  nan      nan    nan   1.351     nan                                None      23.346     -50.364      30.956       0.022     -65.523       0.020
Gaia DR3 6345403379104806528 328.1724578 -82.4147905 14.434  3.477       1.775  24.3948  11.3755    -1.42      nan      nan   36.319  nan      nan    nan   2.893     nan                                None     -12.681      89.571       0.905       0.077      89.205       0.089
Gaia DR3 4654969500557785344  71.0450524 -70.3243683 11.436    nan       1.765  26.4756  11.4236    -4.18      nan      nan   47.556  nan      nan    nan   0.789     nan                                None    -107.800     -29.255    -101.985       0.061     -45.971       0.056
Gaia DR3 5320952798822552064 123.8550169 -52.0605502  6.483  0.748       2.467  26.9457  12.3113    -9.14      nan      nan   37.001  nan      nan    nan   0.899     nan                                None     -24.872     -53.972      -5.817       0.020     -56.683       0.020
Gaia DR3 5217251157054546176 132.9537475 -73.6446332 15.561  3.379       1.905   8.8682  12.3347    -6.06      nan      nan   27.213  nan      nan    nan   1.133     nan                                None      -8.012     -58.215      -4.950       0.035     -68.705       0.043
Gaia DR3 5854893134389744768 184.0265031 -71.1385658 14.599  2.959       2.584   6.3706  12.4986    -5.47      nan      nan   26.758  nan      nan    nan   0.973     nan                                None      45.266     -38.788      40.649       0.019     -52.616       0.020
Gaia DR3 5209903017765189760 114.8406259 -78.2791518  9.064  1.207       2.853  12.8192  14.1098    -5.01      nan      nan   26.554  nan      nan    nan   1.020     nan                                None     -27.346     -53.872     -19.556       0.015     -39.926       0.015
Gaia DR3 5213167330349528064 117.3008525 -76.7027228 10.162  2.564       0.893  12.4050  14.8996    -5.32      nan      nan   91.826  nan      nan    nan   1.071     nan                                None     -85.799    -187.319    -102.154       0.023    -192.918       0.023
Gaia DR3 5808612830236138368 247.1198787 -70.0839099  4.744  0.737       2.100  24.3315  15.1920    -1.62      nan      nan   82.870  nan      nan    nan   2.106     nan                                None     192.379      73.612     200.742       0.107     109.341       0.152
Gaia DR3 6157380018807576192 189.3592984 -35.4548430 14.633  3.514       2.464  39.6223  16.1755    -7.82      nan      nan   49.850  nan      nan    nan   1.049     nan                                None      92.050     -20.378      66.450       0.027     -16.457       0.023
Gaia DR3 6381623044470172672 340.4960625 -75.0082179 13.919  3.660       1.678  31.9903  16.2017    -0.06      nan      nan   80.396  nan      nan    nan   1.243     nan                                None     -68.693     189.645     -75.787       0.029     217.183       0.030
Gaia DR3 6384510877400590336 343.6639455 -70.0733857  5.900  0.815       1.904  36.9411  16.5371     0.82      nan      nan   37.464  nan      nan    nan   0.989     nan                                None     -36.672      86.304     -43.140       0.029      72.728       0.027
Gaia DR3 6485255520080979968 358.4157017 -65.9467586  6.510  0.750       2.214  40.7446  17.6170     0.98      nan      nan   39.596  nan      nan    nan   0.999     nan                                None     -59.908      78.825     -42.395       0.017      84.719       0.019
Gaia DR3 6485255515786445440 358.4233813 -65.9480379 10.858  2.119       2.208  40.7430  17.6205     0.98      nan      nan   39.577  nan      nan    nan   1.303     nan                                None     -59.890      78.781     -43.654       0.019      87.491       0.022
Gaia DR3 6448329418495400960 294.9673213 -57.8422244 16.386  4.606       2.972  44.9558  18.2286     3.06      nan      nan   46.897  nan      nan    nan   1.048     nan                                None      48.066     103.044      75.261       0.077     114.179       0.078
Gaia DR3 5544743925212648320 123.1124176 -35.4954976 14.346  0.683       2.457  42.6910  18.7382   -10.69      nan      nan   89.506  nan      nan    nan   1.039     nan                                None     -62.869     -75.490     -65.479       0.016     -29.204       0.018
Gaia DR3 5661194090755452416 144.2411188 -26.1699221 12.260  2.805       0.480  48.0321  18.8816   -11.61      nan      nan   55.352  nan      nan    nan  29.169     nan                                None      10.154     -28.194       6.608       0.708     -23.856       0.427
Gaia DR3 5661194163772723072 144.2320617 -26.1618731 16.555  4.871       2.334  48.0412  18.9118   -11.61      nan      nan   54.171  nan      nan    nan   0.905     nan                                None       9.917     -27.575      36.571       0.077     -27.256       0.048
Gaia DR3 3489338019475637760 182.1038798 -24.7290535  3.947  0.498       2.134  49.2464  19.2680    -8.99      nan      nan   66.770  nan      nan    nan   2.283     nan                                None     108.981     -12.492      96.976       0.177     -40.023       0.211
Gaia DR3 6411063808333667328 333.9486001 -58.9450632 13.106  3.022       1.811  47.8870  19.2999     3.23      nan      nan   46.861  nan      nan    nan  27.466     nan                                None     -27.622     109.716     -44.647       0.532     115.229       0.701
Gaia DR3 5640566707163003648 128.1572372 -31.4521271 20.552  1.855       1.869  45.4919  19.4527   -11.16      nan      nan   40.077  nan      nan    nan   1.747     nan                                None     -19.842     -28.445     -21.800       1.566     -44.111       2.199
Gaia DR3 5382278747053449600 172.4845254 -42.7071877 10.881  1.877       0.555  30.5373  19.6653    -9.14      nan      nan   27.252  nan      nan    nan   1.044     nan                                None      35.656     -25.373      34.509       0.011     -28.347       0.010
Gaia DR3 6397887600292497408 331.4669233 -66.9926432 16.888  0.997       0.456  39.7743  20.1431     1.69      nan      nan   31.817  nan      nan    nan   0.987     nan                                None     -15.488      77.481     -18.075       0.041      75.846       0.050
Gaia DR3 5693178647798942336 125.5667752 -27.7360305 19.720  2.189       2.468  49.6400  20.1474   -11.25      nan      nan   45.164  nan      nan    nan   2.639     nan                                None     -27.194     -24.573     -10.813       1.243      -7.731       1.519
Gaia DR3 6191885339386292736 203.9624038 -23.3759186 12.934  2.553       2.805  54.1538  21.2866    -5.80      nan      nan   49.019  nan      nan    nan   1.205     nan                                None     107.117       7.363      85.952       0.029     -12.443       0.024
Gaia DR3 5828317422956035072 246.9894826 -64.0578265  5.203  0.491       1.050  28.8659  21.4814    -1.18      nan      nan   25.091  nan      nan    nan   1.187     nan                                None      58.288      22.944      53.428       0.061      25.638       0.074
Gaia DR3 4055579464064558592 266.6704916 -32.2341264 13.950  3.803       2.539  62.8564  22.5639     4.26      nan      nan   82.980  nan      nan    nan   0.933     nan                                None     161.565     108.120     205.694       0.039     103.092       0.023
Gaia DR3 4694084076943966080  31.3641576 -69.2471136 13.093  2.675       2.826  34.5325  22.7925    -1.46      nan      nan   25.923  nan      nan    nan   2.932     nan                                None     -59.728      24.465     -62.675       0.037       9.303       0.035
Gaia DR3 4732291624973484928  54.6023549 -54.5911456 16.730  4.278       1.695  43.7192  22.8588    -2.95      nan      nan   30.300  nan      nan    nan   0.984     nan                                None     -73.389       6.035     -68.014       0.083      -3.367       0.103
Gaia DR3 6576809826101726208 319.3920411 -44.7428912 13.201  3.051       1.336  61.0318  22.8786     6.10      nan      nan   55.889  nan      nan    nan   1.045     nan                                None       1.232     120.349      16.765       0.103     117.813       0.067
Gaia DR3 6576809826100275456 319.3920391 -44.7426597 13.202  3.062       1.121  61.0320  22.9164     6.10      nan      nan   55.419  nan      nan    nan   1.057     nan                                None       1.222     119.336       9.076       0.101     108.858       0.055
Gaia DR3 5447078808430555904 154.7903705 -33.2461675 18.930  2.693       1.765  40.0279  23.1072   -10.93      nan      nan   27.944  nan      nan    nan   9.019     nan                                None      17.437     -21.416      20.103       1.252     -31.469       1.365
Gaia DR3 4871414343064541824  69.8913991 -32.5976145 15.321  3.987       1.214  60.1981  23.2727    -4.91      nan      nan   49.515  nan      nan    nan   1.034     nan                                None    -113.092       3.850    -101.914       0.036       9.823       0.041
Gaia DR3 5389589399865860736 167.9145083 -41.0496064 11.582  2.014       1.710  31.9881  23.6518    -9.61      nan      nan   24.408  nan      nan    nan   1.182     nan                                None      27.850     -22.920      24.762       0.018     -31.158       0.017
Gaia DR3 5389589399865881344 167.9097740 -41.0510612 13.869  2.774       1.197  31.9865  23.7398    -9.61      nan      nan   24.344  nan      nan    nan   1.271     nan                                None      27.772     -22.863      25.790       0.018     -28.679       0.019
Gaia DR3 4778404524166628480  64.6125953 -56.6082418 11.562  1.972       2.116  39.4844  24.0465    -4.08      nan      nan   26.731  nan      nan    nan   1.001     nan                                None     -62.837      -4.595     -68.210       0.014     -15.239       0.016
Gaia DR3 5693239876846716928 125.0725317 -27.6026977 20.576    nan       2.802  49.8745  24.2807   -11.24      nan      nan   32.300  nan      nan    nan   1.996     nan                                None     -20.104     -17.316      -8.882       1.337      -1.883       2.335
Gaia DR3 6233827481743360128 236.8958732 -27.8951195 14.732  3.660       0.760  58.4038  24.3728    -0.14      nan      nan   40.673  nan      nan    nan  12.015     nan                                None      98.112      28.029      98.835       0.419      21.554       0.340
Gaia DR3 6233452028580863744 236.8746761 -27.9199211 12.152  2.460       0.548  58.3742  24.4993    -0.15      nan      nan   40.192  nan      nan    nan   1.659     nan                                None      96.957      27.680      95.059       0.034      23.440       0.027
Gaia DR3 4062783361232757632 269.9823375 -27.6380761 19.557    nan       1.195  68.1178  24.6520     5.20      nan      nan   59.455  nan      nan    nan   1.326     nan                                None     110.571      75.977     103.409       1.187      89.134       0.863
Gaia DR3 5234386805265660416 170.8978818 -70.2838562 13.958  2.593       2.533   3.4405  24.6771    -6.11      nan      nan   20.026  nan      nan    nan   1.838     nan                                None      25.056     -35.066      15.271       0.030     -30.756       0.031
Gaia DR3 5423108699042422656 142.9984667 -45.2997004 14.917  3.238       1.042  29.3442  24.9751   -10.19      nan      nan   22.850  nan      nan    nan   1.051     nan                                None       2.990     -29.396      -0.538       0.055     -25.823       0.050
Gaia DR3 3749848985936082432 162.1463966 -15.2025431 11.982  2.642       1.731  57.7939  25.0440   -11.07      nan      nan   37.825  nan      nan    nan   1.224     nan                                None      34.784       0.438      22.475       0.029      -5.806       0.023
Gaia DR3 6197193330555411072 225.4851635 -40.0603313 17.469  4.558       0.862  43.7197  25.1501    -2.58      nan      nan   27.499  nan      nan    nan   0.840     nan                                None      66.630       9.799      71.613       0.157       9.416       0.123
Gaia DR3 5246843305629719168 143.0806146 -68.4381534 19.408  3.758       2.909   8.2356  25.2198    -6.98      nan      nan   19.982  nan      nan    nan   1.203     nan                                None       2.684     -40.516       3.029       0.360     -28.268       0.327
Gaia DR3 5279749665727105664  91.6463869 -69.1839745 16.498  4.064       1.575  22.3108  25.5676    -5.49      nan      nan   21.213  nan      nan    nan   1.061     nan                                None     -38.471     -27.379     -31.529       0.110     -28.575       0.097
Gaia DR3 3104733181410232576  98.8739400  -4.0547742 12.688  3.502       2.580  79.0552  26.0888    -8.88      nan      nan   79.164  nan      nan    nan   8.991     nan                                None    -126.313      38.958     -98.465       0.284      71.793       0.261
Gaia DR3 5640757025755544960 129.4435220 -30.0894134 20.832  1.186       2.212  46.5567  26.2588   -11.28      nan      nan   27.655  nan      nan    nan   1.362     nan                                None     -12.211     -18.219     -20.505       1.291     -28.097       2.667
Gaia DR3 5410019150552791168 143.5007854 -48.5961170 12.042  2.087       0.959  26.0550  26.4541    -9.82      nan      nan   21.381  nan      nan    nan   0.947     nan                                None       3.253     -30.084       0.241       0.011     -33.185       0.011
Gaia DR3 5465407461108449408 151.1424673 -29.0707141 10.315  1.584       2.939  44.4510  26.6627   -11.31      nan      nan   26.323  nan      nan    nan   0.983     nan                                None      12.459     -16.148      25.876       0.016     -25.423       0.014
Gaia DR3 5693581103413961728 125.6614491 -26.6354277 20.258  2.195       2.925  50.6892  26.7621   -11.31      nan      nan   29.182  nan      nan    nan   3.769     nan                                None     -17.458     -14.557      -7.470       2.025       0.414       2.893
Gaia DR3 5646946069330571904 128.0638401 -26.0920383 19.752  2.794       2.126  50.7255  26.9864   -11.43      nan      nan   28.925  nan      nan    nan   3.017     nan                                None     -14.433     -14.066      -1.661       1.348     -11.845       1.132
Gaia DR3 5694564994512306432 123.6230361 -26.0244294 20.024    nan       2.525  51.7185  27.2616   -11.23      nan      nan   29.122  nan      nan    nan   2.201     nan                                None     -19.850     -13.494      -5.574       0.769      -7.460       1.053
Gaia DR3 4623695747716209024  89.7447235 -78.2821850  9.692  1.104       1.804  17.7655  27.4334    -4.39      nan      nan   19.817  nan      nan    nan   1.022     nan                                None     -36.983     -27.697     -41.878       0.015     -21.969       0.016
Gaia DR3 6500949571097597824 352.3819561 -54.1494648 19.866  2.994       1.880  52.7372  27.4982     3.30      nan      nan   29.383  nan      nan    nan   1.158     nan                                None     -38.336      59.558     -46.876       0.285      51.644       0.409
Gaia DR3 5644340402875938048 126.2234148 -29.8703300 20.647  1.645       0.859  47.4299  28.0758   -11.18      nan      nan   26.234  nan      nan    nan   4.534     nan                                None     -15.087     -16.671     -17.446       2.773     -12.545       2.837
Gaia DR3 5693753554942781824 122.0510704 -28.0437065 19.943  1.605       2.240  50.1110  28.1276   -11.07      nan      nan   27.341  nan      nan    nan   3.652     nan                                None     -20.379     -14.693     -10.819       1.159      -6.013       1.441
Gaia DR3 6594527803147581568 336.0931951 -39.0218233 15.772  3.939       1.573  67.8555  28.1841     6.74      nan      nan   39.770  nan      nan    nan   0.944     nan                                None     -26.935      77.701     -23.105       0.044      65.084       0.042
Gaia DR3 5635168723541935744 136.6659567 -30.9225895 20.077  2.623       2.298  44.4260  28.2101   -11.39      nan      nan   24.979  nan      nan    nan   3.111     nan                                None      -3.437     -17.788       7.506       1.311     -12.629       1.874
Gaia DR3 5957670464879019136 265.7148595 -40.7525254 20.294    nan       0.603  54.5745  28.2448     3.18      nan      nan   29.449  nan      nan    nan   1.073     nan                                None      58.045      41.236      60.949       1.365      43.603       0.774
Gaia DR3 3618109522784875008 205.3388683  -9.1212243 12.162  2.525       2.645  68.3529  28.2624    -5.20      nan      nan   40.067  nan      nan    nan   1.625     nan                                None      88.554      18.239      95.439       0.034      39.494       0.023
Gaia DR3 5623965868291854720 135.8716950 -36.3299348 12.462  2.328       2.175  39.2694  28.2762   -11.01      nan      nan   23.306  nan      nan    nan   1.156     nan                                None      -3.991     -21.768     -13.008       0.011     -16.033       0.013
Gaia DR3 5550883941728298240  99.5060844 -49.6816752 10.873  1.683       1.518  35.8770  28.3341    -7.93      nan      nan   22.387  nan      nan    nan   0.968     nan                                None     -35.266     -22.560     -29.911       0.012     -27.319       0.012
Gaia DR3 5646866462119916160 128.2099521 -26.6112839 20.873  1.223       2.589  50.1902  28.5407   -11.41      nan      nan   26.957  nan      nan    nan   1.651     nan                                None     -13.287     -13.713      -0.854       1.528      -5.848       2.253
Gaia DR3 5714578957999816192 120.6115954 -18.9939725 20.575  1.785       2.432  59.2084  28.5913   -11.24      nan      nan   31.742  nan      nan    nan   1.147     nan                                None     -25.497      -4.988     -10.650       1.652     -11.655       1.809
Gaia DR3 5694008091887119616 122.1774499 -27.2417485 19.923  1.835       2.318  50.8582  28.6982   -11.11      nan      nan   27.095  nan      nan    nan   2.413     nan                                None     -20.058     -13.694     -12.548       0.918      -2.788       1.479
Gaia DR3 4920890648327138560  13.7518966 -54.8404441 18.371  4.449       1.983  50.5573  28.9144     1.50      nan      nan   26.749  nan      nan    nan   0.948     nan                                None     -52.485      40.960     -63.204       0.147      37.770       0.156
Gaia DR3 5642487897579597696 132.4706562 -29.4819418 19.697  1.134       2.743  46.5702  28.9838   -11.40      nan      nan   25.117  nan      nan    nan   4.231     nan                                None      -7.905     -16.160      -1.930       1.041      -2.920       1.469
Gaia DR3 5946633876355614592 266.2170795 -49.8804771 13.767  2.766       2.304  46.2356  29.0461     2.14      nan      nan   24.947  nan      nan    nan   9.532     nan                                None      48.858      37.470      60.511       0.131      40.798       0.094
Gaia DR3 5770483145673147392 195.5945653 -83.8156117 14.747  3.015       1.694  12.1642  29.0644    -3.64      nan      nan   18.744  nan      nan    nan   1.481     nan                                None      37.623     -24.273      43.490       0.028     -21.050       0.028
Gaia DR3 4042561933559490048 271.3063105 -33.9585015 18.531  1.454       2.184  62.4578  29.1626     4.67      nan      nan   33.001  nan      nan    nan   2.663     nan                                None      60.164      46.684      46.057       1.310      52.332       0.872
Gaia DR3 6068855485808450176 204.5093457 -52.4445803 13.746  2.745       1.445  26.6324  29.4703    -5.35      nan      nan   20.059  nan      nan    nan   2.688     nan                                None      44.036      -8.957      48.375       0.049     -13.262       0.049
Gaia DR3 5382407523053651456 173.9949800 -42.7197130 12.463  2.504       2.782  30.6261  29.5259    -9.01      nan      nan   20.676  nan      nan    nan   1.351     nan                                None      28.158     -18.765      40.277       0.015     -19.194       0.015
Gaia DR3 3476987445880179968 175.3842204 -34.0046985 13.889  2.923       2.406  39.4046  29.5481    -9.43      nan      nan   22.538  nan      nan    nan   3.303     nan                                None      31.785     -13.301      36.541       0.060     -23.699       0.043
Gaia DR3 5250219394735118848 144.0313561 -63.9026293    nan    nan       2.508  11.5828  29.6787    -7.71      nan      nan   18.493  nan      nan    nan   1.980     nan                                None       3.229     -35.186      -0.857       0.233     -44.068       0.094
Gaia DR3 5693431501116075264 124.7971726 -27.4893552 20.374  1.493       1.471  50.0435  29.8030   -11.23      nan      nan   25.722  nan      nan    nan   2.729     nan                                None     -16.300     -13.633     -10.184       1.401      -8.509       2.240
Gaia DR3 3003146828214395904  95.9095265  -9.6476049 16.823    nan       1.126  74.4925  29.8353    -8.66      nan      nan   41.828  nan      nan    nan   2.606     nan                                None     -70.616      13.449     -61.335       0.410      16.980       0.431
Gaia DR3 5323470057675772288 135.5250318 -52.9401041 12.626  2.298       2.490  23.3758  29.9098    -9.28      nan      nan   19.441  nan      nan    nan   1.139     nan                                None      -3.614     -30.290     -13.553       0.015     -27.970       0.014
