GaiaDR3                               RA         DEC   Gmag  Bp-Rp  Voff(km/s) Sep(deg)   3D(pc) Vr(pred)  Vr(obs)    Vrerr Plx(mas)  SpT    FnuvJ  W1-W3    RUWE  XCrate                               RVsrc    PMRApred   PMDecpred        PMRA     PMRAerr       PMDec    PMDecerr
Gaia DR3 2264839957167921024 290.1739778  73.1950979 13.598  2.860       0.000   0.0000   0.0000   -34.94      nan      nan   32.782  nan      nan    nan   1.414     nan                                None       7.800     -74.076       7.800       0.017     -74.076       0.017
Gaia DR3 2264839952875245696 290.1739794  73.1959818 13.830  2.936       1.183   0.0009   0.0083   -34.94      nan      nan   32.791  nan      nan    nan   1.274     nan                                None       7.802     -74.093       6.845       0.017     -82.216       0.017
Gaia DR3 2268897391295863040 277.3986953  75.5726560 12.471  2.776       2.114   4.1674   2.5292   -35.42      nan      nan   34.240  nan      nan    nan   1.458     nan                                None       8.189     -65.062      -0.699       0.023     -77.463       0.026
Gaia DR3 2297135018855651072 311.2627416  79.2385191  7.443  0.890       2.660   7.7666   8.2749   -35.80      nan      nan   26.738  nan      nan    nan   0.960     nan                                None       5.626     -41.527      -6.878       0.021     -33.248       0.020
Gaia DR3 2247440975935203840 300.9491523  64.4292427 10.365  1.761       2.920   9.5576   9.0855   -32.81      nan      nan   26.579  nan      nan    nan   3.807     nan                                None       6.052     -90.265      -8.141       0.163     -98.401       0.127
 Gaia DR3 566775227390650752   4.2186494  81.6635341  8.431  1.022       2.989  16.5237   9.7719   -36.00      nan      nan   29.637  nan      nan    nan   0.838     nan                                None       1.020     -40.094      -5.707       0.017     -22.673       0.017
Gaia DR3 2142179058447029760 293.9768126  56.9821005 12.408  2.616       2.144  16.2840  10.0899   -30.52      nan      nan   41.792  nan      nan    nan   1.256     nan                                None       9.832    -177.232      -8.867       0.020    -179.904       0.018
Gaia DR3 2205926577970277632 331.0573874  62.9628375 15.467  3.458       1.548  17.8178  11.1020   -32.16      nan      nan   28.529  nan      nan    nan   1.229     nan                                None       4.530    -104.550      10.696       0.043     -97.573       0.038
Gaia DR3 2136027771930903808 293.5826716  51.2357806  5.597  0.654       2.578  22.0083  11.7813   -28.36      nan      nan   39.323  nan      nan    nan   0.895     nan                                None       9.264    -191.221      30.472       0.034    -188.570       0.035
Gaia DR3 1130252053039689216 170.8185754  80.1510612 14.471  3.238       2.501  23.2279  12.2423   -36.19      nan      nan   38.813  nan      nan    nan   1.167     nan                                None      -3.437     -42.646     -17.020       0.020     -27.338       0.024
Gaia DR3 1130250575570939648 170.8026427  80.1505890 14.464  3.243       2.916  23.2301  12.2442   -36.19      nan      nan   38.821  nan      nan    nan   1.128     nan                                None      -3.440     -42.659     -18.371       0.019     -24.043       0.023
Gaia DR3 2295217504939096832 293.3817374  80.1611236  8.203  0.839       2.296   7.0025  13.2958   -35.97      nan      nan   23.233  nan      nan    nan   0.952     nan                                None       5.477     -31.646      -3.557       0.021     -24.947       0.021
Gaia DR3 2184093094542324480 309.6356307  56.2456857 13.008  2.302       2.802  18.6689  13.8027   -30.10      nan      nan   25.870  nan      nan    nan   1.134     nan                                None       5.526    -113.170      20.226       0.014    -117.343       0.013
Gaia DR3 2007965247462787712 338.6169906  58.2879394 13.395  2.252       2.753  23.7681  14.2576   -30.59      nan      nan   28.460  nan      nan    nan   0.966     nan                                None       3.806    -120.155      18.420       0.043    -112.460       0.033
Gaia DR3 2002189577313018624 339.4203739  52.8032096 14.662  3.168       2.107  28.7595  14.7283   -28.53      nan      nan   39.202  nan      nan    nan   1.105     nan                                None       5.132    -188.986      20.574       0.021    -197.028       0.021
 Gaia DR3 565989347158652288  24.7875096  81.1665821 18.372  4.248       1.726  19.5467  16.0370   -35.94      nan      nan   24.321  nan      nan    nan   0.961     nan                                None      -1.246     -34.429      -5.017       0.218     -26.425       0.182
 Gaia DR3 565983471644073472  24.7486262  81.1688554 20.192  2.983       1.546  19.5404  16.8646   -35.94      nan      nan   23.710  nan      nan    nan   1.114     nan                                None      -1.211     -33.558      -5.616       0.561     -27.211       0.553
Gaia DR3 1965602679357877504 320.2558441  40.3440253  6.248  0.744       2.504  35.8646  17.9797   -23.13      nan      nan   37.468  nan      nan    nan   3.945     nan                                None       7.109    -223.717      -9.822       0.062    -213.495       0.066
Gaia DR3 1961385914819977216 332.5910340  42.8480762 13.491  2.962       2.513  36.1476  18.1949   -24.21      nan      nan   45.595  nan      nan    nan   1.359     nan                                None       7.018    -263.416      -9.499       0.014    -281.036       0.015
 Gaia DR3 533259432921825024  19.7367880  70.3383304 14.698  2.970       1.458  25.5482  18.3595   -34.03      nan      nan   24.797  nan      nan    nan   1.048     nan                                None      -0.754     -69.880      -5.875       0.017     -64.233       0.022
 Gaia DR3 506105202278213248  28.6168208  57.6910332 11.470  2.687       2.384  38.1500  18.9195   -30.30      nan      nan   44.863  nan      nan    nan   1.541     nan                                None      -2.997    -193.597     -25.182       0.024    -197.604       0.028
Gaia DR3 1097875696209513984 118.9721986  68.9064928 13.056  2.844       0.369  37.7841  19.3701   -34.21      nan      nan   34.249  nan      nan    nan   1.309     nan                                None      -7.884     -92.842      -7.086       0.012     -90.297       0.015
Gaia DR3 1598901841948599552 228.3545952  52.3097549 11.949  2.270       1.673  32.7531  19.4138   -29.48      nan      nan   27.872  nan      nan    nan   1.220     nan                                None       3.923    -127.077       5.390       0.015    -136.798       0.017
Gaia DR3 1149727977380998784 109.9902070  84.0769020 10.886  2.387       1.647  22.7280  19.5828   -36.36      nan      nan   80.024  nan      nan    nan   1.118     nan                                None     -19.048     -61.158     -38.587       0.019     -80.916       0.019
Gaia DR3 1967683917419519360 324.4004054  43.2505568 12.893  2.587       1.372  33.8971  20.5597   -24.49      nan      nan   27.126  nan      nan    nan   2.235     nan                                None       4.845    -155.297       7.055       0.032    -147.766       0.033
Gaia DR3 2300460624917976576 332.2359167  84.2294032 11.008  1.810       1.613  13.0876  20.6547   -36.27      nan      nan   20.335  nan      nan    nan  17.938     nan                                None       3.153     -19.470      -2.404       0.311     -15.358       0.262
Gaia DR3 1490550537309239168 221.2760756  44.1598931 16.422  4.288       2.821  42.1333  20.8850   -26.17      nan      nan   37.322  nan      nan    nan   1.027     nan                                None       4.319    -200.940     -17.637       0.047    -204.196       0.063
Gaia DR3 2262123063936475904 288.7222954  69.4481004 17.139  3.833       2.420   3.7754  20.8861   -34.18      nan      nan   19.521  nan      nan    nan   0.963     nan                                None       4.659     -53.308       5.675       0.094     -43.401       0.077
Gaia DR3 1666363752260912640 215.6203869  60.9653443  7.284  0.733       2.510  29.0307  21.0509   -32.46      nan      nan   24.016  nan      nan    nan   0.997     nan                                None       2.268     -85.221      -9.833       0.025     -81.348       0.026
Gaia DR3 1560533078028257792 207.9609237  51.7141440 15.640  3.627       2.682  39.1334  21.0643   -29.36      nan      nan   31.047  nan      nan    nan   1.246     nan                                None       1.992    -142.655      -2.056       0.033    -159.733       0.038
Gaia DR3 4604269606340411136 268.9606357  33.4219562 12.343  2.378       1.975  41.2159  21.2055   -20.35      nan      nan   33.663  nan      nan    nan   1.228     nan                                None       7.859    -215.557      14.798       0.014    -227.732       0.014
Gaia DR3 4604269610637580928 268.9585314  33.4195906  9.714  1.531       2.817  41.2185  21.2109   -20.35      nan      nan   33.648  nan      nan    nan   0.984     nan                                None       7.855    -215.469       9.747       0.011    -235.365       0.010
 Gaia DR3 544494070931364096  53.5514108  73.5749992  9.867  1.349       2.800  29.1611  21.2663   -34.81      nan      nan   23.896  nan      nan    nan   0.968     nan                                None      -3.771     -56.237      -1.474       0.010     -70.154       0.013
 Gaia DR3 544494070931363456  53.5636326  73.5743859 12.923  2.531       2.145  29.1633  21.3290   -34.81      nan      nan   23.847  nan      nan    nan   1.211     nan                                None      -3.764     -56.123      -3.934       0.015     -66.906       0.021
 Gaia DR3 402895974206479744  13.4754074  50.0297081 18.044  4.627       0.548  40.9473  22.3559   -27.28      nan      nan   30.260  nan      nan    nan   0.962     nan                                None      -0.128    -155.422      -1.817       0.147    -158.485       0.153
Gaia DR3 1349047857580994560 265.9832423  43.3759302  9.450  2.398       1.107  31.8812  22.9690   -25.33      nan      nan  104.915  nan      nan    nan   1.089     nan                                None      24.154    -582.975      10.337       0.021    -603.198       0.023
Gaia DR3 1067075832894179840 151.2375433  67.4223798  8.488  1.018       2.134  36.8474  23.0491   -34.07      nan      nan   26.019  nan      nan    nan   0.984     nan                                None      -4.117     -72.673     -14.001       0.013     -78.944       0.015
Gaia DR3 2270727876296191488 317.5584138  69.7413917 13.224  2.437       0.932   9.2609  23.4696   -34.06      nan      nan   18.848  nan      nan    nan   1.084     nan                                None       3.702     -52.751       4.238       0.014     -56.416       0.012
 Gaia DR3 265201384281320448  87.8544144  55.1881179 15.599  4.190       1.131  50.7072  23.6117   -29.84      nan      nan   50.650  nan      nan    nan   0.938     nan                                None     -11.767    -225.427     -23.833       0.051    -225.936       0.048
Gaia DR3 2291232767423288192 299.5161183  77.2056498 12.314  2.060       2.976   4.6546  24.0820   -35.56      nan      nan   18.397  nan      nan    nan   1.173     nan                                None       4.223     -32.669      -2.551       0.014     -42.014       0.013
Gaia DR3 1103299758870807936 104.0401251  68.6836258 17.537  4.050       1.429  38.0654  24.4777   -34.06      nan      nan   25.200  nan      nan    nan   0.979     nan                                None      -6.048     -70.465       0.597       0.077     -66.795       0.111
 Gaia DR3 270387437037301248  65.8618409  49.5709992 10.856  2.295       2.814  53.5199  24.7567   -27.38      nan      nan   46.516  nan      nan    nan   1.194     nan                                None      -8.966    -237.619     -21.963       0.022    -213.275       0.017
 Gaia DR3 422955911028411776   3.9723541  58.6831148 14.791  2.903       2.773  30.7113  25.0452   -30.64      nan      nan   21.817  nan      nan    nan   1.133     nan                                None       0.773     -91.844     -11.721       0.020     -89.288       0.024
 Gaia DR3 265722999474087424  76.6690899  51.5969583  4.899  0.494       2.854  53.0985  25.8885   -28.33      nan      nan   37.055  nan      nan    nan   1.561     nan                                None      -8.010    -180.483     -28.557       0.183    -171.822       0.127
Gaia DR3 2303283449223469952 293.3229753  85.8346747 12.680  2.326       2.493  12.6479  25.9729   -36.43      nan      nan   18.227  nan      nan    nan   1.318     nan                                None       4.298     -11.028       7.392       0.016      -1.964       0.019
 Gaia DR3 263696736978069120  84.9562964  52.8992710 19.605  3.530       2.497  52.7180  26.0045   -28.94      nan      nan   35.955  nan      nan    nan   1.065     nan                                None      -8.233    -169.270     -13.403       0.428    -151.063       0.348
Gaia DR3 2257953784563412096 270.1807445  67.3397592 11.459  1.762       1.028   8.8592  26.1379   -33.82      nan      nan   17.904  nan      nan    nan   1.884     nan                                None       4.200     -52.332       1.565       0.032     -49.487       0.032
 Gaia DR3 968319107238317696  95.9633385  45.6666634 14.050  3.370       2.404  60.7330  27.1762   -26.05      nan      nan   48.949  nan      nan    nan   2.151     nan                                None     -11.677    -264.654     -30.044       0.250    -281.334       0.240
 Gaia DR3 240513706107195904  47.8770435  43.1897720 13.582  2.984       2.798  56.1380  27.2427   -24.34      nan      nan   37.004  nan      nan    nan   1.193     nan                                None      -5.148    -212.939       9.399       0.021    -229.207       0.021
Gaia DR3 4598074446730736000 267.4218163  31.8843281 12.388  2.254       1.675  42.9425  27.3070   -19.55      nan      nan   24.972  nan      nan    nan   1.329     nan                                None       5.790    -162.643      11.703       0.014    -169.181       0.015
Gaia DR3 1283453536492339328 222.5464304  32.3038340 11.883  2.540       2.129  52.8000  27.5541   -20.36      nan      nan   31.809  nan      nan    nan   1.777     nan                                None       3.828    -203.735      13.162       0.015    -192.937       0.024
Gaia DR3 2273857807942019712 321.7365821  73.3458241 17.668  3.731       1.620   8.9814  28.4163   -34.81      nan      nan   17.198  nan      nan    nan   1.003     nan                                None       3.197     -40.502       5.380       0.169     -45.956       0.127
Gaia DR3 1611444452123347200 213.9996117  56.6887090  6.533  0.744       2.024  33.0754  28.6658   -31.12      nan      nan   20.451  nan      nan    nan   5.806     nan                                None       1.802     -82.767      -1.189       0.098     -90.965       0.104
Gaia DR3 1660475833133674240 212.9137683  60.4128228 17.105  3.812       2.652  30.2372  28.7241   -32.31      nan      nan   19.753  nan      nan    nan   1.056     nan                                None       1.657     -71.322      12.179       0.070     -74.680       0.073
 Gaia DR3 403999093610145152  18.0348848  51.2336403 15.875  3.401       0.678  41.1347  28.7407   -27.78      nan      nan   22.962  nan      nan    nan   1.078     nan                                None      -0.535    -115.115      -3.746       0.038    -115.799       0.035
 Gaia DR3 795434510226597760 148.9314499  35.3602129 11.615  2.574       2.642  68.2759  29.4176   -21.82      nan      nan   52.116  nan      nan    nan   1.260     nan                                None      -8.618    -322.401     -35.975       0.033    -312.704       0.028
Gaia DR3 1135534927237104128 123.2435969  74.7424163 17.396  0.457       1.323  31.8491  29.4451   -35.36      nan      nan   19.776  nan      nan    nan   0.979     nan                                None      -4.439     -38.494      -0.099       0.060     -35.092       0.085
Gaia DR3 4483986573318668928 276.6024356  11.3480394 11.728  2.583       2.640  62.3602  29.9162    -7.30      nan      nan   37.056  nan      nan    nan   1.143     nan                                None       8.850    -279.905     -11.364       0.023    -275.832       0.024
