GaiaDR3                               RA         DEC   Gmag  Bp-Rp  Voff(km/s) Sep(deg)   3D(pc) Vr(pred)  Vr(obs)    Vrerr Plx(mas)  SpT    FnuvJ  W1-W3    RUWE  XCrate                               RVsrc    PMRApred   PMDecpred        PMRA     PMRAerr       PMDec    PMDecerr
Gaia DR3 1674293361400214272 209.2171444  68.6182169 10.809  1.064       0.000   0.0000   0.0000    -9.83    -9.83     0.28   10.560  nan      nan    nan   1.097     nan                            Gaia_DR3     -80.856      45.717     -80.856       0.015      45.717       0.014
Gaia DR3 1673429145260771328 211.8781968  68.0512474 16.108  2.743       2.593   1.1341   1.8828   -10.65      nan      nan   10.542  nan      nan    nan   1.074     nan                                None     -78.290      48.847     -76.043       0.039      43.540       0.037
Gaia DR3 1674182654322582272 214.6669395  70.2952076 10.502  0.986       2.840   2.5419   5.8875   -10.35   -13.06     0.34   10.129  nan      nan    nan   2.107     nan                            Gaia_DR3     -72.598      51.173     -66.866       0.033      49.193       0.030
Gaia DR3 1685720070351584000 197.4073418  69.5544298 15.904  2.201       2.478   4.3110   7.2643    -6.73      nan      nan   10.755  nan      nan    nan   1.101     nan                                None     -91.143      30.106     -85.550       0.039      30.638       0.036
Gaia DR3 1664874699983021568 208.0691612  63.4564602 17.729  3.460       1.719   5.1825   8.8691   -11.31      nan      nan   10.346  nan      nan    nan   1.041     nan                                None     -80.196      41.252     -77.492       0.126      38.655       0.103
Gaia DR3 1667612694390042496 214.1595054  63.0925006 15.636  2.621       2.252   5.8795  10.7623   -13.13   -53.79    12.01   10.115  nan      nan    nan   1.003     nan                            Gaia_DR3     -72.991      47.359     -68.498       0.029      49.055       0.029
Gaia DR3 1664443798799459072 204.7517706  61.9410676 14.178  2.172       1.437   6.9289  14.1605   -10.78    19.35     2.22    9.768  nan      nan    nan   1.123     nan                            Gaia_DR3     -78.207      34.384     -79.636       0.016      36.976       0.015
Gaia DR3 1644793838088690176 232.2739091  67.0039813 16.152  3.085       1.940   8.8011  14.5107   -15.25      nan      nan   10.596  nan      nan    nan   1.035     nan                                None     -54.785      70.755     -50.537       0.048      69.899       0.049
Gaia DR3 1644793838090290688 232.2596470  66.9980212 15.474  2.577       1.508   8.7980  14.5631   -15.25   -11.23     8.36   10.515  nan      nan    nan   1.063     nan                            Gaia_DR3     -54.388      70.201     -51.048       0.036      70.067       0.040
Gaia DR3 1618336156646136448 216.8923707  60.9511055  9.692  0.838       2.151   8.3205  14.5702   -14.73    -6.49     0.19   10.137  nan      nan    nan   0.902     nan                            Gaia_DR3     -70.440      49.371     -67.654       0.013      45.715       0.016
Gaia DR3 1644793842384119680 232.2560445  66.9979493 11.166  1.161       1.341   8.7967  14.5840   -15.25    -6.61     0.41   10.493  nan      nan    nan   0.797     nan                            Gaia_DR3     -54.274      70.045     -51.365       0.015      70.624       0.015
Gaia DR3 1680999656479824256 184.2903925  65.4619085 12.011  1.575       1.759  10.1405  16.7034    -3.71    21.15     1.39   10.846  nan      nan    nan   1.576     nan                            Gaia_DR3     -97.190       9.407     -96.667       0.018      13.394       0.018
Gaia DR3 1690012048350157056 186.8454005  71.3282343 15.332  2.859       0.250   8.0703  17.8559    -3.87     6.59     4.49   12.219  nan      nan    nan   1.115     nan                            Gaia_DR3    -108.781      16.131    -109.127       0.033      15.587       0.033
Gaia DR3 1619373545866994048 224.8977961  61.9891767 16.857  3.133       1.419   9.2693  18.0393   -16.34      nan      nan   11.929  nan      nan    nan   1.077     nan                                None     -72.505      68.362     -71.900       0.064      71.879       0.065
Gaia DR3 1658392185584567552 210.2790987  58.1815332 20.477  2.733       1.922  10.4471  18.2900   -13.73      nan      nan   10.058  nan      nan    nan   1.141     nan                                None     -76.104      40.251     -79.205       0.716      42.897       0.757
Gaia DR3 1668057790440859008 215.4632630  63.9795566 14.746  2.411       2.089   5.2686  18.4256   -13.13   -10.11     5.79    9.046  nan      nan    nan   1.188     nan                            Gaia_DR3     -64.144      44.060     -61.234       0.022      41.339       0.021
Gaia DR3 1703616408799481728 237.6752232  75.0109126 18.458  3.168       2.809  10.7691  19.0191   -11.24      nan      nan   10.000  nan      nan    nan   1.036     nan                                None     -44.504      74.985     -42.321       0.136      69.481       0.138
Gaia DR3 1611406106654871808 214.9985258  57.5900159 16.161  3.355       1.888  11.3220  19.1073   -15.47      nan      nan   11.307  nan      nan    nan   1.541     nan                                None     -80.682      50.693     -76.240       0.056      49.971       0.061
Gaia DR3 1615886582178361088 228.0657408  60.2980030 13.515  2.220       1.284  11.5393  19.4907   -17.90   -52.73     1.23   11.339  nan      nan    nan   1.082     nan                            Gaia_DR3     -64.626      67.004     -67.069       0.013      65.147       0.013
Gaia DR3 1615886474803816448 228.0803418  60.2923490 19.812  1.135       1.020  11.5481  19.6694   -17.91      nan      nan   11.424  nan      nan    nan   1.074     nan                                None     -65.093      67.519     -66.633       0.301      65.604       0.353
Gaia DR3 1701752839669585024 218.3629374  76.1679009 17.129    nan       2.773   8.0184  20.2410    -8.35      nan      nan    9.165  nan      nan    nan   1.269     nan                                None     -62.311      52.120     -65.653       0.111      47.932       0.144
Gaia DR3 1704384348952640512 243.1581734  76.6978629 14.557  2.714       1.797  12.6357  20.9507   -10.62   -27.89     3.33   10.467  nan      nan    nan   1.692     nan                            Gaia_DR3     -38.513      83.152     -40.976       0.032      86.260       0.032
Gaia DR3 1704384344656933632 243.1719181  76.6946247 15.269  2.701       1.933  12.6374  20.9809   -10.62      nan      nan   10.448  nan      nan    nan   1.065     nan                                None     -38.421      83.006     -40.595       0.027      86.666       0.028
Gaia DR3 1646580991159966720 236.1898887  68.6803095  7.215  0.218       1.084   9.7416  21.3197   -14.89    -8.29     0.28    9.311  nan      nan    nan   1.060     nan                            Gaia_DR3     -43.323      65.940     -41.768       0.023      67.393       0.026
Gaia DR3 1715325138188870912 213.9543462  78.7254799 19.949  3.110       1.769  10.1865  21.6792    -6.64      nan      nan    9.348  nan      nan    nan   1.281     nan                                None     -67.638      48.891     -70.788       0.640      50.386       0.433
Gaia DR3 1610970528251812992 217.0835785  57.2999020 13.415  2.105       0.835  11.8472  21.7043   -16.23   -18.63     1.87   12.044  nan      nan    nan   1.055     nan                            Gaia_DR3     -83.459      56.391     -85.549       0.012      56.028       0.013
Gaia DR3 1565709235173302656 203.7613296  56.7638370 16.140  2.697       1.662  12.1043  22.2121   -11.88      nan      nan    9.752  nan      nan    nan   1.078     nan                                None     -78.768      31.050     -75.696       0.041      29.552       0.045
Gaia DR3 1607738921843325440 220.2585235  56.6567511 18.389  0.485       2.525  12.9470  22.6618   -17.46      nan      nan   11.859  nan      nan    nan   1.030     nan                                None     -78.247      58.780     -80.877       0.108      64.519       0.127
Gaia DR3 1691856857063163264 197.3010394  75.4500494 16.203  2.961       2.843   7.7245  22.7952    -5.31      nan      nan   13.347  nan      nan    nan   0.995     nan                                None    -113.180      38.904    -112.187       0.043      30.966       0.042
Gaia DR3 1709417054191395456 245.7132926  79.3297602 16.057  3.071       2.875  14.2252  23.3506    -9.01      nan      nan   10.669  nan      nan    nan   1.065     nan                                None     -35.294      87.396     -35.638       0.052      80.940       0.043
Gaia DR3 1719835231806217472 192.1273750  81.5624360  9.725  0.781       2.508  13.5351  23.4309    -3.27   -33.37     0.28   10.033  nan      nan    nan   0.925     nan                            Gaia_DR3     -87.543      22.561     -82.741       0.013      20.307       0.013
Gaia DR3 1719835407900844544 192.0546452  81.5835186  9.787  0.779       2.508  13.5588  23.4426    -3.26   -33.18     0.23   10.042  nan      nan    nan   0.893     nan                            Gaia_DR3     -87.647      22.473     -83.136       0.012      19.673       0.013
Gaia DR3 1060520132252437760 166.8784011  68.8001487 14.095  2.128       2.700  15.0702  24.6371     1.22   -20.73     1.86   11.043  nan      nan    nan   1.124     nan                            Gaia_DR3     -98.102     -18.068    -104.269       0.014     -19.278       0.016
Gaia DR3 1676690296748814336 193.2961253  63.4741213 17.081    nan       2.209   8.2199  25.1708    -6.79      nan      nan   13.792  nan      nan    nan   0.939     nan                                None    -119.665      28.721    -113.835       0.111      31.419       0.246
Gaia DR3 1705751041906319872 251.7853090  77.2130645 16.528 -0.046       2.797  14.6462  25.2210   -10.76      nan      nan   10.046  nan      nan    nan   1.050     nan                                None     -24.118      84.499     -22.306       0.048      78.859       0.046
 Gaia DR3 864492018067010560 175.9999493  64.9642024  8.069  0.770       2.192  13.4047  25.2638    -1.13   -10.47     0.13   12.561  nan      nan    nan   1.062     nan                            Gaia_DR3    -113.398      -4.029    -116.178       0.018       1.067       0.021
Gaia DR3 1621238141494190848 224.8268218  65.7002426 19.661  2.873       2.631   6.7003  25.4019   -14.53      nan      nan    8.553  nan      nan    nan   1.068     nan                                None     -52.054      50.760     -48.139       0.439      48.082       0.373
Gaia DR3 1677513006324150272 192.7581897  65.7913273 17.892  3.192       2.036   6.9477  25.4572    -6.23      nan      nan    8.566  nan      nan    nan   1.021     nan                                None     -74.521      17.683     -71.020       0.110      16.559       0.097
Gaia DR3 1565173876090551040 202.3994358  55.7011654 14.768  2.712       2.289  13.2843  25.4785   -11.65   -22.88     2.20    9.486  nan      nan    nan   1.270     nan                            Gaia_DR3     -77.510      28.245     -72.948       0.021      27.861       0.023
Gaia DR3 1676690296748060544 193.2964934  63.4741030 16.866  3.404       2.376   8.2198  25.9464    -6.79      nan      nan   13.969  nan      nan    nan   2.913     nan                                None    -121.193      29.089    -114.200       0.218      28.857       0.320
Gaia DR3 1699244853647224704 215.9322531  72.8049895 17.197  3.204       2.771   4.7316  26.8557    -9.51      nan      nan    8.329  nan      nan    nan   1.039     nan                                None     -58.671      44.083     -60.849       0.082      39.732       0.081
Gaia DR3 1643392136857899392 243.9009377  67.2559887 12.004  1.359       1.457  12.9232  26.9852   -16.74    -8.19     0.47    9.173  nan      nan    nan   1.208     nan                            Gaia_DR3     -32.766      68.908     -29.956       0.014      69.109       0.014
Gaia DR3 1607944466093723136 215.0429246  52.3662027 16.802  3.048       1.479  16.4858  27.0190   -17.35      nan      nan   11.364  nan      nan    nan   1.037     nan                                None     -81.043      47.413     -83.881       0.048      45.288       0.056
 Gaia DR3 859607231502609664 174.3160814  61.4455648 15.756  2.844       2.753  16.0893  27.2298    -0.43      nan      nan   11.944  nan      nan    nan   1.065     nan                                None    -107.716      -6.781    -100.901       0.037      -8.045       0.046
Gaia DR3 1655032799604461184 250.2119103  74.8149049 17.523  3.565       2.833  13.8948  27.3688   -12.33      nan      nan    9.332  nan      nan    nan   1.136     nan                                None     -24.627      76.918     -21.999       0.126      81.833       0.119
Gaia DR3 1647819114268466560 239.5575799  70.3364048 14.520  2.235       1.780  10.6582  27.6395   -14.33    -6.47     2.82    8.738  nan      nan    nan   1.019     nan                            Gaia_DR3     -36.612      64.784     -35.466       0.022      61.711       0.022
Gaia DR3 1580961900992333184 187.6533765  58.9007179 15.000  2.572       1.485  13.4750  28.1537    -5.44     9.05     7.58    9.126  nan      nan    nan   3.466     nan                            Gaia_DR3     -81.043      11.140     -81.245       0.138      13.991       0.117
Gaia DR3 1646313573611373184 238.4881947  68.0647111 18.946  4.097       1.927  10.7151  28.2174   -15.57      nan      nan   14.086  nan      nan    nan   1.042     nan                                None     -61.112     101.624     -58.054       0.288      96.788       0.227
Gaia DR3 1635753520342407552 253.8738493  66.6335620 14.025  2.276       1.235  16.7324  28.6202   -18.05   -11.24     1.90   10.061  nan      nan    nan   1.169     nan                            Gaia_DR3     -20.946      79.748     -18.786       0.017      78.268       0.017
Gaia DR3 1557017698835656960 199.1206119  51.8423843 12.875  2.079       2.658  17.4550  28.6889   -11.18    -6.24     4.12   11.587  nan      nan    nan   1.477     nan                            Gaia_DR3     -97.064      28.190     -95.239       0.017      21.958       0.020
Gaia DR3 1652126103176931840 259.3758719  72.7358863 18.555  3.835       2.325  16.5566  28.8151   -14.18      nan      nan   12.397  nan      nan    nan   1.010     nan                                None     -15.247     104.612      -9.691       0.173     102.151       0.191
Gaia DR3 1725851759433319168 204.5205441  84.4900598  9.965  0.987       2.879  15.8964  29.0080    -3.55    13.09     0.84   12.807  nan      nan    nan   2.038     nan                            Gaia_DR3    -102.747      52.391    -105.469       0.025      45.112       0.025
Gaia DR3 1561040468284404352 206.6829610  53.9796770 12.189  1.436       1.277  14.6860  29.3458   -13.74    -4.14     1.06    9.218  nan      nan    nan   1.044     nan                            Gaia_DR3     -72.465      31.225     -70.074       0.011      31.891       0.011
Gaia DR3 1129421161550146816 164.9661679  77.7157973 10.090  1.071       1.314  15.1130  29.3702     0.30    -5.37     0.26   13.243  nan      nan    nan   1.487     nan                            Gaia_DR3    -116.863     -25.758    -114.508       0.021     -22.945       0.023
Gaia DR3 1704653316985517568 253.9094520  75.8935904 16.467  3.180       1.351  14.9259  29.9343   -11.77      nan      nan   13.487  nan      nan    nan   1.064     nan                                None     -28.005     113.790     -31.185       0.057     115.946       0.056
