GaiaDR3                               RA         DEC   Gmag  Bp-Rp  Voff(km/s) Sep(deg)   3D(pc) Vr(pred)  Vr(obs)    Vrerr Plx(mas)  SpT    FnuvJ  W1-W3    RUWE  XCrate                               RVsrc    PMRApred   PMDecpred        PMRA     PMRAerr       PMDec    PMDecerr
Gaia DR3 2424406513428936832   3.9032755 -11.9382687 12.884  0.937       0.000   0.0000   0.0000    -3.10    -3.10     1.32    2.764  nan      nan    nan   0.956     nan                            Gaia_DR3      15.272     -30.159      15.272       0.022     -30.159       0.014
Gaia DR3 2424743238864381056   5.8645645 -11.1221866 14.425  1.407       4.305   2.0878  15.5642    -2.94    12.32     4.84    2.831  nan      nan    nan   0.917     nan                            Gaia_DR3      15.912     -30.753      13.954       0.025     -32.417       0.020
Gaia DR3 2428502430464880384   3.8602910  -9.1104500 19.809  2.626       1.892   2.8281  17.8603    -5.66      nan      nan    2.773  nan      nan    nan   1.045     nan                                None      15.312     -30.126      14.584       0.461     -30.959       0.313
Gaia DR3 2421265238772678528   1.5878377 -12.8064731 17.409  2.433       2.603   2.4226  18.7319    -3.33      nan      nan    2.852  nan      nan    nan   1.059     nan                                None      15.411     -31.282      16.619       0.092     -30.287       0.077
Gaia DR3 2428203470676547840   5.1125218  -9.5591452 17.327  2.547       1.638   2.6592  19.3395    -4.69      nan      nan    2.843  nan      nan    nan   1.018     nan                                None      15.876     -30.857      15.426       0.113     -29.985       0.093
Gaia DR3 2429149944030206336   2.6851463  -9.3223357 18.943  2.901       2.796   2.8768  22.0840    -6.00      nan      nan    2.868  nan      nan    nan   0.985     nan                                None      15.663     -31.222      16.781       0.365     -32.490       0.178
Gaia DR3 2421641344764315008   0.6130411 -11.8100125 12.546  0.818       3.794   3.2224  22.3479    -4.66    32.96     1.52    2.842  nan      nan    nan   0.995     nan                            Gaia_DR3      15.201     -31.180      15.012       0.017     -33.445       0.012
Gaia DR3 2429107883414402944   1.5214411  -8.6991115 19.161  2.331       4.813   3.9977  26.0726    -7.08      nan      nan    2.721  nan      nan    nan   1.012     nan                                None      14.693     -29.634      14.986       0.362     -26.889       0.254
Gaia DR3 2422601218414191872   0.5729204 -10.7079779 12.390    nan       4.565   3.4895  26.3305    -5.68    -9.34     2.09    2.663  nan      nan    nan   1.634     nan                            Gaia_DR3      14.239     -29.166      16.786       0.035     -28.879       0.020
Gaia DR3 2429600670781845504   3.2862295  -7.7646182 18.876  3.001       0.938   4.2177  27.0683    -7.13      nan      nan    2.734  nan      nan    nan   1.030     nan                                None      15.018     -29.641      14.527       0.269     -29.868       0.152
Gaia DR3 2426806468138366336   7.4055836  -8.7365817 18.286  2.543       0.877   4.7030  29.9312    -4.37      nan      nan    2.743  nan      nan    nan   1.067     nan                                None      15.611     -29.637      15.715       0.227     -30.134       0.142
Gaia DR3 2421634434160945280   0.3566584 -11.7571226 18.561  2.874       3.105   3.4758  30.1057    -4.82      nan      nan    2.620  nan      nan    nan   0.991     nan                                None      13.976     -28.756      12.263       0.246     -28.821       0.177
Gaia DR3 2427968136534664320   2.8446510 -10.1688647 19.219  2.936       4.926   2.0519  30.6299    -5.16      nan      nan    2.569  nan      nan    nan   0.940     nan                                None      14.052     -28.008      11.600       0.305     -29.058       0.210
Gaia DR3 2375508856224213376   8.5075639 -13.1634629 17.683  2.379       4.391   4.6581  30.7920     0.10      nan      nan    2.704  nan      nan    nan   0.929     nan                                None      15.521     -29.256      17.589       0.129     -30.666       0.127
Gaia DR3 2441174271910668800   0.5568355  -8.4097945 12.567  0.932       4.529   4.8265  33.5338    -7.76    -6.59     2.24    2.670  nan      nan    nan   1.989     nan                            Gaia_DR3      14.274     -29.091      11.842       0.038     -28.327       0.024
Gaia DR3 2441737771620369408   2.0118352  -7.1558888 11.171  1.199       4.243   5.1330  33.7041    -8.25    26.62     0.22    2.705  nan      nan    nan   3.575     nan                            Gaia_DR3      14.677     -29.321      12.353       0.080     -28.648       0.050
Gaia DR3 2416751193784631552   4.2390695 -15.4999641 18.897  2.791       0.761   3.5766  35.9561     0.27      nan      nan    3.003  nan      nan    nan   1.056     nan                                None      16.639     -32.790      16.649       0.257     -32.309       0.185
Gaia DR3 2435188526316615680 358.5358020  -9.3926962 19.240  2.714       3.625   5.8564  37.0689    -7.75      nan      nan    2.753  nan      nan    nan   1.411     nan                                None      14.395     -30.149      12.603       0.477     -29.047       0.452
Gaia DR3 2419510074616784256 358.1604377 -13.8320590 17.512  2.428       4.181   5.9095  37.5316    -3.86      nan      nan    2.744  nan      nan    nan   1.024     nan                                None      14.287     -30.330      12.801       0.109     -32.238       0.092
Gaia DR3 2367809289827862912   4.5751951 -17.7288995 19.452  2.627       1.708   5.8269  38.0532     2.43      nan      nan    2.704  nan      nan    nan   1.031     nan                                None      15.028     -29.473      14.156       0.380     -29.041       0.268
Gaia DR3 2420989643605424128 358.9699263 -13.5624765 11.217  0.771       2.496   5.0782  38.3142    -3.77    -3.35     0.64    2.947  nan      nan    nan   1.030     nan                            Gaia_DR3      15.489     -32.518      13.964       0.022     -32.805       0.017
Gaia DR3 2429803672411918336   5.5340498  -8.8215935 16.808  2.319       3.384   3.5051  38.6879    -5.16      nan      nan    3.037  nan      nan    nan   0.959     nan                                None      17.019     -32.898      15.770       0.072     -31.128       0.060
Gaia DR3 2428269888050782080   4.8776841  -9.3028487 13.016  0.968       3.623   2.8040  39.0892    -5.03   -38.27     1.99    2.524  nan      nan    nan   1.261     nan                            Gaia_DR3      14.067     -27.395      15.905       0.030     -26.812       0.019
Gaia DR3 2424144554783567744   4.2061746 -12.6465338 14.458  1.278       4.889   0.7676  39.2047    -2.32     0.59     2.81    2.496  nan      nan    nan   0.970     nan                            Gaia_DR3      13.828     -27.235      13.981       0.025     -24.667       0.016
Gaia DR3 2417775015204507008   1.9172609 -13.9204073 18.023  2.681       4.993   2.7704  39.2931    -2.18      nan      nan    2.522  nan      nan    nan   0.975     nan                                None      13.672     -27.670      14.986       0.141     -25.364       0.116
Gaia DR3 2420586737018690432 357.5478214 -12.7061352 19.113  2.747       4.906   6.2561  39.4479    -5.15      nan      nan    2.770  nan      nan    nan   1.015     nan                                None      14.319     -30.599      12.625       0.253     -28.289       0.235
