GaiaDR3                               RA         DEC   Gmag  Bp-Rp  Voff(km/s) Sep(deg)   3D(pc) Vr(pred)  Vr(obs)    Vrerr Plx(mas)  SpT    FnuvJ  W1-W3    RUWE  XCrate                               RVsrc    PMRApred   PMDecpred        PMRA     PMRAerr       PMDec    PMDecerr
 Gaia DR3 403141126645929728  19.1146671  49.2331175 11.563  1.926       0.000   0.0000   0.0000   -25.49      nan      nan   26.655  nan      nan    nan   1.467     nan                                None     108.377    -149.145     108.377       0.023    -149.145       0.014
 Gaia DR3 452845447433371008  41.5891841  52.7751574 14.371  2.859       2.965  14.5137  10.2213   -22.78      nan      nan   24.796  nan      nan    nan   1.228     nan                                None      86.272    -159.843      76.356       0.018    -147.930       0.026
 Gaia DR3 452845447433371264  41.5898919  52.7744060 14.392  2.880       0.857  14.5140  10.2215   -22.78      nan      nan   24.796  nan      nan    nan   1.138     nan                                None      86.271    -159.845      82.139       0.016    -158.118       0.023
 Gaia DR3 441892456194188032  52.2079194  50.8783283 14.060  2.759       1.617  21.1320  14.0075   -19.95      nan      nan   31.897  nan      nan    nan   1.249     nan                                None      95.992    -225.498     104.120       0.021    -232.723       0.023
 Gaia DR3 559586031956582912  24.5243201  74.2041759 11.753  2.281       1.894  25.0783  16.3104   -33.81      nan      nan   32.947  nan      nan    nan   1.043     nan                                None     131.105    -104.385     138.270       0.016     -93.350       0.018
 Gaia DR3 399402894487590144  24.4985819  48.6277142  3.210  1.435       2.818   3.5877  16.6346   -24.02      nan      nan   18.549  nan      nan    nan   3.113     nan                                None      73.821    -110.104      62.968       0.178    -111.999       0.126
 Gaia DR3 534797787124347776  24.9431268  73.7084889  9.361  1.529       1.963  24.6060  17.0790   -33.64      nan      nan   36.757  nan      nan    nan   8.970     nan                                None     145.967    -119.747     158.558       0.124    -111.217       0.146
Gaia DR3 1922307828459450496 355.5319497  42.1145092 15.704  3.093       2.048  17.8546  17.8904   -27.94      nan      nan   20.238  nan      nan    nan   1.085     nan                                None      81.300    -102.951      88.161       0.029     -97.538       0.025
 Gaia DR3 520105318182741120  26.0168004  68.5571534 13.009  2.430       2.710  19.6214  17.9206   -31.99      nan      nan   20.797  nan      nan    nan   1.650     nan                                None      82.131     -82.168      71.738       0.017     -76.414       0.020
 Gaia DR3 500419047820392960  65.8088695  71.7335692 13.818  2.884       2.230  30.7296  19.3684   -29.64      nan      nan   28.564  nan      nan    nan   1.262     nan                                None      64.548    -162.949      62.532       0.012    -149.674       0.014
Gaia DR3 2881427729924530048 359.3128640  38.8598963 16.566  3.552       1.048  17.5241  20.3682   -25.54      nan      nan   18.967  nan      nan    nan   1.092     nan                                None      77.229    -105.852      73.063       0.063    -105.419       0.053
 Gaia DR3 231029348869153664  58.0040142  41.7949412 18.434  4.404       2.718  27.9098  20.4093   -13.39      nan      nan   22.961  nan      nan    nan   4.483     nan                                None      62.186    -179.973      73.257       0.970    -172.866       0.700
Gaia DR3 2217606724349809792 326.4689010  64.4114801 15.070  3.468       2.471  31.3279  20.5249   -38.75      nan      nan   26.020  nan      nan    nan   1.283     nan                                None      79.226     -21.327      90.922       0.039     -14.481       0.035
 Gaia DR3 424633937569986560  11.5741382  57.1578105 14.755  2.833       2.849   9.1094  21.7658   -30.29      nan      nan   17.246  nan      nan    nan   1.139     nan                                None      71.162     -74.973      81.494       0.018     -75.688       0.022
 Gaia DR3 469804727098807808  57.8511424  57.0383094 14.940  2.929       2.989  24.1347  22.0151   -22.70      nan      nan   19.989  nan      nan    nan   1.033     nan                                None      54.303    -136.202      52.808       0.026    -123.697       0.025
Gaia DR3 1955780153565011840 330.0306123  37.9682365 12.982  2.689       2.876  36.5719  22.4562   -32.24      nan      nan   30.986  nan      nan    nan   1.403     nan                                None      99.537    -139.230     115.921       0.015    -148.419       0.017
 Gaia DR3 287767760932246144  85.8292891  64.3801832 19.044  4.129       2.269  37.3895  22.8200   -24.78      nan      nan   35.111  nan      nan    nan   3.567     nan                                None      32.990    -244.634      49.531       0.506    -241.725       0.567
 Gaia DR3 499535899464545408  87.9573039  73.8519205  9.065  1.260       0.764  37.5296  22.9339   -29.83      nan      nan   31.583  nan      nan    nan   0.990     nan                                None      24.937    -190.859      21.328       0.010    -187.271       0.012
 Gaia DR3 530004981581321856  10.1334195  69.8060160 14.428  2.605       2.830  21.0189  23.0562   -34.24      nan      nan   18.607  nan      nan    nan   1.080     nan                                None      76.840     -51.080      68.854       0.016     -58.789       0.018
 Gaia DR3 358269546017619840  31.7676750  49.6435041 11.076  2.542       2.197   8.2283  23.4341   -23.00      nan      nan   69.832  nan      nan    nan   1.447     nan                                None     265.920    -434.500     234.248       0.030    -427.951       0.039
 Gaia DR3 528165975363807104   3.7725541  66.0196102 12.405  1.897       1.649  18.5709  23.9564   -34.19      nan      nan   17.753  nan      nan    nan   0.971     nan                                None      73.027     -49.667      73.105       0.010     -43.495       0.012
 Gaia DR3 522449756156340224  17.2423622  61.0030441 10.914  1.598       2.967  11.8173  24.3712   -30.67      nan      nan   16.708  nan      nan    nan   1.724     nan                                None      68.296     -71.253      62.471       0.018     -62.578       0.021
 Gaia DR3 449739705038033280  51.1672401  58.2234823 17.102  3.906       2.828  20.7239  24.5861   -24.21      nan      nan   17.927  nan      nan    nan   1.089     nan                                None      54.862    -115.208      48.952       0.099    -106.306       0.099
 Gaia DR3 423840051515323904  12.8558966  56.4943868 12.151  2.024       2.348   8.1777  24.9947   -29.81      nan      nan   16.246  nan      nan    nan   1.119     nan                                None      66.949     -73.071      62.101       0.010     -79.487       0.013
 Gaia DR3 534310016279633664  26.4936167  71.3069541 16.792  3.790       0.902  22.3366  25.2267   -32.80      nan      nan   18.014  nan      nan    nan   1.055     nan                                None      70.955     -65.817      74.024       0.057     -67.336       0.069
 Gaia DR3 493003322928556544  49.6628679  68.6582153 14.552  2.720       0.793  24.4818  25.2651   -29.47      nan      nan   18.498  nan      nan    nan   1.124     nan                                None      57.939     -98.405      55.407       0.014     -96.632       0.020
 Gaia DR3 423840154594538368  12.8719273  56.5014177  7.948  0.793       2.410   8.1794  25.2808   -29.81      nan      nan   16.169  nan      nan    nan   0.987     nan                                None      66.632     -72.728      61.831       0.014     -79.394       0.018
 Gaia DR3 480586263236265600  86.4454113  66.6391434 13.036  2.601       2.667  37.3373  25.7213   -26.04      nan      nan   23.911  nan      nan    nan   1.154     nan                                None      21.431    -161.757      23.928       0.010    -148.548       0.013
Gaia DR3 2579116591253816832  21.4036936   9.7551315 12.365  2.794       1.880  39.5242  26.1279    -2.05      nan      nan   54.564  nan      nan    nan  17.590     nan                                None     220.094    -423.677     209.126       0.787    -405.045       0.313
 Gaia DR3 523963955466101632  10.4104016  64.0860385 14.815  2.858       1.412  15.5706  26.1377   -32.73      nan      nan   16.595  nan      nan    nan   1.075     nan                                None      68.522     -57.572      71.366       0.020     -53.532       0.021
 Gaia DR3 512169764814021376  26.8782770  63.9618951 18.402  4.318       0.783  15.3097  26.1699   -30.27      nan      nan   16.554  nan      nan    nan   1.118     nan                                None      65.066     -75.025      64.868       0.162     -72.299       0.163
Gaia DR3 2276178670828990080 308.6739848  73.6595241 10.584  1.710       0.630  37.9746  26.2737   -39.93      nan      nan   23.741  nan      nan    nan  32.213     nan                                None      48.581      30.137      46.922       0.429      27.457       0.387
  Gaia DR3 31251045334952960  47.1849393  15.3339648  7.699  0.798       2.788  40.8920  27.0717     1.99      nan      nan   25.158  nan      nan    nan   0.789     nan                                None      81.653    -204.445      70.878       0.023    -194.320       0.019
Gaia DR3 2206130709173467776 332.1484234  63.8699395 10.964  1.552       2.748  28.8103  27.5610   -38.05      nan      nan   18.631  nan      nan    nan   0.953     nan                                None      61.595     -21.978      70.689       0.014     -27.791       0.012
Gaia DR3 2243479676058593152 307.3957792  62.9940485  4.165  0.284       2.753  39.8435  27.7077   -40.45      nan      nan   23.481  nan      nan    nan   6.241     nan                                None      46.156      -6.377      34.798       0.753     -13.904       0.755
Gaia DR3 2719475542667351552 341.6774397  12.1704700 10.749  2.259       2.127  48.2026  29.2712   -16.50      nan      nan   61.081  nan      nan    nan   1.143     nan                                None     224.188    -436.901     223.282       0.022    -464.274       0.019
Gaia DR3 2744730087807505280 356.7105423   6.1569291 14.743  3.037       2.815  47.0435  29.3102    -8.06      nan      nan   27.917  nan      nan    nan   1.218     nan                                None     112.675    -211.809     110.027       0.034    -195.457       0.022
Gaia DR3 1000166358456525568 102.4572104  55.8813562  9.879  1.529       1.404  47.9735  29.4792   -19.36      nan      nan   28.797  nan      nan    nan   1.022     nan                                None      -7.219    -223.078     -15.502       0.012    -221.080       0.010
Gaia DR3 1149208728718062720 127.3492758  84.2226087 15.592  3.467       1.324  42.8651  29.6442   -34.70      nan      nan   23.486  nan      nan    nan  10.575     nan                                None     -46.097    -103.187     -46.569       0.425    -109.728       0.505
 Gaia DR3 223643001552382976  58.6487952  38.2462551 11.925  2.017       1.542  30.1903  29.7401   -10.95      nan      nan   18.045  nan      nan    nan   1.106     nan                                None      48.236    -144.661      43.446       0.021    -141.276       0.015
 Gaia DR3 394045558447808256   0.5599177  50.9230994 15.505  2.831       1.588  11.9940  29.9660   -30.24      nan      nan   15.236  nan      nan    nan   1.027     nan                                None      62.255     -67.052      60.213       0.028     -62.378       0.027
