GaiaDR3                               RA         DEC   Gmag  Bp-Rp  Voff(km/s) Sep(deg)   3D(pc) Vr(pred)  Vr(obs)    Vrerr Plx(mas)  SpT    FnuvJ  W1-W3    RUWE  XCrate                               RVsrc    PMRApred   PMDecpred        PMRA     PMRAerr       PMDec    PMDecerr
Gaia DR3 6230733559097425152 225.0798527 -24.4542061  9.407  1.539       0.000   0.0000   0.0000   -26.56      nan      nan   36.353  nan      nan    nan   1.092     nan                                None    -199.483     -27.997    -199.483       0.018     -27.997       0.017
Gaia DR3 6251104829501200128 230.7765450 -23.7980524 18.827  3.965       2.653   5.2399   6.7781   -28.85      nan      nan   29.683  nan      nan    nan   1.229     nan                                None    -146.113     -27.158    -161.361       0.344     -20.587       0.286
Gaia DR3 6326945362011635584 220.2903167  -8.9888326 12.173  2.649       1.904  16.1262   7.9546   -24.34      nan      nan   41.300  nan      nan    nan   1.550     nan                                None    -244.530      34.135    -257.719       0.033      44.175       0.030
Gaia DR3 6097716154197261952 212.6052411 -43.1362767 12.870  2.537       1.958  21.3099  10.0103   -19.45      nan      nan   38.246  nan      nan    nan   1.728     nan                                None    -249.695     -62.210    -233.974       0.036     -60.733       0.038
Gaia DR3 6262693269745253120 239.2124916 -15.3584974 15.868  3.664       2.654  16.0837  10.2826   -32.18      nan      nan   29.999  nan      nan    nan   1.145     nan                                None    -119.936      -5.581    -105.488       0.068     -14.127       0.054
Gaia DR3 6228588858586890112 222.1320940 -26.4741603 16.835    nan       2.067   3.3409  11.0743   -25.19      nan      nan   26.029  nan      nan    nan   0.868     nan                                None    -149.896     -21.817    -138.647       0.127     -20.354       0.112
Gaia DR3 6228588854291735552 222.1324574 -26.4737216 12.709  2.518       2.505   3.3404  11.3405   -25.19      nan      nan   25.848  nan      nan    nan   1.259     nan                                None    -148.853     -21.665    -135.580       0.026     -24.852       0.023
Gaia DR3 6048759505620173056 244.8434600 -25.7608895  7.985  0.892       1.285  17.9271  13.0697   -33.03      nan      nan   27.679  nan      nan    nan   0.884     nan                                None     -92.214     -43.329     -89.593       0.028     -36.305       0.022
Gaia DR3 6163541785049288960 204.3919303 -37.1834607 13.653  2.893       0.128  21.7734  13.2943   -16.46      nan      nan   29.353  nan      nan    nan   3.725     nan                                None    -206.891     -17.704    -206.524       0.053     -17.004       0.050
Gaia DR3 5895473600324039680 214.6038702 -55.4775089 11.595  2.415       1.767  31.9664  14.7048   -17.96      nan      nan   46.940  nan      nan    nan   1.229     nan                                None    -299.542    -124.463    -291.137       0.016    -109.128       0.020
Gaia DR3 5994771148252505216 239.4182138 -42.6250824  7.658  1.366       2.408  21.6792  14.8457   -28.25      nan      nan   67.843  nan      nan    nan   0.922     nan                                None    -269.631    -222.879    -257.098       0.026    -190.798       0.022
Gaia DR3 6162963270134151168 202.1361075 -36.9065410 12.631  2.650       0.960  23.2355  15.0723   -15.42      nan      nan   27.982  nan      nan    nan   1.438     nan                                None    -200.525     -11.704    -206.183       0.034     -11.452       0.023
Gaia DR3 6181665894202396288 199.8581569 -30.8107634 15.276  3.376       2.661  23.1734  15.2125   -14.37      nan      nan   27.795  nan      nan    nan   1.235     nan                                None    -202.177       2.127    -215.900       0.049      -5.280       0.035
Gaia DR3 4341235849106718208 252.9924825  -6.0140539 15.912  3.778       2.006  32.5059  16.1358   -35.49      nan      nan   33.707  nan      nan    nan   1.068     nan                                None     -77.929      28.274     -79.480       0.061      42.443       0.045
Gaia DR3 6282579101463565184 216.6658414 -21.4040651 15.660  3.316       2.116   8.3256  16.2894   -22.92      nan      nan   23.249  nan      nan    nan   1.107     nan                                None    -144.639      -3.640    -134.296       0.058      -2.868       0.049
Gaia DR3 5827483512137991040 233.1806016 -61.8424507 11.665  2.382       0.807  37.7908  16.8567   -20.50      nan      nan   45.883  nan      nan    nan   1.007     nan                                None    -214.225    -213.289    -209.037       0.023    -207.455       0.024
Gaia DR3 5934097210481810432 248.3305163 -52.1338517 11.116  2.650       0.939  32.8408  17.7517   -26.85      nan      nan   74.127  nan      nan    nan   0.986     nan                                None    -215.141    -344.519    -201.849       0.032    -350.741       0.026
Gaia DR3 4348655456647025920 241.8380398  -8.1696391  8.973  1.104       0.715  22.8369  17.7650   -32.87      nan      nan   25.284  nan      nan    nan   1.053     nan                                None     -93.340      16.179     -95.022       0.021      12.757       0.012
Gaia DR3 5951669983223769216 263.0707173 -47.0147333 14.184  2.783       2.560  37.6305  18.1341   -30.34      nan      nan   34.937  nan      nan    nan   1.042     nan                                None     -34.541    -156.933     -46.563       0.027    -171.460       0.018
Gaia DR3 4161731367480687872 263.5638601 -13.0223441 20.542  1.245       2.738  38.0462  18.4457   -37.09      nan      nan   34.564  nan      nan    nan   1.323     nan                                None     -31.895      -5.130     -13.241       2.311       1.952       1.792
Gaia DR3 4367725901718292352 256.2832597  -2.4434045 15.792  3.795       0.752  37.2933  18.6224   -35.75      nan      nan   33.123  nan      nan    nan   1.029     nan                                None     -62.461      43.004     -67.540       0.061      41.664       0.047
Gaia DR3 4148502009245099776 268.4624821 -14.8669409 19.940    nan       2.492  41.7849  18.6817   -37.29      nan      nan   41.458  nan      nan    nan   1.217     nan                                None     -11.009     -17.133     -14.074       1.207       4.430       1.066
Gaia DR3 4124461698569170432 262.4197850 -17.4066413 12.116  2.381       1.780  35.4695  18.7812   -36.84      nan      nan   30.960  nan      nan    nan   0.965     nan                                None     -33.297     -22.917     -26.658       0.020     -32.452       0.014
Gaia DR3 4409169415547341952 239.7012821  -1.6689635 10.847  1.829       1.140  26.8115  18.9420   -31.64      nan      nan   25.731  nan      nan    nan   1.222     nan                                None    -101.422      36.663    -104.772       0.020      31.464       0.013
Gaia DR3 4161431922366236928 264.3658146 -13.8208934 19.669  1.547       1.554  38.4589  19.0249   -37.14      nan      nan   33.488  nan      nan    nan   2.545     nan                                None     -27.310      -8.719     -19.986       1.202      -0.549       0.966
Gaia DR3 4147849930097073792 267.1982347 -16.3910089 20.326  1.787       2.285  40.1291  19.0651   -37.19      nan      nan   35.660  nan      nan    nan   1.740     nan                                None     -15.531     -22.114      -5.757       1.930      -7.988       1.218
Gaia DR3 5985501887276236160 235.4398926 -49.8639142 18.154  4.730       2.508  26.6585  19.1143   -25.17      nan      nan   25.524  nan      nan    nan   1.119     nan                                None    -112.899     -96.658    -126.384       0.200     -96.180       0.173
Gaia DR3 4145205501565331712 271.1374820 -15.5771754 18.851  4.452       2.742  43.9747  19.1155   -37.28      nan      nan   48.638  nan      nan    nan   1.187     nan                                None       4.596     -24.893     -23.513       0.305     -25.556       0.235
Gaia DR3 4115583283923457280 256.5203412 -21.5383811 14.742  3.332       2.599  29.0271  19.3194   -35.83      nan      nan   26.302  nan      nan    nan   1.674     nan                                None     -48.784     -32.688     -61.480       0.060     -39.501       0.043
Gaia DR3 4151690214983114368 268.1410501 -11.6159300 20.590  1.719       1.058  42.7086  19.4148   -37.33      nan      nan   39.091  nan      nan    nan   1.309     nan                                None     -12.070       1.320     -14.492       2.149       9.697       1.421
Gaia DR3 5961921451702684800 263.6646074 -37.9308547 16.474  4.272       1.421  35.3417  19.7508   -33.35      nan      nan   29.292  nan      nan    nan   2.040     nan                                None     -26.636    -100.509     -33.433       0.201    -106.055       0.158
Gaia DR3 4344744287631877632 246.4579913  -9.1662725 13.541  2.788       1.895  25.4741  19.7969   -34.20      nan      nan   24.566  nan      nan    nan   1.354     nan                                None     -76.997      11.678     -84.407       0.025       5.240       0.019
Gaia DR3 5977270148650362112 257.3606713 -35.3917316 10.157  1.601       2.155  29.8721  19.9297   -33.48      nan      nan   26.091  nan      nan    nan   0.807     nan                                None     -45.524     -79.098     -46.711       0.023     -90.894       0.014
Gaia DR3 4350787615854308608 246.8700946  -8.5719554  8.569  0.970       1.992  26.1671  20.1402   -34.28      nan      nan   24.530  nan      nan    nan   1.021     nan                                None     -75.639      13.414     -84.196       0.024       7.676       0.020
Gaia DR3 4148742110750865920 267.8488650 -14.4520770 19.938  1.796       2.647  41.3740  20.2607   -37.28      nan      nan   33.805  nan      nan    nan   1.137     nan                                None     -11.767     -12.017     -21.531       1.251       4.121       0.931
Gaia DR3 4149785001863309952 267.8448953 -12.6907465 20.363  1.858       1.724  42.0207  20.3277   -37.32      nan      nan   34.428  nan      nan    nan   1.264     nan                                None     -12.002      -3.910     -19.711       1.694       5.949       1.153
Gaia DR3 4070193794710573184 269.0448571 -22.4602859  7.337  0.903       2.552  40.2131  20.4643   -36.71      nan      nan   32.079  nan      nan    nan   1.075     nan                                None      -6.004     -46.510      11.198       0.032     -47.865       0.023
Gaia DR3 4158470937537419008 271.0979717  -8.8385553 20.526    nan       2.193  46.5095  20.4719   -37.30      nan      nan   42.563  nan      nan    nan   1.626     nan                                None       3.796      17.639      -7.323       2.027       1.407       1.648
Gaia DR3 4070194000869006720 269.0359602 -22.4626186 13.195  2.768       2.860  40.2046  20.4898   -36.71      nan      nan   32.018  nan      nan    nan   1.081     nan                                None      -6.031     -46.431      12.160       0.020     -39.979       0.014
Gaia DR3 4149821457556493952 266.9019707 -13.4961472 20.447  1.891       2.212  40.8657  20.4904   -37.28      nan      nan   32.683  nan      nan    nan   1.247     nan                                None     -15.536      -7.276     -21.842       1.953       6.596       1.465
Gaia DR3 4150201167011422464 269.9967151 -13.4107303 20.078  2.385       2.697  43.6938  20.7471   -37.34      nan      nan   35.441  nan      nan    nan   1.356     nan                                None      -2.093      -7.593     -20.275       1.913       1.095       1.240
Gaia DR3 6022570684856880000 243.3051441 -36.0125995 10.047  1.403       2.964  19.4758  21.0443   -30.83      nan      nan   22.284  nan      nan    nan   0.909     nan                                None     -78.376     -60.758     -92.225       0.016     -62.189       0.011
Gaia DR3 4144840223234908288 268.0875070 -16.5998123 20.330  1.836       2.573  40.8710  21.0476   -37.20      nan      nan   31.536  nan      nan    nan   1.192     nan                                None      -9.965     -20.511      -5.443       1.447      -4.010       0.873
Gaia DR3 4148336945046570624 266.9185449 -14.9515350 20.362  1.514       2.907  40.3561  21.0612   -37.24      nan      nan   31.056  nan      nan    nan   1.040     nan                                None     -14.693     -13.115     -24.908       1.615       2.941       1.228
Gaia DR3 6059584403780778240 187.7155149 -57.6044883 12.063  2.526       2.351  42.5100  21.1293    -8.96      nan      nan   32.976  nan      nan    nan   1.073     nan                                None    -252.287       1.384    -248.452       0.014     -14.506       0.017
Gaia DR3 6071593819524534912 187.5671339 -57.6221432 12.448  2.627       2.354  42.5852  21.1817    -8.91      nan      nan   32.937  nan      nan    nan   1.017     nan                                None    -252.066       1.914    -249.066       0.014     -14.150       0.017
Gaia DR3 5798962867668048768 228.8103155 -70.5203556  6.694  0.882       2.831  46.1173  21.2841   -16.35      nan      nan   37.302  nan      nan    nan   1.022     nan                                None    -191.105    -182.613    -177.871       0.013    -164.709       0.015
Gaia DR3 6202846851843516800 221.2792535 -35.4428687 14.695  3.206       2.440  11.4686  21.4493   -23.93      nan      nan   20.965  nan      nan    nan   7.834     nan                                None    -122.321     -33.676    -126.156       0.230     -23.597       0.188
Gaia DR3 5382868669400908928 172.9395773 -41.0456772 10.248  2.681       0.396  46.1177  21.4971    -1.44      nan      nan   92.928  nan      nan    nan   1.194     nan                                None    -710.604     174.841    -717.438       0.018     171.183       0.019
Gaia DR3 4136815227091570944 262.5495069 -15.3846833 19.614  1.493       1.803  36.2531  21.5490   -36.95      nan      nan   27.536  nan      nan    nan   3.427     nan                                None     -29.139     -12.837     -20.040       1.341      -7.668       0.950
Gaia DR3 3618810628952377216 208.7777210  -8.6241155 13.522  2.492       2.973  22.1970  21.6683   -18.31      nan      nan   22.480  nan      nan    nan   1.271     nan                                None    -152.600      23.633    -143.275       0.022      13.068       0.016
Gaia DR3 4456798781792997888 242.3604945  11.5749012  7.302  0.759       2.325  39.7838  21.6712   -30.06      nan      nan   29.603  nan      nan    nan   0.953     nan                                None    -107.454      87.364     -99.960       0.019      99.787       0.017
Gaia DR3 3618810628950468736 208.7783382  -8.6225537  9.967  1.334       1.932  22.1978  21.6743   -18.31      nan      nan   22.477  nan      nan    nan   0.977     nan                                None    -152.577      23.632    -146.204       0.017      17.058       0.013
Gaia DR3 4144341079253854848 271.9112004 -16.4595369 20.033  2.936       2.367  44.3940  21.7216   -37.23      nan      nan   33.637  nan      nan    nan   0.987     nan                                None       6.681     -21.268      -3.688       1.101      -8.066       0.982
Gaia DR3 3482765551281619456 169.0267253 -30.1777639  9.748  1.814       1.558  49.6444  21.7785     2.39      nan      nan   42.162  nan      nan    nan   1.632     nan                                None    -318.756      91.330    -304.938       0.021      90.441       0.021
Gaia DR3 3705324881045028992 195.1354745   5.6865669 11.773  3.187       2.818  41.9372  21.9095    -8.47      nan      nan  117.033  nan      nan    nan   1.098     nan                                None    -873.093     211.197    -940.630       0.081     227.750       0.071
Gaia DR3 4149849769983654912 266.9206034 -13.1185709 20.173    nan       1.111  41.0246  22.1490   -37.28      nan      nan   29.779  nan      nan    nan   1.337     nan                                None     -14.081      -5.087     -13.557       1.776       1.866       1.197
Gaia DR3 6629790584164277376 274.9176070 -63.8877875  6.042  0.733       2.023  50.9415  22.2268   -22.93      nan      nan   42.592  nan      nan    nan   0.921     nan                                None      25.671    -263.724      39.225       0.014    -275.810       0.016
Gaia DR3 6629790584164278016 274.9168083 -63.8856317 10.558  2.150       1.105  50.9403  22.2376   -22.93      nan      nan   42.518  nan      nan    nan   1.182     nan                                None      25.622    -263.257      24.374       0.012    -273.078       0.013
Gaia DR3 4151134824161679616 271.2891823 -11.4223847 20.465  1.925       2.567  45.6170  22.4743   -37.35      nan      nan   33.189  nan      nan    nan   1.915     nan                                None       3.814       1.969     -12.227       2.133      10.041       1.478
Gaia DR3 6205125005575868032 223.0288418 -33.2838822 13.899  2.733       1.123   9.0098  22.4752   -24.90      nan      nan   20.314  nan      nan    nan   1.259     nan                                None    -115.340     -30.704    -120.130       0.026     -31.127       0.023
Gaia DR3 4149765210666745728 267.9320030 -12.9146302 20.436  2.079       2.701  42.0136  22.5468   -37.32      nan      nan   29.893  nan      nan    nan   1.062     nan                                None     -10.071      -4.318     -17.080       1.565      11.191       1.232
Gaia DR3 4158060785356113792 271.3838415 -10.0196397 20.356    nan       1.644  46.2675  22.7482   -37.33      nan      nan   33.245  nan      nan    nan   1.488     nan                                None       4.244       8.386      -2.177       2.005      -1.184       1.967
Gaia DR3 4144818576615713152 267.6732358 -16.8216760 20.144  1.828       2.136  40.4247  22.9859   -37.18      nan      nan   28.218  nan      nan    nan   1.514     nan                                None     -10.488     -19.190      -6.500       1.390      -7.126       1.248
Gaia DR3 4149378423042373120 265.8829636 -14.1293243 20.140    nan       1.682  39.7123  23.2359   -37.22      nan      nan   27.503  nan      nan    nan   1.793     nan                                None     -16.837      -8.448     -12.773       1.373       0.420       1.080
Gaia DR3 4148247575390692352 267.3300616 -15.4760028 19.922  1.539       2.560  40.5497  23.2635   -37.23      nan      nan   27.948  nan      nan    nan   1.978     nan                                None     -11.677     -13.836     -14.902       1.353       0.899       0.867
Gaia DR3 1240700573029745280 216.3497098  21.5312741 14.326  3.298       2.336  46.7620  23.2712   -17.13      nan      nan   32.601  nan      nan    nan   1.120     nan                                None    -203.644     103.218    -218.106       0.028     110.185       0.034
Gaia DR3 6655901408341207552 282.0652030 -50.3047286 12.990  2.690       0.363  50.5571  23.3942   -28.78      nan      nan   36.665  nan      nan    nan   1.303     nan                                None      57.005    -175.216      55.818       0.019    -177.760       0.018
Gaia DR3 5905487746049886080 220.8894627 -48.7687928 13.036  2.559       1.399  24.5368  23.4249   -21.41      nan      nan   21.990  nan      nan    nan   1.264     nan                                None    -129.056     -59.300    -134.072       0.018     -63.413       0.018
Gaia DR3 4148296366177840768 267.2634758 -15.0748927 20.055  1.665       2.474  40.6260  23.4868   -37.25      nan      nan   27.723  nan      nan    nan   1.149     nan                                None     -11.831     -12.196       2.340       1.509     -15.059       0.808
Gaia DR3 4149185974173079808 266.2051880 -14.2440328 20.091  1.551       2.638  39.9616  23.5088   -37.23      nan      nan   27.328  nan      nan    nan   1.284     nan                                None     -15.548      -8.846     -15.287       1.248       6.347       1.229
Gaia DR3 4161439309726360576 264.3289690 -13.6599539 19.499  2.066       2.653  38.4865  23.6559   -37.14      nan      nan   26.414  nan      nan    nan   2.361     nan                                None     -21.672      -6.293     -12.127       0.993       4.983       0.700
Gaia DR3 4151989969349999360 270.1254142 -10.7946035 19.851  2.017       2.210  44.8210  23.7257   -37.35      nan      nan   30.135  nan      nan    nan   1.873     nan                                None      -1.258       4.385     -14.064       1.665      10.142       1.358
Gaia DR3 4037183088411851520 270.5051481 -36.8148490 10.774  1.815       2.840  40.5770  23.8394   -33.87      nan      nan   27.288  nan      nan    nan   0.687     nan                                None       0.256     -90.756      15.949       0.017     -86.207       0.012
Gaia DR3 3465563348267824512 180.3582250 -35.0319091 14.569  2.967       2.229  39.8928  23.9284    -4.36      nan      nan   26.831  nan      nan    nan   1.178     nan                                None    -206.937      35.721    -217.471       0.029      28.794       0.020
Gaia DR3 4151973236157218944 270.2956719 -10.9280641 19.688  2.090       2.543  44.9199  23.9355   -37.35      nan      nan   29.882  nan      nan    nan   1.904     nan                                None      -0.562       3.799     -16.498       1.498       5.456       1.224
Gaia DR3 4149717519331067520 267.6279193 -13.4485727 20.109  1.902       2.007  41.5385  24.0988   -37.30      nan      nan   27.519  nan      nan    nan   1.623     nan                                None     -10.396      -5.982      -8.666       1.718       5.533       1.336
Gaia DR3 4149820976487230976 266.8443710 -13.5105076 19.976  1.532       2.167  40.8084  24.1321   -37.27      nan      nan   27.086  nan      nan    nan   1.650     nan                                None     -13.085      -6.080     -12.135       1.181       6.257       1.016
Gaia DR3 6320316234610121344 227.4793747  -9.1130179 14.588  2.708       1.739  15.5109  24.2020   -27.64      nan      nan   20.176  nan      nan    nan   1.136     nan                                None    -106.040      14.208     -98.889       0.037      12.322       0.031
Gaia DR3 5906548877857127680 224.6669541 -47.4250025  9.964  1.301       2.147  22.9731  24.4157   -22.91      nan      nan   21.162  nan      nan    nan   1.114     nan                                None    -116.947     -60.665    -117.624       0.021     -51.110       0.019
Gaia DR3 4149851900256740096 266.7133847 -13.1281085 20.285  1.274       1.468  40.8343  24.4840   -37.27      nan      nan   26.721  nan      nan    nan   1.375     nan                                None     -13.379      -4.589     -13.141       1.820       3.675       1.463
Gaia DR3 1272734466348846208 233.8978542  29.2167854 14.404  3.324       2.821  54.3360  24.5067   -21.89      nan      nan   38.325  nan      nan    nan   1.156     nan                                None    -175.978     170.067    -198.474       0.015     173.737       0.022
Gaia DR3 4148296984656482688 267.3835342 -15.0631547 20.016  1.759       2.529  40.7389  24.5091   -37.25      nan      nan   26.646  nan      nan    nan   1.236     nan                                None     -10.942     -11.686     -16.041       1.465       1.575       1.301
Gaia DR3 4378754965417312256 251.5286904  -2.6287864 17.039  4.062       2.281  33.5770  24.5224   -34.90      nan      nan   23.724  nan      nan    nan   0.982     nan                                None     -59.290      30.421     -48.040       0.104      28.543       0.077
Gaia DR3 5906554753370689152 224.6743277 -47.4265353 15.935  3.392       1.867  22.9746  24.5970   -22.91      nan      nan   21.072  nan      nan    nan   1.046     nan                                None    -116.437     -60.422    -115.528       0.053     -52.178       0.050
Gaia DR3 4149110795041119104 266.5606392 -14.6684328 19.120  1.911       1.287  40.1312  24.6376   -37.23      nan      nan   26.220  nan      nan    nan   2.180     nan                                None     -13.666     -10.034     -19.000       1.150      -5.329       0.873
Gaia DR3 6307378212567145728 227.5773687 -16.2710588 14.894  3.232       2.528   8.5108  24.7240   -27.88      nan      nan   19.383  nan      nan    nan   1.761     nan                                None    -101.684      -0.587    -106.931       0.051      -9.484       0.040
Gaia DR3 4149837744075675264 266.9490792 -13.1502802 20.311  1.838       2.077  41.0383  24.9069   -37.28      nan      nan   26.385  nan      nan    nan   1.268     nan                                None     -12.375      -4.624     -13.362       1.768       6.886       1.102
Gaia DR3 6712572780258551168 286.0913805 -42.4973862 15.770  3.777       1.199  52.7764  24.9676   -31.14      nan      nan   34.937  nan      nan    nan   1.183     nan                                None      72.716    -133.586      64.322       0.057    -136.326       0.051
Gaia DR3 6307328528385543936 228.1649469 -16.5170588 13.975  3.117       2.443   8.4458  25.0078   -28.12      nan      nan   19.272  nan      nan    nan   2.426     nan                                None     -99.978      -1.363    -105.024       0.063      -9.908       0.063
Gaia DR3 4149821698037224576 266.8595215 -13.4719293 19.721    nan       2.539  40.8364  25.0264   -37.27      nan      nan   26.170  nan      nan    nan   2.059     nan                                None     -12.589      -5.737     -15.470       1.083       7.973       0.821
Gaia DR3 4149193327172680320 266.3296244 -14.3216115 20.463  1.594       2.528  40.0460  25.0305   -37.23      nan      nan   25.801  nan      nan    nan   1.150     nan                                None     -14.248      -8.634      -7.837       1.382       3.532       1.206
Gaia DR3 4340356853981540480 251.9764395  -8.0655735 10.758  1.672       1.844  30.4725  25.0320   -35.41      nan      nan   22.475  nan      nan    nan   0.972     nan                                None     -54.886      12.949     -47.312       0.016       8.590       0.012
Gaia DR3 6330948752568593792 218.0378468  -8.1057719 10.593  1.510       1.283  17.6796  25.0337   -23.17      nan      nan   20.077  nan      nan    nan   1.261     nan                                None    -122.682      18.850    -124.145       0.022      13.622       0.020
Gaia DR3 4161432815727227904 264.3237144 -13.7932050 20.658  1.224       1.643  38.4314  25.0703   -37.14      nan      nan   25.073  nan      nan    nan   1.184     nan                                None     -20.589      -6.430     -12.077       2.585      -4.715       1.619
Gaia DR3 1240763623149199872 219.2744922  19.8391781 14.087  2.870       1.586  44.6525  25.1389   -18.96      nan      nan   28.060  nan      nan    nan   1.142     nan                                None    -168.572      88.786    -174.135       0.020      96.345       0.019
Gaia DR3 4161800258751751040 264.8505401 -12.5660081 20.789  3.241       2.093  39.3791  25.2366   -37.19      nan      nan   25.322  nan      nan    nan   1.328     nan                                None     -19.007      -2.284      -7.859       2.374      -3.015       1.416
Gaia DR3 6127688772460862976 189.4244346 -48.5413354  3.850  0.111       2.128  36.8752  25.2863    -9.53      nan      nan   24.295  nan      nan    nan   2.814     nan                                None    -185.081       4.095    -186.081       0.150      -6.757       0.121
Gaia DR3 4149991568283371008 267.5528846 -12.4740517 20.223  1.602       0.635  41.8415  25.3007   -37.31      nan      nan   26.377  nan      nan    nan   1.367     nan                                None     -10.231      -2.200     -13.724       1.593      -1.667       1.204
Gaia DR3 6115910215482691840 213.6580146 -41.3355531 15.036  3.105       1.764  19.3742  25.3526   -20.11      nan      nan   20.160  nan      nan    nan  17.263     nan                                None    -130.071     -31.764    -122.640       0.491     -32.759       0.465
Gaia DR3 4124445686917997440 263.6764278 -16.5606094 19.632    nan       1.688  36.8769  25.3756   -36.99      nan      nan   24.227  nan      nan    nan   2.505     nan                                None     -21.991     -15.301     -30.227       1.728     -17.856       1.098
Gaia DR3 4152056524129527296 269.0892870 -11.1655239 20.090  2.203       2.267  43.7408  25.4366   -37.35      nan      nan   27.200  nan      nan    nan   1.656     nan                                None      -4.929       2.581     -17.314       1.676       6.520       1.198
Gaia DR3 4150191340131688960 269.7991557 -13.6500159 20.242  2.261       1.914  43.4277  25.5950   -37.34      nan      nan   26.863  nan      nan    nan   1.283     nan                                None      -2.301      -6.638     -10.882       1.244      -0.018       0.769
Gaia DR3 6287907442186666496 209.3162738 -22.2209247 12.508  2.200       2.106  14.6367  25.6112   -19.25      nan      nan   19.506  nan      nan    nan   1.652     nan                                None    -131.735       1.749    -124.564       0.028       6.607       0.023
Gaia DR3 1205358111785048064 243.1956589  21.3837657 14.318  2.993       2.143  49.1051  25.6113   -27.47      nan      nan   30.339  nan      nan    nan   1.084     nan                                None    -107.104     121.584    -120.530       0.017     118.816       0.020
Gaia DR3 4122397846530289664 260.3810327 -18.8702870 19.609  1.389       2.428  33.1888  25.6461   -36.55      nan      nan   22.841  nan      nan    nan   4.142     nan                                None     -30.756     -21.118     -29.194       1.760      -9.530       1.225
Gaia DR3 4125455042900778368 254.0118557 -23.5502574 13.512  2.521       2.155  26.3978  25.6968   -35.21      nan      nan   21.169  nan      nan    nan   1.050     nan                                None     -46.162     -31.162     -42.485       0.020     -22.275       0.014
Gaia DR3 4149987861763516288 267.3625430 -12.4910633 20.222  2.318       2.224  41.6636  25.7496   -37.30      nan      nan   25.854  nan      nan    nan   1.309     nan                                None     -10.689      -2.209     -11.161       1.634       9.903       1.317
Gaia DR3 4151705573775925632 268.1793584 -11.4404355 20.048  2.063       1.041  42.8135  25.8570   -37.33      nan      nan   26.287  nan      nan    nan   1.970     nan                                None      -7.981       1.521     -13.463       1.990       3.323       1.572
Gaia DR3 6289531798818056576 211.6217527 -20.4540527 14.829  2.822       1.662  13.0576  25.9535   -20.42      nan      nan   19.232  nan      nan    nan   1.036     nan                                None    -126.898       2.326    -133.582       0.037       3.190       0.033
Gaia DR3 4161579153850128640 265.0881034 -13.0577861 20.736  2.012       1.462  39.3994  25.9665   -37.20      nan      nan   24.706  nan      nan    nan   1.678     nan                                None     -17.758      -3.908     -12.094       1.750       1.178       1.590
Gaia DR3 1213772158875824896 231.0813319  20.1907328 14.124  3.030       1.242  45.0255  25.9793   -23.89      nan      nan   27.282  nan      nan    nan   1.250     nan                                None    -133.429      97.603    -139.047       0.027      93.189       0.026
Gaia DR3 5272690766709543680 125.3567266 -67.0526283 15.077  1.178       2.932  71.2605  26.1149     4.62      nan      nan   93.672  nan      nan    nan   0.940     nan                                None    -413.574     604.613    -397.343       0.026     660.191       0.022
Gaia DR3 4150039538801026816 267.2332677 -12.3807746 20.273  1.691       0.962  41.5904  26.1444   -37.30      nan      nan   25.455  nan      nan    nan   1.385     nan                                None     -10.967      -1.784     -13.234       1.584       2.856       1.131
Gaia DR3 6006413945583536384 231.1857734 -39.1026772 14.797  2.911       2.567  15.5305  26.2271   -26.81      nan      nan   19.351  nan      nan    nan   1.247     nan                                None     -94.432     -48.591     -83.985       0.037     -47.864       0.028
Gaia DR3 4125012936180678528 264.9585896 -15.2279928 20.570    nan       2.605  38.4855  26.2297   -37.13      nan      nan   24.151  nan      nan    nan   1.089     nan                                None     -17.779     -10.983     -13.695       1.253       1.634       0.899
Gaia DR3 4149289946736467328 265.3265173 -14.3111786 20.771  0.953       2.193  39.1437  26.2411   -37.18      nan      nan   24.385  nan      nan    nan   1.142     nan                                None     -16.748      -8.060     -12.950       1.963       2.556       1.412
Gaia DR3 6091167703470564608 215.3704271 -50.4865242 16.361  3.456       2.171  27.0953  26.2819   -19.24      nan      nan   21.012  nan      nan    nan   0.990     nan                                None    -132.855     -49.955    -137.615       0.060     -41.601       0.074
Gaia DR3 4163590091884659968 267.4289803 -11.7316255 20.128  2.160       1.289  42.0233  26.3037   -37.31      nan      nan   25.499  nan      nan    nan   1.427     nan                                None     -10.315       0.479     -16.685       1.467       3.206       1.094
Gaia DR3 4120510195595867776 267.9020521 -17.7095693 20.097  1.664       2.531  40.3633  26.3628   -37.13      nan      nan   24.757  nan      nan    nan   1.878     nan                                None      -8.440     -19.853      -6.709       1.841      -6.759       1.340
Gaia DR3 4164193375862607360 269.0935805 -10.0829654 20.525  2.197       1.973  44.1909  26.4509   -37.33      nan      nan   26.354  nan      nan    nan   1.222     nan                                None      -4.760       6.423       4.282       2.505       0.232       1.748
Gaia DR3 6707260867786576768 273.0695578 -47.5904636 20.568    nan       2.780  44.2316  26.5742   -30.30      nan      nan   26.250  nan      nan    nan   1.305     nan                                None       9.305    -120.672      -6.038       1.166    -121.806       0.861
Gaia DR3 4141680913938355456 260.2649627 -12.6192060 20.762    nan       2.965  35.2695  26.7292   -36.79      nan      nan   22.750  nan      nan    nan   1.178     nan                                None     -30.983      -1.797     -16.996       2.461       0.778       1.920
Gaia DR3 6327278617114878080 221.5785538  -8.8644851 15.073  2.916       2.118  15.9437  26.8353   -24.95      nan      nan   19.157  nan      nan    nan   1.321     nan                                None    -111.269      15.658    -114.288       0.051      23.660       0.050
Gaia DR3 4150377363722489984 269.4030127 -13.4357632 20.517  2.070       2.480  43.1475  26.8528   -37.34      nan      nan   25.490  nan      nan    nan   1.125     nan                                None      -3.542      -5.543     -14.995       1.776       1.269       1.375
Gaia DR3 5192408069781824512 151.7796872 -82.8368854 11.222  2.384       2.306  63.6820  26.8699    -5.43      nan      nan   43.718  nan      nan    nan   1.088     nan                                None    -295.882     169.256    -315.968       0.023     176.196       0.018
Gaia DR3 5192408069781824896 151.7857725 -82.8363193 13.424  2.986       1.425  63.6812  26.8706    -5.43      nan      nan   43.713  nan      nan    nan   1.480     nan                                None    -295.869     169.208    -308.715       0.022     166.482       0.017
Gaia DR3 4163154272958042368 264.3957929 -10.8936173 20.652  1.770       1.073  39.6638  26.9242   -37.15      nan      nan   24.046  nan      nan    nan   1.403     nan                                None     -19.513       3.366     -16.115       1.582      -0.880       1.514
Gaia DR3 4148925458657659008 268.4359105 -13.5817569 20.343  2.037       2.715  42.2193  26.9406   -37.32      nan      nan   25.018  nan      nan    nan   1.373     nan                                None      -6.733      -5.922     -13.925       1.681       6.460       1.136
Gaia DR3 6071754691823327232 185.3645069 -57.3863638 13.610  2.894       2.478  43.4401  26.9736    -8.16      nan      nan   25.508  nan      nan    nan   1.238     nan                                None    -196.004       8.014    -197.423       0.015      21.261       0.015
Gaia DR3 4144700241683366016 269.5323482 -16.5529332 19.970  2.178       1.755  42.2000  27.0336   -37.23      nan      nan   24.931  nan      nan    nan   2.173     nan                                None      -3.031     -16.094      -7.751       1.520      -8.169       1.282
Gaia DR3 5315595737654226304 125.6944834 -57.4459016 11.877  3.049       1.572  74.3924  27.0549     9.60      nan      nan   77.632  nan      nan    nan   2.288     nan                                None    -345.643     479.710    -371.352       0.047     480.735       0.050
Gaia DR3 5315595737654226560 125.6964072 -57.4439239 13.879  3.764       2.990  74.3922  27.0616     9.60      nan      nan   77.434  nan      nan    nan   1.315     nan                                None    -344.777     478.471    -370.770       0.033     437.164       0.036
Gaia DR3 4347491142557695360 236.9084184  -9.4803673  6.904  0.584       2.589  18.7414  27.0953   -31.33      nan      nan   19.356  nan      nan    nan   0.887     nan                                None     -82.457      10.404     -74.127       0.028      16.900       0.030
Gaia DR3 4575374857376398976 259.4183376  29.2281911  8.118  1.207       1.581  63.0114  27.2228   -27.57      nan      nan   41.110  nan      nan    nan   1.005     nan                                None     -60.593     210.040     -72.481       0.016     216.849       0.019
Gaia DR3 4123872055449277824 266.6555879 -16.5323903 20.492  1.675       1.245  39.5908  27.3815   -37.16      nan      nan   23.679  nan      nan    nan   1.629     nan                                None     -12.039     -15.112      -7.275       2.153     -11.120       1.535
Gaia DR3 4161762497404738176 264.4985861 -12.9170447 20.728  1.826       2.089  38.9252  27.4101   -37.16      nan      nan   23.433  nan      nan    nan   1.327     nan                                None     -18.694      -3.214      -9.377       2.339      -7.652       2.110
Gaia DR3 4150410589598394496 269.6315155 -13.1896126 19.629  2.022       2.853  43.4450  27.4485   -37.34      nan      nan   25.087  nan      nan    nan   1.247     nan                                None      -2.715      -4.609      -8.960       0.894       9.128       0.690
Gaia DR3 4148848217933200640 269.1714734 -13.8342456 19.928  1.919       1.801  42.7927  27.4840   -37.33      nan      nan   24.790  nan      nan    nan   2.036     nan                                None      -4.218      -6.745     -11.987       1.648      -1.432       1.284
Gaia DR3 3629513519949276544 197.5053696  -6.0487523 10.682  1.603       0.532  32.2185  27.5974   -11.48      nan      nan   21.436  nan      nan    nan   1.005     nan                                None    -158.046      29.390    -156.797       0.021      31.446       0.015
Gaia DR3 4162944571168257536 262.6296945 -11.7066177 20.455  1.438       2.638  37.7506  27.6404   -37.03      nan      nan   22.900  nan      nan    nan   1.411     nan                                None     -23.988       0.791     -13.397       1.839      -6.282       1.142
Gaia DR3 4150411620395327104 269.6016016 -13.1635020 20.438  1.865       2.695  43.4276  27.6509   -37.34      nan      nan   24.906  nan      nan    nan   1.266     nan                                None      -2.796      -4.486     -16.473       1.716      -0.852       1.282
Gaia DR3 4150413166587147776 269.7700566 -13.0969287 20.320  1.671       2.309  43.6047  27.8062   -37.35      nan      nan   24.846  nan      nan    nan   1.333     nan                                None      -2.225      -4.250      -8.486       1.795       6.095       1.367
Gaia DR3 5217401618349014400 135.4086591 -72.6702992 11.411  2.371       2.377  66.6261  27.8764     0.38      nan      nan   44.007  nan      nan    nan   1.055     nan                                None    -239.887     250.429    -245.699       0.021     229.161       0.020
Gaia DR3 4144725289836324608 267.8160085 -17.3910290 20.408    nan       2.717  40.3800  27.9457   -37.15      nan      nan   23.540  nan      nan    nan   1.142     nan                                None      -8.298     -17.848     -11.960       1.643      -4.872       1.174
Gaia DR3 4149239987700651648 265.2393843 -14.6737220 20.245  1.266       1.882  38.9345  27.9483   -37.17      nan      nan   23.064  nan      nan    nan   1.466     nan                                None     -16.110      -8.761      -9.409       1.407      -2.533       0.928
Gaia DR3 4161896191128502144 265.8376726 -13.0375695 20.564  1.845       0.831  40.0808  27.9786   -37.24      nan      nan   23.416  nan      nan    nan   1.456     nan                                None     -14.477      -3.686     -12.798       1.479       0.059       1.100
Gaia DR3 4163348645992695424 264.2146965 -10.7084999 20.239  0.973       1.921  39.5829  27.9919   -37.14      nan      nan   23.242  nan      nan    nan   1.753     nan                                None     -19.425       3.853     -11.834       1.306      -1.716       1.001
Gaia DR3 5956260199420898560 269.1552317 -43.2170056 14.568  2.991       2.817  40.5301  28.0231   -31.89      nan      nan   23.535  nan      nan    nan   1.125     nan                                None      -4.056     -96.506      -5.583       0.031     -82.612       0.022
Gaia DR3 4149188035771040768 266.5350794 -14.4170733 20.733  1.988       2.567  40.1975  28.0701   -37.24      nan      nan   23.390  nan      nan    nan   1.334     nan                                None     -12.271      -8.144     -17.823       1.921       3.233       1.650
Gaia DR3 1188423738635421184 225.3100128  17.3402706 13.247  2.626       2.653  41.7951  28.0725   -22.34      nan      nan   23.942  nan      nan    nan   1.458     nan                                None    -130.858      75.823    -128.918       0.018      89.073       0.019
Gaia DR3 6465749496610128512 324.1748293 -50.8462722  6.895  1.083       2.103  76.6936  28.0820   -19.60      nan      nan   67.500  nan      nan    nan   0.889     nan                                None     419.785    -169.791     423.538       0.016    -199.484       0.014
Gaia DR3 4150987661406268416 270.2087565 -12.1681105 20.028  1.809       1.432  44.3526  28.0851   -37.36      nan      nan   24.914  nan      nan    nan   1.211     nan                                None      -0.760      -1.081      -1.393       1.502      -8.575       0.860
Gaia DR3 4137292934828069888 263.6736330 -14.6265111 19.550  1.550       0.803  37.5379  28.1114   -37.07      nan      nan   22.532  nan      nan    nan   4.188     nan                                None     -20.462      -8.289     -17.604       1.537      -5.762       0.995
Gaia DR3 4148117111488371968 266.4508450 -16.0433472 19.862    nan       2.728  39.5630  28.2446   -37.17      nan      nan   23.063  nan      nan    nan   1.637     nan                                None     -12.360     -13.163      -9.338       1.538      -0.249       1.109
Gaia DR3 4087079368363376640 287.1964404 -18.7830551 11.759  2.394       1.399  57.5652  28.2735   -35.61      nan      nan   32.374  nan      nan    nan   1.091     nan                                None      72.005     -27.370      78.635       0.022     -34.243       0.018
Gaia DR3 4149846024735694720 266.7114092 -13.1422896 19.906  1.365       2.467  40.8272  28.3522   -37.27      nan      nan   23.401  nan      nan    nan   1.612     nan                                None     -11.723      -4.065     -16.736       1.316       7.025       0.936
Gaia DR3 4491748511228743808 260.0281059  10.3748579 17.649  1.097       2.853  48.7466  28.3948   -33.99      nan      nan   26.599  nan      nan    nan   1.010     nan                                None     -37.059      78.687     -41.287       0.095      94.113       0.082
Gaia DR3 4149195251317745024 266.4472334 -14.2590790 20.608  1.653       1.941  40.1749  28.4020   -37.24      nan      nan   23.151  nan      nan    nan   1.291     nan                                None     -12.419      -7.555     -16.247       1.815       1.112       1.340
Gaia DR3 4151400287513917312 269.5977242 -11.8932830 20.345  1.912       2.457  43.9085  28.4277   -37.35      nan      nan   24.453  nan      nan    nan   2.045     nan                                None      -2.758      -0.133     -15.097       1.972       2.725       1.334
Gaia DR3 4120760948633651456 267.2582025 -17.4803931 20.100  1.402       2.532  39.8455  28.5041   -37.12      nan      nan   22.977  nan      nan    nan   1.082     nan                                None      -9.822     -17.676      -3.917       1.219      -6.926       0.844
Gaia DR3 1464853782336698240 192.7652555  29.2993986 13.514  2.901       0.953  62.0752  28.6797    -3.05      nan      nan   35.579  nan      nan    nan   1.168     nan                                None    -268.080      78.898    -263.308       0.016      73.571       0.017
 Gaia DR3 660597997697274752 134.5586915  19.7625789 12.486  4.038       2.937  98.4974  28.7070    27.29      nan      nan  196.262  nan      nan    nan   3.539     nan                                None   -1053.850     -68.442    -937.133       0.190     -34.559       0.138
Gaia DR3 4149942919189345408 267.3178500 -12.8744951 20.573  1.562       1.404  41.4755  28.7529   -37.30      nan      nan   23.335  nan      nan    nan   1.411     nan                                None      -9.788      -3.221      -5.762       1.980       2.392       1.322
Gaia DR3 3677287506334489344 193.7079307  -6.4899167 13.968  2.630       0.590  35.0129  28.8333    -9.21      nan      nan   21.432  nan      nan    nan   1.358     nan                                None    -160.881      30.178    -158.940       0.032      28.353       0.020
Gaia DR3 6266744454694221184 233.3934306 -12.3272444 15.307  3.135       2.958  14.4561  28.8691   -30.15      nan      nan   18.289  nan      nan    nan   2.940     nan                                None     -84.973       4.883     -80.592       0.494      15.414       0.427
Gaia DR3 4149283865061492352 265.2676908 -14.3595560 20.695  1.552       2.998  39.0730  28.9983   -37.18      nan      nan   22.422  nan      nan    nan   1.031     nan                                None     -15.576      -7.555      -4.058       1.664       0.697       1.010
Gaia DR3 4120617294871589888 266.1340256 -17.9380969 20.514  1.726       1.992  38.6872  29.0847   -37.05      nan      nan   22.257  nan      nan    nan   1.242     nan                                None     -12.875     -18.446      -8.283       1.651     -10.306       1.378
Gaia DR3 4144639871618773248 269.6462987 -16.9495985 20.089    nan       2.139  42.1800  29.0965   -37.21      nan      nan   23.328  nan      nan    nan   2.006     nan                                None      -2.478     -16.329      -1.177       1.828      -5.889       1.157
Gaia DR3 4123207847291196160 264.9967606 -18.4824552 20.015    nan       2.318  37.4962  29.2217   -36.95      nan      nan   21.847  nan      nan    nan   1.203     nan                                None     -15.970     -19.638      -8.464       1.402     -12.045       0.768
Gaia DR3 4149016511984768896 265.4042058 -15.2680577 20.734  1.424       2.705  38.8750  29.2739   -37.16      nan      nan   22.194  nan      nan    nan   1.073     nan                                None     -15.012     -10.247      -9.458       2.048       1.128       1.572
Gaia DR3 4148398792550403968 268.5742883 -15.4000596 20.185    nan       2.942  41.7046  29.2803   -37.27      nan      nan   23.045  nan      nan    nan   1.180     nan                                None      -5.773     -11.213      -5.454       1.106       3.074       0.862
Gaia DR3 4148443735102524928 269.0372407 -14.9064368 19.292  2.147       1.790  42.2927  29.3298   -37.29      nan      nan   23.202  nan      nan    nan   2.502     nan                                None      -4.367      -9.728      -8.604       1.295      -2.065       0.866
Gaia DR3 3852570413083923072 142.4761933   5.6556139  6.885  1.211       2.015  85.6518  29.4434    23.14      nan      nan   78.195  nan      nan    nan   0.991     nan                                None    -475.506      89.394    -502.655       0.027     108.537       0.016
Gaia DR3 4149912785732282624 266.4088424 -12.9053565 20.571  1.759       1.194  40.6454  29.5436   -37.26      nan      nan   22.542  nan      nan    nan   1.197     nan                                None     -12.208      -3.169     -14.182       1.958       2.151       1.483
Gaia DR3 4161878598945010816 264.2549884 -12.2666713 19.808  2.465       2.166  38.9662  29.6260   -37.15      nan      nan   22.007  nan      nan    nan   2.887     nan                                None     -18.274      -1.044     -10.853       1.204       5.734       0.939
Gaia DR3 4168737691777441664 265.1823349  -7.7701527  9.958  1.477       2.941  41.7677  29.7133   -37.11      nan      nan   22.775  nan      nan    nan   1.078     nan                                None     -16.082      12.877     -19.928       0.020      26.464       0.014
Gaia DR3 6654230597344434560 279.4072078 -53.1500486  9.592  1.346       2.820  49.4874  29.7273   -27.80      nan      nan   25.643  nan      nan    nan   1.036     nan                                None      30.843    -131.436      26.227       0.015    -145.966       0.014
Gaia DR3 4125089489659038208 263.3739445 -15.8845082 20.659  1.564       2.673  36.8263  29.7551   -37.00      nan      nan   21.373  nan      nan    nan   1.670     nan                                None     -20.265     -11.501     -26.715       2.458      -1.333       1.592
Gaia DR3 3486314980974222208 179.9548891 -27.8945643 13.834  2.890       2.672  40.4197  29.7627    -3.32      nan      nan   22.337  nan      nan    nan   6.932     nan                                None    -172.272      32.630    -160.347       0.108      28.611       0.067
Gaia DR3 4150928974996083712 270.8955027 -12.1988328 20.444  2.111       1.521  44.9606  29.7953   -37.36      nan      nan   23.783  nan      nan    nan   1.328     nan                                None       1.473      -1.132       0.221       1.933      -8.654       1.272
Gaia DR3 4161932921697575424 266.1151738 -12.6534911 20.583  1.882       0.950  40.4791  29.8253   -37.25      nan      nan   22.315  nan      nan    nan   1.156     nan                                None     -12.965      -2.352     -10.517       1.838       1.389       1.621
Gaia DR3 4151706638924323968 268.1235790 -11.4134101 20.237    nan       0.658  42.7743  29.8403   -37.33      nan      nan   23.009  nan      nan    nan   1.116     nan                                None      -7.159       1.418     -10.144       1.210       0.295       0.903
Gaia DR3 4149997207590498432 266.8440073 -12.8735392 20.337  1.712       0.876  41.0492  29.8837   -37.28      nan      nan   22.446  nan      nan    nan   1.363     nan                                None     -10.845      -3.077     -12.544       1.541      -6.859       1.342
Gaia DR3 4120740165265282688 266.9389112 -17.4981185 20.443  1.543       2.193  39.5497  29.9090   -37.11      nan      nan   22.000  nan      nan    nan   1.148     nan                                None     -10.349     -16.961      -4.804       1.263      -8.435       1.004
