GaiaDR3                               RA         DEC   Gmag  Bp-Rp  Voff(km/s) Sep(deg)   3D(pc) Vr(pred)  Vr(obs)    Vrerr Plx(mas)  SpT    FnuvJ  W1-W3    RUWE  XCrate                               RVsrc    PMRApred   PMDecpred        PMRA     PMRAerr       PMDec    PMDecerr
Gaia DR3 2416782701664155008   4.6030463 -15.2674078 10.994  0.765       0.000   0.0000   0.0000     9.07     9.07     0.41    3.957  nan      nan    nan   0.959     nan                            Gaia_DR3      27.416     -24.524      27.416       0.022     -24.524       0.021
Gaia DR3 2416782705960292608   4.6056750 -15.2708481 13.902  1.437       0.278   0.0043   0.1854     9.07    12.87     1.80    3.955  nan      nan    nan   1.033     nan                            Gaia_DR3      27.396     -24.505      27.490       0.020     -24.717       0.016
Gaia DR3 2417168252289153664   4.2483603 -14.3521770 14.915  1.761       4.380   0.9774   8.1484     8.40   -18.34     9.15    4.069  nan      nan    nan   5.754     nan                            Gaia_DR3      28.196     -25.382      31.298       0.255     -23.262       0.196
Gaia DR3 2414681539239777280   2.5357554 -17.0198581 15.970  2.698       0.229   2.6484  12.9533     8.83      nan      nan    3.876  nan      nan    nan   1.591     nan                                None      26.861     -24.062      26.696       0.076     -23.975       0.060
Gaia DR3 2367684563977776128   7.1531898 -16.3618205 16.754  2.251       2.990   2.6866  13.3347    11.03      nan      nan    4.060  nan      nan    nan   1.048     nan                                None      28.062     -24.656      27.682       0.079     -27.187       0.053
Gaia DR3 2368091348920378112   3.9193613 -17.0529939 15.051  1.956       2.621   1.9025  14.1538     9.60   -18.85     4.55    4.147  nan      nan    nan   0.961     nan                            Gaia_DR3      28.736     -25.538      29.673       0.033     -27.630       0.022
Gaia DR3 2416852215710974720   4.2869421 -14.9796704 14.047  1.457       3.819   0.4194  14.9542     8.74   -36.99     2.19    3.738  nan      nan    nan   1.936     nan                            Gaia_DR3      25.900     -23.237      25.460       0.042     -26.214       0.028
Gaia DR3 2366194794441583360   3.0076368 -18.5748016 13.394  1.518       4.810   3.6425  16.0873     9.88    -5.74     1.31    3.982  nan      nan    nan   1.306     nan                            Gaia_DR3      27.598     -24.440      31.366       0.021     -25.891       0.015
Gaia DR3 2417168256584454784   4.2481250 -14.3522846 14.967  1.733       4.619   0.9773  17.0035     8.40   -30.54     4.32    3.716  nan      nan    nan   1.580     nan                            Gaia_DR3      25.748     -23.178      29.171       0.143     -22.005       0.089
Gaia DR3 2424701624925674624   5.1307546 -11.5692488 15.147  1.853       4.565   3.7336  18.0459     7.45     4.92     5.44    4.086  nan      nan    nan   1.172     nan                            Gaia_DR3      28.297     -25.719      31.470       0.046     -28.043       0.037
Gaia DR3 2424913869325237504   4.8819934 -11.2233264 12.626  0.952       4.091   4.0532  18.9111     7.13    28.24     1.84    4.068  nan      nan    nan   1.025     nan                            Gaia_DR3      28.175     -25.666      30.796       0.021     -23.335       0.012
Gaia DR3 2367695833971121024   7.4035248 -16.1015229 14.132  1.459       3.031   2.8222  19.3915    11.03   -18.27     4.58    3.742  nan      nan    nan   4.548     nan                            Gaia_DR3      25.852     -22.730      26.015       0.140     -25.115       0.104
Gaia DR3 2416174087618726272   0.0110371 -14.6862056 18.049  2.831       3.785   4.4738  20.9069     6.22      nan      nan    4.082  nan      nan    nan   1.043     nan                                None      28.261     -25.952      29.085       0.160     -29.103       0.126
Gaia DR3 2373568596157694208   9.0435543 -15.9344215 19.050  2.843       4.204   4.3285  20.9772    11.85      nan      nan    4.111  nan      nan    nan   1.083     nan                                None      28.329     -24.779      31.891       0.366     -24.012       0.365
Gaia DR3 2367994106565054848   4.7421792 -16.9227490 18.381  2.912       2.148   1.6607  21.3309     9.99      nan      nan    3.668  nan      nan    nan   1.079     nan                                None      25.410     -22.501      24.954       0.195     -24.099       0.147
Gaia DR3 2424402557762916096   3.5489871 -12.0305408 17.709  2.496       3.918   3.3950  21.5983     6.80      nan      nan    3.734  nan      nan    nan   0.993     nan                                None      25.877     -23.604      28.000       0.147     -25.841       0.087
Gaia DR3 2421706525187984256   1.6891760 -11.6553954 17.030  2.675       4.548   4.5906  22.8129     5.56      nan      nan    4.144  nan      nan    nan   1.071     nan                                None      28.715     -26.422      25.645       0.085     -23.901       0.070
Gaia DR3 2363522706308071936   7.9563836 -19.1456492 15.851  1.725       4.482   5.0295  24.2785    12.85      nan      nan    3.822  nan      nan    nan   6.717     nan                                None      26.384     -22.628      25.118       0.327     -19.246       0.292
Gaia DR3 2375015832633434496   6.6371261 -14.1305033 15.634  2.104       4.655   2.2723  24.3486     9.61      nan      nan    4.342  nan      nan    nan   0.966     nan                                None      30.030     -26.807      27.063       0.050     -23.749       0.035
Gaia DR3 2374522151912610688   9.7673981 -13.3271300 13.259  1.146       2.937   5.3670  24.6565    10.94    20.02     1.59    4.089  nan      nan    nan   0.963     nan                            Gaia_DR3      28.134     -25.003      29.262       0.017     -27.269       0.020
Gaia DR3 2418280412595861120   1.8261396 -12.9317579 16.422  2.148       4.751   3.5648  25.1343     6.31      nan      nan    3.679  nan      nan    nan   1.037     nan                                None      25.495     -23.342      24.380       0.055     -19.831       0.044
Gaia DR3 2425041378314356736   4.9976213 -10.3814265 18.797  3.251       4.037   4.9011  25.1773     6.75      nan      nan    4.187  nan      nan    nan   1.014     nan                                None      29.002     -26.501      32.501       0.395     -27.175       0.204
Gaia DR3 2361986722923569792   4.7565034 -20.3708023 17.269    nan       2.955   5.1055  25.6722    11.73      nan      nan    4.179  nan      nan    nan   1.006     nan                                None      28.947     -25.055      26.538       0.108     -24.070       0.110
Gaia DR3 2414639139322540160   2.0160789 -17.4137083 16.540  2.240       4.162   3.2815  25.9447     8.74      nan      nan    4.334  nan      nan    nan   0.987     nan                                None      30.035     -26.934      27.793       0.058     -30.005       0.052
Gaia DR3 2419125039388616704 358.2946161 -14.7613463 17.823  2.781       2.593   6.1138  26.9380     5.31      nan      nan    3.999  nan      nan    nan   1.113     nan                                None      27.628     -25.623      27.665       0.274     -23.438       0.137
Gaia DR3 2424130944031031680   4.5474778 -12.4620554 16.299  2.456       4.681   2.8059  26.9427     7.59      nan      nan    3.619  nan      nan    nan   2.418     nan                                None      25.072     -22.744      21.633       0.319     -23.705       0.181
Gaia DR3 2365665448312010368   2.2943273 -19.9140635 11.268  0.776       2.066   5.1411  27.4663    10.17     5.89     0.34    4.235  nan      nan    nan   0.855     nan                            Gaia_DR3      29.352     -25.905      31.074       0.018     -26.564       0.015
Gaia DR3 2370461655471167360   9.7242914 -16.6850261 16.556  2.460       3.628   5.1232  27.8025    12.59      nan      nan    4.247  nan      nan    nan   0.950     nan                                None      29.227     -25.359      27.453       0.070     -28.080       0.078
Gaia DR3 2425370510248078592   9.4288351 -10.9275708 17.284  2.670       4.900   6.3964  28.2017     9.53      nan      nan    4.009  nan      nan    nan   0.981     nan                                None      27.604     -24.911      25.649       0.108     -28.562       0.131
Gaia DR3 2375960961661398528  10.6445636 -13.3459848 18.066  2.979       3.173   6.1609  28.7500    11.43      nan      nan    3.835  nan      nan    nan   1.076     nan                                None      26.332     -23.352      27.069       0.216     -25.809       0.214
Gaia DR3 2364640905337898368   3.4244735 -20.6107079 19.107  3.218       3.850   5.4596  30.1873    11.13      nan      nan    3.706  nan      nan    nan   1.004     nan                                None      25.688     -22.395      28.652       0.328     -22.909       0.267
Gaia DR3 2427780120044696960   2.1852186 -10.8125475 19.024  3.056       1.941   5.0389  30.5264     5.39      nan      nan    4.334  nan      nan    nan   1.010     nan                                None      30.034     -27.656      30.367       0.272     -29.397       0.179
Gaia DR3 2361124671447713792   4.2182331 -22.4589684 15.032  1.994       4.490   7.2008  32.4332    12.47    34.32     3.85    4.103  nan      nan    nan   0.983     nan                            Gaia_DR3      28.430     -24.317      26.044       0.031     -21.254       0.025
Gaia DR3 2340693958697296896   0.9003927 -21.4750273 16.322  2.522       4.361   7.1320  32.4615    10.21      nan      nan    4.125  nan      nan    nan   0.986     nan                                None      28.577     -25.238      30.748       0.053     -28.348       0.044
Gaia DR3 2425447712285015552   9.3801844 -10.4518618 18.345  2.792       4.576   6.6981  32.4668     9.25      nan      nan    3.780  nan      nan    nan   1.082     nan                                None      26.026     -23.551      26.366       0.236     -19.920       0.223
Gaia DR3 2375053525266466816   7.1606669 -13.7108465 13.964  1.313       4.363   2.9248  32.7474     9.69   -21.88     2.84    3.540  nan      nan    nan   1.035     nan                            Gaia_DR3      24.468     -21.856      22.777       0.025     -24.639       0.020
Gaia DR3 2375960965956612096  10.6417566 -13.3440233 17.560  2.568       4.629   6.1590  32.8308    11.43      nan      nan    3.707  nan      nan    nan   1.069     nan                                None      25.457     -22.576      26.919       0.172     -25.885       0.157
Gaia DR3 2369552973534684032  12.1230744 -17.4556821 18.830  3.216       0.995   7.5391  33.1747    14.27      nan      nan    3.973  nan      nan    nan   1.049     nan                                None      27.178     -23.235      27.991       0.390     -23.054       0.354
Gaia DR3 2441104074965218816   0.9417456  -8.6787213 14.721  1.741       4.765   7.4982  33.4492     3.56    10.03     4.30    3.904  nan      nan    nan   1.020     nan                            Gaia_DR3      27.044     -25.151      30.964       0.035     -25.041       0.021
Gaia DR3 2375695773200519936  11.9282117 -13.8554522 17.489  2.760       3.473   7.2286  33.4861    12.40      nan      nan    4.164  nan      nan    nan   1.036     nan                                None      28.496     -25.111      27.496       0.131     -22.231       0.112
Gaia DR3 2364294700909522688   8.9601048 -17.6521028 10.861  0.717       4.568   4.8107  33.5519    12.66    17.98     0.33    4.429  nan      nan    nan   0.978     nan                            Gaia_DR3      30.522     -26.364      26.767       0.019     -24.341       0.019
Gaia DR3 2375960965956097792  10.6419266 -13.3435324 17.570  3.042       4.567   6.1593  33.8169    11.43      nan      nan    3.684  nan      nan    nan   1.034     nan                                None      25.298     -22.435      26.025       0.184     -25.906       0.170
Gaia DR3 2434872966475998720 358.7543269 -10.0253482 17.898  2.756       3.575   7.7472  34.3526     3.04      nan      nan    4.066  nan      nan    nan   1.039     nan                                None      28.111     -26.303      31.169       0.180     -26.109       0.143
Gaia DR3 2363179963622195456  10.1372812 -18.7941548 18.057  3.267       4.032   6.3581  34.3828    13.85      nan      nan    3.688  nan      nan    nan   1.005     nan                                None      25.358     -21.588      23.539       0.234     -19.035       0.173
Gaia DR3 2426033996795798528   9.0873434 -10.1469195 17.379  2.781       1.407   6.7335  35.6821     8.93      nan      nan    4.328  nan      nan    nan   0.958     nan                                None      29.818     -27.039      30.159       0.118     -28.277       0.120
Gaia DR3 2417551814343973120   1.7809980 -14.2652916 15.788  2.204       3.831   2.9070  35.7248     6.98      nan      nan    3.500  nan      nan    nan   1.039     nan                                None      24.255     -22.098      26.890       0.047     -21.076       0.035
Gaia DR3 2377668541874793088  11.0191673 -10.7830316 15.083  1.869       1.167   7.6915  35.9251    10.34    16.87     5.70    3.809  nan      nan    nan   1.011     nan                            Gaia_DR3      26.132     -23.551      26.779       0.032     -24.230       0.031
Gaia DR3 2368500401605854976   6.4494966 -15.8850488 17.950  2.953       4.285   1.8828  36.0865    10.40      nan      nan    4.599  nan      nan    nan   1.028     nan                                None      31.813     -28.123      34.467       0.181     -31.319       0.102
Gaia DR3 2428163819538434816   4.8502503  -9.9451991 16.626  2.500       2.520   5.3277  36.4537     6.44      nan      nan    3.578  nan      nan    nan   1.123     nan                                None      24.783     -22.692      23.120       0.075     -23.613       0.064
Gaia DR3 2361208711072336384   5.2003896 -22.0203227 12.572  1.006       3.833   6.7766  36.4630    12.77   -10.40     1.06    3.678  nan      nan    nan   1.064     nan                            Gaia_DR3      25.468     -21.706      26.753       0.017     -24.385       0.012
Gaia DR3 2389339647349116544 358.3130096 -20.8673504 17.531  2.825       2.240   8.1901  36.5542     8.52      nan      nan    4.102  nan      nan    nan   1.018     nan                                None      28.345     -25.647      28.826       0.119     -23.770       0.095
Gaia DR3 2336998912433186816   3.7150593 -23.4415554 16.173  2.032       4.452   8.2169  37.0147    12.68      nan      nan    3.873  nan      nan    nan   1.014     nan                                None      26.840     -22.868      29.635       0.052     -20.545       0.041
Gaia DR3 2427371346532620288   8.0400129  -8.0063717 16.038  2.262       4.366   8.0023  37.1396     7.23      nan      nan    4.196  nan      nan    nan   0.990     nan                                None      28.963     -26.566      32.470       0.053     -28.184       0.045
Gaia DR3 2341180492592530560 358.7972246 -21.7162981 16.998  2.945       2.049   8.4770  37.3340     9.22      nan      nan    4.042  nan      nan    nan   1.033     nan                                None      27.943     -25.069      27.538       0.095     -23.371       0.082
Gaia DR3 2422227968576919424 357.9807410 -11.5596518 16.453  2.338       3.229   7.4312  37.7569     3.43      nan      nan    4.317  nan      nan    nan   1.104     nan                                None      29.811     -27.920      26.883       0.079     -27.670       0.047
Gaia DR3 2429422103221594368   2.4252416  -8.7075514 18.108  2.782       4.675   6.8967  37.7753     4.42      nan      nan    4.379  nan      nan    nan   1.051     nan                                None      30.350     -28.090      28.307       0.151     -24.289       0.109
Gaia DR3 2360075423821561856   6.7768704 -23.3702886 17.141  1.684       1.022   8.3580  37.8454    14.26      nan      nan    4.151  nan      nan    nan   5.011     nan                                None      28.705     -23.917      29.325       0.456     -23.272       0.402
Gaia DR3 2350434910164720256  11.3419629 -21.1147862 14.389  1.570       4.772   8.6676  38.1108    15.60    30.32     3.86    4.027  nan      nan    nan   1.062     nan                            Gaia_DR3      27.608     -22.866      29.438       0.030     -26.481       0.027
Gaia DR3 2427360488855348608   8.6134122  -7.6913424 16.220  2.316       4.751   8.5333  38.2000     7.39      nan      nan    4.122  nan      nan    nan   1.003     nan                                None      28.426     -26.094      29.582       0.062     -30.058       0.053
Gaia DR3 2415998097039016320 358.9053557 -15.6128445 18.733  2.740       4.176   5.5027  38.3502     6.10      nan      nan    4.509  nan      nan    nan   0.984     nan                                None      31.175     -28.723      32.554       0.246     -25.001       0.222
Gaia DR3 2374449000029634304  10.1390902 -13.7049292 16.165  2.401       1.545   5.5828  38.5087    11.33      nan      nan    4.508  nan      nan    nan   0.946     nan                                None      30.989     -27.445      32.215       0.054     -26.637       0.056
Gaia DR3 2426250046535173120   9.3972163  -9.1229970 18.046  2.994       3.179   7.7258  38.5844     8.58      nan      nan    3.722  nan      nan    nan   1.042     nan                                None      25.627     -23.351      23.970       0.213     -21.486       0.174
Gaia DR3 2364473504692813568   2.5799583 -21.4322395 17.791  2.706       3.294   6.4566  38.6250    11.09      nan      nan    3.607  nan      nan    nan   0.997     nan                                None      24.999     -21.804      27.252       0.123     -20.709       0.101
Gaia DR3 2357478244213837312  13.1787674 -17.9014328 14.514  1.645       3.358   8.6293  39.0910    15.06    32.02     2.36    3.856  nan      nan    nan   0.912     nan                            Gaia_DR3      26.291     -22.309      26.762       0.027     -19.620       0.025
Gaia DR3 2418487739256835072 357.3481390 -16.3792765 15.666  2.012       3.605   7.0675  39.1934     5.65      nan      nan    3.641  nan      nan    nan   0.903     nan                                None      25.121     -23.325      27.889       0.046     -23.359       0.038
Gaia DR3 2431035881349135488   4.5495755  -7.3055967 16.406  2.136       4.572   7.9620  39.5188     4.88      nan      nan    3.723  nan      nan    nan   1.202     nan                                None      25.793     -23.838      22.455       0.071     -22.520       0.059
