GaiaDR3                               RA         DEC   Gmag  Bp-Rp  Voff(km/s) Sep(deg)   3D(pc) Vr(pred)  Vr(obs)    Vrerr Plx(mas)  SpT    FnuvJ  W1-W3    RUWE  XCrate                               RVsrc    PMRApred   PMDecpred        PMRA     PMRAerr       PMDec    PMDecerr
Gaia DR3 4851053999056603904  49.2626507 -42.2442065 12.544  2.710       0.000   0.0000   0.0000    14.48      nan      nan   32.354  nan      nan    nan   1.264     nan                                None      41.649    -412.870      41.649       0.017    -412.870       0.021
Gaia DR3 4731785231149265152  59.6409523 -54.3028107 13.983  2.584       1.294  13.8639  15.3020    27.73      nan      nan   23.043  nan      nan    nan   1.229     nan                                None      55.400    -266.575      49.433       0.016    -268.543       0.021
Gaia DR3 4731785231148098816  59.6415528 -54.3037801 20.341  2.606       0.888  13.8649  15.5087    27.73      nan      nan   22.918  nan      nan    nan   1.296     nan                                None      55.103    -265.134      59.027       0.865    -266.866       0.971
Gaia DR3 5274517467840296832 121.7276842 -66.3059236 13.665  0.065       1.518  45.1503  22.0619    48.64      nan      nan   51.997  nan      nan    nan   1.035     nan                                None     333.381    -272.488     335.519       0.016    -288.994       0.017
Gaia DR3 6604934337106961024 345.0972190 -31.1219017 10.339  1.953       2.271  51.4170  25.5283    12.30      nan      nan   36.339  nan      nan    nan   1.360     nan                                None    -186.232    -431.233    -178.475       0.026    -446.807       0.024
Gaia DR3 4899765903222078080  66.5985051 -20.3612996 14.689  2.795       2.307  26.3085  26.5247    -6.13      nan      nan   19.833  nan      nan    nan   1.045     nan                                None      61.705    -252.812      66.536       0.020    -261.163       0.023
Gaia DR3 3209938366665770752  82.8675411  -3.6865276  7.108  2.122       1.319  48.8132  27.4886   -18.01      nan      nan  175.313  nan      nan    nan   0.964     nan                                None     800.918   -2063.323     761.631       0.018   -2092.209       0.013
  Gaia DR3 19905219207554816  40.2604811   8.4967302 13.817  2.756       2.493  51.4051  28.4043   -38.25      nan      nan   29.221  nan      nan    nan   1.459     nan                                None       8.268    -304.561      11.074       0.027    -289.466       0.025
Gaia DR3 5187564171302703104  43.7886148  -1.4687383 13.871  2.705       2.282  41.0707  29.7603   -28.98      nan      nan   22.194  nan      nan    nan   1.311     nan                                None      15.064    -258.806       4.538       0.033    -260.602       0.031
Gaia DR3 5642333072596166528 130.7908153 -29.6271024 13.518  2.880       2.123  64.7130  29.9295    28.36      nan      nan   41.812  nan      nan    nan   1.269     nan                                None     269.184    -410.918     282.953       0.012    -423.590       0.015
