GaiaDR3                               RA         DEC   Gmag  Bp-Rp  Voff(km/s) Sep(deg)   3D(pc) Vr(pred)  Vr(obs)    Vrerr Plx(mas)  SpT    FnuvJ  W1-W3    RUWE  XCrate                               RVsrc    PMRApred   PMDecpred        PMRA     PMRAerr       PMDec    PMDecerr
 Gaia DR3 569673024645542528  45.9565878  83.5874225 10.014  0.911       0.000   0.0000   0.0000   -17.10      nan      nan    8.948  nan      nan    nan   0.942     nan                                None      91.550     -34.591      91.550       0.013     -34.591       0.015
 Gaia DR3 565721895251397248  15.1269813  80.5454672  6.580  0.531       2.204   5.1273  10.0332   -20.56      nan      nan    9.063  nan      nan    nan   1.046     nan                                None      95.586      14.497      91.765       0.024      12.726       0.030
 Gaia DR3 573198677399933568  14.9066456  83.6899263 10.314  0.909       2.758   3.4003  11.5872   -20.14      nan      nan    9.799  nan      nan    nan   1.000     nan                                None     103.267      18.378     100.872       0.014      13.210       0.017
Gaia DR3 1152698617281025408 113.7291247  88.5347643 13.199  1.830       1.225   6.0126  11.7272   -17.73      nan      nan    8.941  nan      nan    nan   1.084     nan                                None       6.144     -97.191       6.406       0.012     -94.897       0.012
Gaia DR3 1147613822678664064 142.9399231  83.9703813 16.048  2.778       2.993   9.3129  18.1195   -14.09      nan      nan    9.162  nan      nan    nan   1.002     nan                                None     -42.665     -92.579     -46.996       0.038     -88.750       0.038
 Gaia DR3 551068806868379392  58.9596121  76.0318892 15.743  2.660       1.909   7.8510  18.2224   -12.01      nan      nan    9.925  nan      nan    nan   1.028     nan                                None      91.261     -64.065      91.066       0.026     -60.075       0.030
Gaia DR3 2304637811326072576 351.3735270  87.9591354 16.837  2.827       2.242   5.4869  19.1217   -20.10      nan      nan    7.868  nan      nan    nan   1.052     nan                                None      68.698      48.765      70.313       0.066      45.416       0.073
Gaia DR3 2298670967881787136 318.2942101  82.1104683 17.108  3.027       2.016   9.9488  21.8168   -25.42      nan      nan   10.009  nan      nan    nan   0.989     nan                                None      38.564      94.436      42.671       0.065      95.543       0.060
 Gaia DR3 503381407023545088  74.7010489  74.8886393 12.687  1.691       2.865   9.9665  22.2922    -8.57      nan      nan   10.103  nan      nan    nan   1.030     nan                                None      73.919     -87.972      70.550       0.010     -93.061       0.011
 Gaia DR3 560300027319473920  27.0323464  76.5136028 17.522  3.066       2.584   7.7012  23.7870   -18.59      nan      nan    7.738  nan      nan    nan   1.040     nan                                None      83.521      -6.757      87.736       0.085      -6.803       0.096
 Gaia DR3 548276902030804096  48.7369753  76.3746949 16.519  2.636       0.331   7.2268  24.0181   -14.11      nan      nan    7.672  nan      nan    nan   0.992     nan                                None      77.123     -36.569      77.315       0.043     -37.068       0.044
Gaia DR3 2233688559372048000 358.6186190  77.5228204 14.843  2.377       2.937   9.3812  25.5189   -23.91      nan      nan    7.805  nan      nan    nan   1.123     nan                                None      73.845      32.801      69.320       0.026      34.496       0.029
 Gaia DR3 549021138259482112  47.5675567  76.3091402 15.468  3.000       2.617   7.2830  25.9817   -14.32      nan      nan    7.540  nan      nan    nan   2.642     nan                                None      76.379     -34.454      73.679       0.063     -31.290       0.086
Gaia DR3 1143932004913847808 134.2927946  78.5037016 16.444  3.002       2.529  12.9789  26.1252    -8.90      nan      nan    9.838  nan      nan    nan   0.941     nan                                None     -30.892    -107.430     -29.812       0.038    -102.298       0.048
Gaia DR3 2295089205675841408 286.5293878  80.5210134  8.355  0.956       1.503  13.7991  26.9097   -27.05      nan      nan    9.539  nan      nan    nan   4.093     nan                                None     -19.381      93.428     -20.426       0.106      96.264       0.125
 Gaia DR3 498052108523830016  79.1555556  71.4111469 17.267  3.097       2.595  13.6654  28.2286    -5.23      nan      nan    8.433  nan      nan    nan   1.024     nan                                None      56.318     -78.573      52.620       0.051     -75.814       0.064
 Gaia DR3 532724005118345600  17.7208868  69.2919259  9.887  0.800       2.555  15.3480  29.5855   -20.84      nan      nan    9.335  nan      nan    nan   0.908     nan                                None      99.325       2.554      96.192       0.013       6.488       0.016
Gaia DR3 2215466868563332992 359.6828124  71.2891355 13.191  1.824       2.352  14.9861  29.5977   -25.66      nan      nan    8.745  nan      nan    nan   0.993     nan                                None      83.571      30.284      82.971       0.011      34.578       0.012
Gaia DR3 1135219092521940992 116.9314660  73.7234479 20.289  1.211       1.675  15.3950  29.6718    -3.94      nan      nan    9.235  nan      nan    nan   0.983     nan                                None       0.779    -106.075      -1.924       0.444    -104.251       0.490
