GaiaDR3                               RA         DEC   Gmag  Bp-Rp  Voff(km/s) Sep(deg)   3D(pc) Vr(pred)  Vr(obs)    Vrerr Plx(mas)  SpT    FnuvJ  W1-W3    RUWE  XCrate                               RVsrc    PMRApred   PMDecpred        PMRA     PMRAerr       PMDec    PMDecerr
Gaia DR3 1319243773843954304 245.2800476  31.5770466 14.805  2.869       0.000   0.0000   0.0000     1.09      nan      nan   19.288  nan      nan    nan   1.032     nan                                None      47.443      37.712      47.443       0.016      37.712       0.023
Gaia DR3 1327203001078082304 251.4509180  35.6308870  7.364  0.615       1.706   6.5434   9.4325     2.78      nan      nan   16.989  nan      nan    nan   0.972     nan                                None      43.060      30.195      37.474       0.016      27.722       0.020
Gaia DR3 1327008559318527744 251.7351331  35.4882430 12.765  2.156       2.083   6.6494   9.5721     2.81      nan      nan   16.963  nan      nan    nan   1.327     nan                                None      43.040      30.048      35.693       0.014      28.812       0.016
Gaia DR3 1405236440812951680 247.9486236  42.9026387 11.266  1.727       1.922  11.5214  10.3674     3.29      nan      nan   19.494  nan      nan    nan   1.190     nan                                None      48.651      34.964      51.658       0.017      42.269       0.021
Gaia DR3 1353165150669696640 252.6521752  40.5020906 13.505  2.745       3.000  10.7233  10.9013     3.67      nan      nan   21.803  nan      nan    nan   5.391     nan                                None      55.506      36.772      45.681       0.061      27.098       0.079
Gaia DR3 1405247264130540928 247.8492045  42.9345861 14.025  2.644       0.833  11.5385  11.8184     3.28      nan      nan   17.710  nan      nan    nan   1.225     nan                                None      44.176      31.808      45.196       0.017      34.744       0.020
Gaia DR3 1339277180644102272 255.7607453  35.9735689 19.647  3.821       2.174   9.7505  11.9984     3.56      nan      nan   16.871  nan      nan    nan   1.099     nan                                None      43.348      28.021      42.870       0.296      35.737       0.336
Gaia DR3 1211160509525521408 234.3079981  20.9244637 15.240  3.012       2.373  14.4835  13.4879    -2.65      nan      nan   21.511  nan      nan    nan   1.082     nan                                None      48.555      45.728      45.409       0.028      35.439       0.020
Gaia DR3 1377340147189201408 234.0329827  38.7041197 14.246  2.451       2.284  11.6199  14.9513     0.51      nan      nan   16.264  nan      nan    nan   1.103     nan                                None      36.611      35.810      40.459       0.014      28.988       0.016
Gaia DR3 1209905142123427456 234.7307403  19.1164400 12.620  2.126       2.887  15.6688  14.9772    -2.89      nan      nan   18.105  nan      nan    nan   1.178     nan                                None      41.035      38.049      48.102       0.013      29.597       0.010
Gaia DR3 1205459507373502976 244.3064077  21.9218242 13.878  2.371       2.734   9.6941  15.4244    -0.67      nan      nan   15.668  nan      nan    nan   2.681     nan                                None      38.315      31.049      42.664       0.030      23.134       0.034
Gaia DR3 1205459541733243136 244.2802199  21.9249056 12.730  2.114       2.849   9.6932  15.6380    -0.67      nan      nan   15.605  nan      nan    nan   1.176     nan                                None      38.154      30.930      45.477       0.013      25.082       0.014
Gaia DR3 4456723048632685184 240.9953500  11.1228553 16.974  3.914       2.693  20.8339  18.4852    -3.06      nan      nan   20.100  nan      nan    nan   1.019     nan                                None      48.060      39.139      36.665       0.091      39.784       0.079
Gaia DR3 4555962326761899776 265.7807421  21.0164873 17.148  4.441       2.761  21.1409  21.9087     3.41      nan      nan   27.070  nan      nan    nan   0.942     nan                                None      70.223      44.298      84.011       0.046      51.924       0.081
Gaia DR3 4604233910868083200 268.5745668  33.0388125 14.620    nan       1.665  19.7022  23.2721     5.46      nan      nan   29.898  nan      nan    nan   0.868     nan                                None      77.342      41.307      71.916       0.106      32.323       0.234
Gaia DR3 1332615995605248256 247.4675511  39.7515605 18.350  4.008       1.139   8.3647  24.2730     2.74      nan      nan   13.447  nan      nan    nan   1.107     nan                                None      33.478      24.774      32.704       0.187      27.909       0.228
Gaia DR3 4584823991590776704 276.1246988  25.5213943  9.243  1.042       2.496  27.6647  24.7378     6.00      nan      nan   19.373  nan      nan    nan   0.905     nan                                None      49.141      26.632      39.847       0.008      30.815       0.011
Gaia DR3 4584823991592186880 276.1235138  25.5215825 17.713  0.887       1.499  27.6636  24.7541     6.00      nan      nan   19.345  nan      nan    nan   0.989     nan                                None      49.070      26.594      44.122       0.197      30.182       0.286
Gaia DR3 1202687707280813824 239.5890122  18.2303781 14.662  2.504       1.980  14.3030  25.0357    -2.16      nan      nan   13.937  nan      nan    nan   1.117     nan                                None      32.969      28.299      33.147       0.021      22.485       0.020
Gaia DR3 1349885513642697472 268.6663861  45.5541777 11.678    nan       0.819  22.8706  25.5091     6.76      nan      nan   15.770  nan      nan    nan   1.584     nan                                None      40.789      17.289      38.443       0.036      15.905       0.058
Gaia DR3 1349885513642697344 268.6671706  45.5542447  7.531  0.867       2.393  22.8711  25.5545     6.76      nan      nan   15.751  nan      nan    nan   1.063     nan                                None      40.742      17.268      39.859       0.019      25.166       0.020
Gaia DR3 1418571347898681600 268.3342954  56.5262919  9.770  1.259       1.975  29.6395  25.6617     7.59      nan      nan   21.690  nan      nan    nan   0.985     nan                                None      56.127      17.728      61.294       0.018      25.132       0.015
Gaia DR3 1212130588015806208 228.9401533  18.9648076 13.860    nan       2.808  19.3818  25.7378    -3.91      nan      nan   14.695  nan      nan    nan   1.068     nan                                None      31.262      31.921      28.196       0.047      23.782       0.040
Gaia DR3 4491846264685026304 261.9189797  10.3940157 15.856  0.202       1.329  26.1889  26.0421     1.11      nan      nan   16.961  nan      nan    nan   1.117     nan                                None      43.997      30.067      39.694       0.037      32.083       0.034
Gaia DR3 4499039750793037440 272.5612287  16.3382976  8.704  1.100       2.728  29.0846  26.5623     4.16      nan      nan   27.085  nan      nan    nan   0.894     nan                                None      69.498      43.438      62.135       0.010      57.163       0.011
Gaia DR3 1303724304656566528 244.4069553  26.4148214 13.382  2.548       2.665   5.2183  26.6870     0.09      nan      nan   12.837  nan      nan    nan  12.061     nan                                None      31.411      25.477      36.036       0.105      19.942       0.152
Gaia DR3 4464222271984222592 243.4093482  13.6734472 16.015  2.811       1.908  17.9856  26.8481    -2.18      nan      nan   14.111  nan      nan    nan   0.955     nan                                None      34.310      27.517      32.417       0.108      32.866       0.164
Gaia DR3 4437130442921979136 245.8916837   5.5169692 16.830  3.453       0.510  26.0664  27.1399    -2.97      nan      nan   16.307  nan      nan    nan   0.991     nan                                None      40.254      30.246      39.328       0.070      31.734       0.050
Gaia DR3 4563645439129524608 247.6930325  19.4775395 15.815  3.002       0.753  12.2927  27.2935    -0.41      nan      nan   13.224  nan      nan    nan   1.126     nan                                None      32.961      25.458      30.949       0.032      26.059       0.033
Gaia DR3 1382202840441926016 245.8129095  42.9611465 12.234  1.679       1.839  11.3919  28.2503     2.98      nan      nan   12.961  nan      nan    nan   1.215     nan                                None      31.980      24.054      35.708       0.012      27.423       0.014
Gaia DR3 4553449805244655360 260.9437236  18.0478274  9.558  0.971       1.623  19.5809  28.5269     2.02      nan      nan   13.991  nan      nan    nan   1.009     nan                                None      36.267      24.336      33.897       0.013      28.497       0.013
Gaia DR3 4526552933333437824 273.0940994  18.5861572 12.329  2.398       1.960  28.2232  28.6587     4.56      nan      nan   32.420  nan      nan    nan   1.183     nan                                None      83.063      50.590      75.300       0.013      39.676       0.016
Gaia DR3 4438177933902352896 244.5208578   6.2866691 11.640  2.497       2.027  25.3003  28.6728    -3.13      nan      nan   34.873  nan      nan    nan  10.634     nan                                None      85.390      65.193      72.254       0.177      58.164       0.138
Gaia DR3 1587741352250511616 228.7574236  46.5349465 13.926  2.418       0.071  19.6242  28.7633     1.27      nan      nan   13.941  nan      nan    nan   1.076     nan                                None      29.592      32.242      29.400       0.013      32.162       0.015
Gaia DR3 1438191999752827904 253.4380976  60.9238690 15.018  2.946       2.405  29.8330  28.9287     6.31      nan      nan   17.219  nan      nan    nan   1.037     nan                                None      43.950      22.031      39.111       0.025      14.766       0.026
Gaia DR3 1436147526600679936 267.2702798  61.2635348 15.585  3.442       2.384  32.9707  28.9578     7.77      nan      nan   27.039  nan      nan    nan   7.648     nan                                None      70.060      19.590      56.876       0.797      16.296       0.672
Gaia DR3 1438191999752828032 253.4419754  60.9252575 13.471  2.547       2.781  29.8348  28.9616     6.31      nan      nan   17.198  nan      nan    nan   1.165     nan                                None      43.898      22.002      39.441       0.015      12.957       0.015
Gaia DR3 4562566234107439616 249.4876987  18.7159096 19.793  1.133       2.653  13.4095  29.7053    -0.18      nan      nan   12.887  nan      nan    nan   0.987     nan                                None      32.398      24.468      32.539       0.327      17.262       0.321
