GaiaDR3                               RA         DEC   Gmag  Bp-Rp  Voff(km/s) Sep(deg)   3D(pc) Vr(pred)  Vr(obs)    Vrerr Plx(mas)  SpT    FnuvJ  W1-W3    RUWE  XCrate                               RVsrc    PMRApred   PMDecpred        PMRA     PMRAerr       PMDec    PMDecerr
Gaia DR3 2556231154370582400  11.4802351   6.3470317 12.049  1.353       0.000   0.0000   0.0000   -26.53   -26.53     0.46    8.688  nan      nan    nan   1.597     nan                            Gaia_DR3      -1.850      10.446      -1.850       0.027      10.446       0.026
Gaia DR3 2551202911602425344  11.4418386   4.1296675 19.883  3.182       4.025   2.2177   7.1997   -26.73      nan      nan    8.287  nan      nan    nan   0.976     nan                                None      -1.797       8.161      -1.969       0.578       1.132       0.548
Gaia DR3 2749579342106874496   8.2415092   8.2006217 19.487  3.766       3.802   3.7089   9.6918   -26.23      nan      nan    9.204  nan      nan    nan   1.081     nan                                None      -4.918      12.698      -0.638       0.496       6.689       0.384
Gaia DR3 2557424807385841408   9.5468519   7.7473351 17.224  3.078       3.902   2.3754  10.9240   -26.33      nan      nan    9.508  nan      nan    nan   0.980     nan                                None      -3.851      12.715     -10.236       0.110      17.232       0.088
Gaia DR3 2576147776715558528  16.3730539   5.2956880 12.856  1.645       4.237   4.9797  10.9845   -26.62    14.04     0.78    9.083  nan      nan    nan   1.139     nan                            Gaia_DR3       2.485       9.983      -5.017       0.022       6.896       0.016
Gaia DR3 2775044413658260224  13.1861373  12.2171931 15.691  2.486       3.991   6.1066  12.2547   -25.83      nan      nan    8.699  nan      nan    nan   1.050     nan                                None      -0.377      15.389       5.552       0.054      19.678       0.038
Gaia DR3 2581563661756276992  15.6409663   9.9657807 14.419  2.100       4.169   5.4820  12.9655   -26.12    -3.91     2.86    8.235  nan      nan    nan   1.004     nan                            Gaia_DR3       1.654      12.790       6.165       0.027      18.449       0.022
Gaia DR3 2543293613363438208   9.8384463   0.3179357 14.056  2.046       3.087   6.2477  13.7752   -26.94    23.03     2.28    8.323  nan      nan    nan   1.014     nan                            Gaia_DR3      -3.130       5.058      -2.332       0.024      -0.299       0.020
Gaia DR3 2543293544644686848   9.8415592   0.3130640 12.602  1.639       3.033   6.2516  13.9446   -26.94    26.87     3.47    8.297  nan      nan    nan   8.652     nan                            Gaia_DR3      -3.118       5.038      -5.760       0.178       0.438       0.137
Gaia DR3 2537272133638202240  14.3208745   0.6135481 11.386  1.055       2.339   6.3957  15.6986   -26.98    14.83     0.44    8.101  nan      nan    nan   0.977     nan                            Gaia_DR3       0.563       5.162       4.475       0.024       5.973       0.024
Gaia DR3 2537256469893277696  14.2483938   0.4527201  8.295  0.493       3.029   6.5094  15.8470   -26.99    12.00     0.92    8.107  nan      nan    nan   2.572     nan                            Gaia_DR3       0.505       5.036       0.324       0.087      10.210       0.083
Gaia DR3 2748426199223890048   3.8087775   6.7924433 18.366  3.264       2.223   7.6340  15.8686   -26.11      nan      nan    9.105  nan      nan    nan   0.982     nan                                None      -8.844      11.257      -4.595       0.201      10.856       0.148
Gaia DR3 2564794593309163392  19.7305138   7.0293233 19.458  0.766       2.946   8.2223  17.1223   -26.33      nan      nan    8.430  nan      nan    nan   1.044     nan                                None       5.112      10.666      10.319       0.547      11.220       0.367
Gaia DR3 2529733851853743872  12.2337582  -2.0686190 17.049    nan       4.334   8.4492  17.1416   -27.09      nan      nan    8.573  nan      nan    nan   1.009     nan                                None      -1.183       3.173      -2.766       0.134      10.845       0.128
Gaia DR3 2562653436148026880  19.3580720   3.2595117 12.747  1.553       3.758   8.4346  17.5283   -26.68   -56.08     1.06    8.434  nan      nan    nan   1.091     nan                            Gaia_DR3       4.804       7.571       0.396       0.026       2.550       0.017
Gaia DR3 2578605528801094656  19.0600115   8.0279755 17.097  2.863       2.899   7.7054  17.7109   -26.25      nan      nan    9.491  nan      nan    nan   3.985     nan                                None       5.126      12.935       4.178       0.717       7.212       0.536
Gaia DR3 2548466918651918592   4.2019590   3.3625441 17.757  3.077       4.626   7.8415  17.9926   -26.45      nan      nan    8.143  nan      nan    nan   0.963     nan                                None      -7.596       7.369     -12.678       0.151      13.472       0.113
Gaia DR3 2582392109407998080  14.0493930  10.7952929 15.590  2.419       4.358   5.1223  18.0085   -26.03    21.17     7.02    7.726  nan      nan    nan   1.005     nan                            Gaia_DR3       0.329      12.620       6.391       0.049       8.927       0.036
Gaia DR3 2741099019376195328   3.6681619   4.2383827 17.400  3.067       3.694   8.0590  18.6498   -26.34      nan      nan    8.110  nan      nan    nan   0.948     nan                                None      -7.989       8.024      -1.753       0.119       9.025       0.077
Gaia DR3 2534909596683335808  18.1188626   0.6811257 14.025  1.981       4.452   8.7162  18.7103   -26.90    32.32     2.74    8.296  nan      nan    nan   0.945     nan                            Gaia_DR3       3.707       5.340       0.344       0.027      -1.682       0.019
Gaia DR3 2540787070450021888   7.9010340  -2.4901631 16.631  3.213       4.702   9.5324  19.1564   -26.98      nan      nan    8.664  nan      nan    nan   2.382     nan                                None      -4.922       2.853     -11.119       0.172       8.797       0.124
Gaia DR3 2778536634386736896  12.9933212  15.7599546 17.512  3.289       2.475   9.5291  19.2999   -25.26      nan      nan    9.055  nan      nan    nan   3.041     nan                                None      -0.566      19.037      -4.602       0.464      21.492       0.357
Gaia DR3 2557541493057378048  11.4181293   7.8450501  7.588  1.111       3.697   1.4993  19.4208   -26.37    14.48     0.12    7.449  nan      nan    nan   0.998     nan                            Gaia_DR3      -1.632      10.042      -6.281       0.035       6.566       0.027
Gaia DR3 2752351073481209984   3.7584546   8.9286111 12.510  1.442       3.427   8.0762  19.4955   -25.87    10.35     0.82    8.010  nan      nan    nan   1.119     nan                            Gaia_DR3      -7.820      11.539      -4.945       0.022       6.517       0.019
Gaia DR3 2742165339496539520   3.1881149   5.1683371 15.558  2.582       4.549   8.3338  19.8391   -26.22    15.25     5.02    8.025  nan      nan    nan   1.008     nan                            Gaia_DR3      -8.282       8.656     -15.450       0.048       5.860       0.038
Gaia DR3 2752115369972203008   2.1792221   8.8089661 14.754  2.388       4.776   9.5419  19.8415   -25.75     6.07     2.81    8.407  nan      nan    nan   1.514     nan                            Gaia_DR3      -9.505      11.978     -13.440       0.049       4.484       0.035
