GaiaDR3                               RA         DEC   Gmag  Bp-Rp  Voff(km/s) Sep(deg)   3D(pc) Vr(pred)  Vr(obs)    Vrerr Plx(mas)  SpT    FnuvJ  W1-W3    RUWE  XCrate                               RVsrc    PMRApred   PMDecpred        PMRA     PMRAerr       PMDec    PMDecerr
Gaia DR3 4847732649308331648  51.6403445 -43.6136681  9.026  0.783       0.000   0.0000   0.0000   -16.34      nan      nan   12.590  nan      nan    nan   1.034     nan                                None      -2.250     -22.903      -2.250       0.011     -22.903       0.015
Gaia DR3 5046394471799487872  47.6937523 -37.7472716 14.713  2.630       2.142   6.5837   9.3528   -17.06      nan      nan   13.025  nan      nan    nan   1.178     nan                                None      -5.684     -18.813      -8.211       0.020     -13.503       0.030
Gaia DR3 4850761047928715136  46.6770931 -43.1723946  9.453  0.831       2.593   3.6329  10.0444   -16.30      nan      nan   11.368  nan      nan    nan   0.859     nan                                None      -5.712     -20.149      -1.571       0.009     -24.783       0.011
Gaia DR3 4842638405778563712  58.5189291 -42.4157299 16.196  2.892       1.912   5.1685  12.9888   -16.50      nan      nan   11.118  nan      nan    nan   1.052     nan                                None       3.021     -19.377       7.462       0.036     -18.783       0.042
Gaia DR3 4732871445558429696  57.0747692 -53.2825122 15.700  2.961       2.887  10.3114  14.9497   -14.66      nan      nan   13.600  nan      nan    nan   1.055     nan                                None       2.411     -32.264      -3.732       0.030     -37.810       0.039
Gaia DR3 4732754313210311424  56.0934807 -53.6293977 13.715  2.276       2.912  10.4341  14.9842   -14.60      nan      nan   13.528  nan      nan    nan   1.214     nan                                None       1.529     -32.371      -4.887       0.014     -27.100       0.016
Gaia DR3 4833972669308081280  53.3425291 -47.2880440 20.145  2.982       0.666   3.8633  15.9728   -15.77      nan      nan   10.604  nan      nan    nan   1.115     nan                                None      -0.713     -21.623      -0.097       0.532     -22.977       0.621
Gaia DR3 4862868766894749696  54.7980334 -33.4178717 16.602  3.259       1.189  10.4886  16.8572   -17.62      nan      nan   14.401  nan      nan    nan   0.994     nan                                None       0.406     -17.031      -2.595       0.038     -19.040       0.053
Gaia DR3 4787698764676365312  67.0715674 -49.6956614 13.802  2.466       1.169  12.1803  17.5759   -15.07      nan      nan   12.057  nan      nan    nan   3.394     nan                                None       9.955     -25.408      10.308       0.037     -28.359       0.041
Gaia DR3 4787704640191625984  67.0759414 -49.6933033 16.300  2.986       1.500  12.1819  17.5810   -15.07      nan      nan   12.056  nan      nan    nan   0.995     nan                                None       9.957     -25.403      12.400       0.039     -28.330       0.043
Gaia DR3 4855981804015297536  57.8599026 -37.5741786 16.788  3.053       2.479   7.6619  18.6391   -17.15      nan      nan   10.632  nan      nan    nan   0.994     nan                                None       2.431     -15.360       4.495       0.043     -10.203       0.057
Gaia DR3 5051006716919500160  45.3238207 -34.2668257 15.751  2.992       0.706  10.5514  18.6718   -17.36      nan      nan   15.065  nan      nan    nan   1.104     nan                                None      -8.892     -18.249      -8.890       0.026     -16.005       0.035
Gaia DR3 4779350890144480896  65.9855451 -53.6098943 18.755  3.523       1.992  13.7297  19.0848   -14.39      nan      nan   12.479  nan      nan    nan   1.102     nan                                None       9.436     -29.094       4.355       0.241     -30.376       0.256
Gaia DR3 5062409752011780864  38.6050605 -34.2269700 12.835  2.163       2.895  13.7880  19.2274   -16.99      nan      nan   13.554  nan      nan    nan   6.233     nan                                None     -13.825     -15.664      -5.631       0.050     -16.803       0.080
Gaia DR3 4887542082700340736  57.8522922 -31.0904882 11.687  1.556       1.169  13.4513  19.9128   -17.81      nan      nan   14.321  nan      nan    nan   1.227     nan                                None       3.268     -14.709       4.206       0.011     -18.113       0.015
Gaia DR3 4855981799719099904  57.8607613 -37.5770806 18.246  3.581       2.367   7.6599  20.5798   -17.15      nan      nan   10.377  nan      nan    nan   1.065     nan                                None       2.374     -14.994       4.718       0.116     -10.378       0.156
Gaia DR3 4724176679404325760  49.6450014 -58.3063702 13.986  2.332       1.650  14.7447  20.6304   -13.60      nan      nan   12.357  nan      nan    nan   1.272     nan                                None      -3.820     -32.457      -7.853       0.019     -30.968       0.017
Gaia DR3 4871049197828888576  66.5656648 -33.9350199 18.359  3.772       1.812  15.0939  20.7667   -17.24      nan      nan   12.732  nan      nan    nan   1.072     nan                                None      10.100     -14.882      14.767       0.127     -16.252       0.168
Gaia DR3 5059417121881348864  48.9875023 -28.7451061 11.030  1.258       2.840  15.0197  20.8854   -17.95      nan      nan   12.461  nan      nan    nan   1.543     nan                                None      -4.387     -10.815      -9.042       0.012     -16.646       0.016
Gaia DR3 4957616535718436096  30.1515588 -41.1196077 14.217  2.378       1.933  16.0253  22.3678   -15.53      nan      nan   12.382  nan      nan    nan   1.138     nan                                None     -19.070     -17.992     -23.616       0.014     -20.179       0.017
Gaia DR3 4936165888494578176  31.3257837 -52.8834704 10.102  1.057       2.521  16.3080  22.4274   -13.89      nan      nan   13.534  nan      nan    nan   1.597     nan                                None     -19.890     -28.627     -25.901       0.021     -24.677       0.027
Gaia DR3 5059516455883270912  47.1716728 -29.1213187 11.109  1.208       1.550  14.9262  22.6160   -17.87      nan      nan   11.576  nan      nan    nan   1.403     nan                                None      -5.445     -10.261      -3.332       0.013     -13.397       0.016
Gaia DR3 4866305251831539584  70.8632552 -37.4313073 17.052  3.383       1.066  15.8187  22.8016   -16.61      nan      nan   11.966  nan      nan    nan   1.044     nan                                None      12.757     -16.107      10.746       0.068     -14.321       0.082
Gaia DR3 4945263007183154176  38.1333379 -46.8075961 20.598  2.466       2.193  10.0222  23.0060   -15.36      nan      nan   10.351  nan      nan    nan   1.081     nan                                None     -10.865     -19.691     -15.124       0.815     -21.876       0.875
Gaia DR3 4885787193422611456  63.0026471 -29.2969048 17.093  3.346       1.926  16.9482  23.4976   -17.81      nan      nan   13.893  nan      nan    nan   1.023     nan                                None       7.831     -12.387       9.200       0.058     -17.859       0.073
Gaia DR3 4885787193421153408  63.0026584 -29.2973526 17.862    nan       1.311  16.9478  23.4999   -17.81      nan      nan   13.896  nan      nan    nan   1.119     nan                                None       7.833     -12.390       7.377       0.139     -16.204       0.143
Gaia DR3 4750041178619488768  49.9230483 -47.8450892 10.767  1.495       2.334   4.3976  23.7675   -15.64      nan      nan   17.786  nan      nan    nan   1.049     nan                                None      -5.176     -36.699     -11.997       0.011     -42.180       0.012
Gaia DR3 4871518624870740736  68.1123020 -33.0104847 14.994  2.727       2.282  16.6630  23.7883   -17.24      nan      nan   12.054  nan      nan    nan   1.098     nan                                None      10.753     -13.231       6.072       0.021     -16.653       0.025
Gaia DR3 4854026528743617408  49.7187296 -38.1800826 16.884  3.877       1.910   5.6239  23.8638   -17.05      nan      nan   17.702  nan      nan    nan   1.352     nan                                None      -5.388     -26.193     -12.514       0.070     -26.284       0.097
Gaia DR3 4950290764620472960  38.4761734 -41.3039517 15.467  2.894       0.792   9.9712  24.5527   -16.18      nan      nan   17.274  nan      nan    nan   1.048     nan                                None     -17.759     -27.411     -15.475       0.023     -25.647       0.030
Gaia DR3 4888190240507913472  58.5112635 -29.2430668 18.858  3.570       2.129  15.3831  24.7522   -17.95      nan      nan   11.164  nan      nan    nan   1.041     nan                                None       3.028     -10.093       8.022       0.151      -9.677       0.196
Gaia DR3 4813250796430735232  75.2384027 -42.8635545 16.142  3.226       2.918  17.1498  24.8723   -15.61      nan      nan   14.808  nan      nan    nan   1.073     nan                                None      19.808     -23.830      19.177       0.047     -14.742       0.044
Gaia DR3 5072563226497121536  42.4091106 -27.1046632 11.611  1.475       2.621  18.1161  25.3804   -17.79      nan      nan   12.295  nan      nan    nan   1.371     nan                                None      -9.565      -8.969     -13.627       0.015     -14.416       0.016
Gaia DR3 4750558150946605056  45.3498596 -47.8094937 20.138  2.706       2.958   6.0707  25.4198   -15.53      nan      nan    9.711  nan      nan    nan   1.163     nan                                None      -5.715     -19.764     -11.768       0.585     -19.939       0.805
Gaia DR3 4787731784384907904  67.2074987 -49.4093320 15.369  2.685       1.507  12.1479  25.9261   -15.11      nan      nan   10.260  nan      nan    nan   1.032     nan                                None       8.560     -21.441       5.361       0.027     -20.813       0.029
Gaia DR3 4784444278977858432  70.3488657 -50.6655223 15.014  2.423       2.307  14.4908  26.4278   -14.73      nan      nan   10.602  nan      nan    nan   1.034     nan                                None      10.959     -22.472      15.703       0.022     -24.494       0.024
Gaia DR3 4818661488854223232  71.9373140 -37.1736667 18.897  0.837       1.293  16.6907  27.0876   -16.56      nan      nan   11.027  nan      nan    nan   0.959     nan                                None      12.497     -14.531       9.712       0.149     -15.662       0.182
Gaia DR3 5063555649287934848  36.7899108 -32.6416422 17.000  3.240       2.329  15.9803  27.2151   -17.00      nan      nan   10.804  nan      nan    nan   1.050     nan                                None     -12.250     -11.210     -11.914       0.045     -16.503       0.069
Gaia DR3 4856540630800078208  54.7495564 -37.6526482 14.442  2.473       2.783   6.4097  27.2363   -17.16      nan      nan   18.803  nan      nan    nan   1.161     nan                                None       0.470     -27.339      -1.900       0.016     -16.566       0.021
Gaia DR3 4959018584842467456  25.1615730 -42.1212078 10.757  1.300       1.181  19.3819  27.6238   -14.90      nan      nan   14.999  nan      nan    nan   1.125     nan                                None     -27.480     -21.171     -29.614       0.010     -18.107       0.014
Gaia DR3 5066084251151288960  41.8676043 -29.2226797 15.199  2.990       1.653  16.3717  27.7650   -17.62      nan      nan   16.725  nan      nan    nan   1.133     nan                                None     -13.592     -14.452     -19.074       0.031     -16.431       0.034
Gaia DR3 4911344344777752576  26.3329707 -56.1081105  9.397  0.863       2.804  20.3525  27.8188   -12.93      nan      nan   12.863  nan      nan    nan   0.912     nan                                None     -22.699     -27.778     -30.190       0.011     -29.082       0.011
Gaia DR3 5098203562779809920  50.3372814 -23.6595953 15.942  2.468       2.512  19.9828  28.3024   -18.28      nan      nan   15.007  nan      nan    nan   0.981     nan                                None      -3.961      -7.979     -11.855       0.069      -8.882       0.085
Gaia DR3 4934756933062715520  22.3910752 -44.3099500 15.165  2.749       2.249  20.9533  28.4195   -14.32      nan      nan   13.318  nan      nan    nan   1.162     nan                                None     -26.481     -19.523     -31.742       0.021     -23.015       0.023
Gaia DR3 5076279163482690560  44.0786266 -25.0671523 12.028  1.654       2.794  19.5478  28.5028   -17.99      nan      nan   11.744  nan      nan    nan   1.261     nan                                None      -7.876      -7.100     -13.547       0.011     -11.062       0.016
Gaia DR3 5083939735871759488  57.4610086 -24.1048340 15.132  2.752       2.648  20.0853  28.5380   -18.28      nan      nan   15.103  nan      nan    nan   1.117     nan                                None       3.060      -8.505      -3.012       0.019     -14.354       0.026
Gaia DR3 4772036011084467712  80.7548270 -51.9984336 19.592  3.056       2.172  21.0943  28.9504   -13.78      nan      nan   12.710  nan      nan    nan   1.125     nan                                None      21.209     -25.388      22.309       0.423     -31.102       0.412
Gaia DR3 4959110875099824512  26.1002251 -42.6256405 20.509    nan       2.800  18.5951  29.0273   -14.94      nan      nan   16.365  nan      nan    nan   1.056     nan                                None     -29.100     -23.879     -29.805       1.268     -33.513       0.752
Gaia DR3 4916091142633631872  22.5843587 -52.3114229 18.222  3.623       2.595  21.1257  29.0589   -13.23      nan      nan   12.646  nan      nan    nan   0.927     nan                                None     -25.008     -23.740     -31.887       0.109     -23.006       0.123
Gaia DR3 4836999491675913984  63.6954650 -46.8424135 14.918  2.508       2.165   9.0718  29.0868   -15.68      nan      nan    9.552  nan      nan    nan   1.077     nan                                None       5.813     -18.887       3.313       0.021     -22.460       0.027
Gaia DR3 4896820655168970368  62.5615177 -25.2244357 18.294  0.906       1.366  20.4343  29.0888   -18.08      nan      nan   12.017  nan      nan    nan   6.692     nan                                None       6.430      -7.504       6.064       0.470     -10.945       0.847
Gaia DR3 4963834510195056896  34.1598545 -39.0592816 19.763  1.060       2.720  13.8609  29.3160   -16.14      nan      nan   10.058  nan      nan    nan   1.052     nan                                None     -13.046     -14.050      -7.350       0.251     -13.135       0.310
Gaia DR3 5098088109761935232  50.7375739 -24.3541305 17.714  3.448       2.171  19.2738  29.5573   -18.26      nan      nan   11.283  nan      nan    nan   0.964     nan                                None      -2.683      -6.534      -4.434       0.090     -11.393       0.103
Gaia DR3 4739840455196288512  36.0767613 -55.8246344 18.579  3.748       2.490  15.7483  29.8674   -13.65      nan      nan   10.297  nan      nan    nan   1.077     nan                                None     -12.133     -24.234     -17.433       0.151     -23.172       0.154
Gaia DR3 4957098597022563584  32.0235897 -41.8804712  6.464  0.287       2.065  14.4753  29.8837   -15.61      nan      nan   10.076  nan      nan    nan   0.980     nan                                None     -14.383     -15.404     -16.243       0.015     -11.431       0.018
