GaiaDR3                               RA         DEC   Gmag  Bp-Rp  Voff(km/s) Sep(deg)   3D(pc) Vr(pred)  Vr(obs)    Vrerr Plx(mas)  SpT    FnuvJ  W1-W3    RUWE  XCrate                               RVsrc    PMRApred   PMDecpred        PMRA     PMRAerr       PMDec    PMDecerr
Gaia DR3 4674216245427964416  55.4590004 -62.7672729  9.390  1.245       0.000   0.0000   0.0000    34.44      nan      nan   25.582  nan      nan    nan   1.000     nan                                None    -102.393     -44.066    -102.393       0.017     -44.066       0.017
Gaia DR3 4674216245427964672  55.4631277 -62.7654024 15.817  3.346       0.226   0.0027   0.0913    34.44      nan      nan   25.522  nan      nan    nan   0.986     nan                                None    -102.157     -43.976    -102.700       0.061     -42.885       0.058
Gaia DR3 4694084076943966080  31.3641576 -69.2471136 13.093  2.675       2.471  11.6260   7.8828    37.62      nan      nan   25.923  nan      nan    nan   2.932     nan                                None     -75.743      12.710     -62.675       0.037       9.303       0.035
Gaia DR3 4725749565147630080  37.5993056 -60.2956723 16.293  3.443       2.307   8.8321  11.6789    36.74      nan      nan   20.557  nan      nan    nan   1.195     nan                                None     -67.011     -21.442     -76.368       0.060     -17.923       0.052
Gaia DR3 4706804739282593024   5.3172235 -66.7346630 18.209  4.648       1.210  21.1412  15.4332    39.47      nan      nan   33.133  nan      nan    nan   1.089     nan                                None     -39.389      33.643     -39.099       0.143      25.195       0.150
Gaia DR3 4976046137307431680  10.4733889 -46.8362007 15.061  3.199       1.856  29.5460  19.2800    38.35      nan      nan   29.736  nan      nan    nan   1.154     nan                                None     -46.490     -58.568     -56.368       0.017     -64.713       0.022
Gaia DR3 4933912198895807104  20.4384056 -46.7147345 10.557  2.165       2.363  25.2838  21.0933    37.25      nan      nan   44.535  nan      nan    nan   1.143     nan                                None    -100.155     -99.252    -111.089       0.020     -79.954       0.025
Gaia DR3 5768506292485626112 232.3692886 -83.2515830 15.541  3.627       0.705  33.9731  22.0047    33.00      nan      nan   33.600  nan      nan    nan   1.098     nan                                None     131.044     -95.560     134.580       0.042     -99.089       0.040
Gaia DR3 4728088879215127424  43.3373449 -56.9768482 13.913  2.518       1.689   8.3745  22.7502    35.51      nan      nan   16.474  nan      nan    nan   1.298     nan                                None     -58.267     -29.252     -52.477       0.015     -30.182       0.018
Gaia DR3 6504201617257053056 341.1702889 -57.0862619 12.799  2.560       0.560  35.5342  22.8450    40.02      nan      nan   29.233  nan      nan    nan   1.554     nan                                None      18.773      -8.663      21.937       0.014     -10.048       0.019
Gaia DR3 4928699066374637056  17.2608558 -50.7190788 19.038  3.884       2.782  23.6609  23.6842    38.25      nan      nan   18.675  nan      nan    nan   1.069     nan                                None     -38.036     -29.552     -44.321       0.215     -20.584       0.228
Gaia DR3 4643797672129978752  40.1448644 -73.4839085 15.446  2.947       1.654  12.0572  24.1424    36.70      nan      nan   16.408  nan      nan    nan   1.082     nan                                None     -55.570      10.024     -50.351       0.032      12.364       0.033
Gaia DR3 6524290519331290752 358.8898859 -47.5968072 19.370  3.489       2.737  34.2514  24.1765    39.21      nan      nan   23.622  nan      nan    nan   1.072     nan                                None     -16.742     -39.963     -14.117       0.228     -53.340       0.325
Gaia DR3 5067926345443627648  35.8098538 -29.8702099  7.785  0.886       2.025  35.2600  24.2356    29.59      nan      nan   24.535  nan      nan    nan   1.087     nan                                None     -77.693    -117.133     -88.122       0.029    -118.084       0.026
Gaia DR3 4952856371924511360  37.7753109 -39.8448231 17.154  0.410       1.307  25.2532  24.5059    32.66      nan      nan   18.758  nan      nan    nan   1.007     nan                                None     -61.315     -69.246     -57.153       0.044     -72.311       0.057
Gaia DR3 5086434355956992896  54.3646979 -23.4849447 13.015  2.714       2.621  39.2893  25.1504    21.82      nan      nan   38.755  nan      nan    nan   1.196     nan                                None    -153.764    -228.769    -157.105       0.019    -249.920       0.020
Gaia DR3 5075659176363233920  41.7251780 -26.4469190 14.782  3.096       2.338  37.4387  25.3628    26.73      nan      nan   25.062  nan      nan    nan   1.297     nan                                None     -86.774    -132.595     -85.105       0.024    -120.356       0.025
Gaia DR3 4683964064547612160   6.6511125 -76.9364484 15.502  2.955       2.862  20.8905  25.5804    37.96      nan      nan   17.250  nan      nan    nan   0.988     nan                                None     -22.197      42.194     -16.642       0.041      50.997       0.032
Gaia DR3 6515783804023662336 343.2833085 -48.0330278 17.071  4.777       2.773  40.9938  25.6442    39.37      nan      nan   34.249  nan      nan    nan   1.087     nan                                None      16.501     -54.993      22.176       0.084     -74.194       0.116
Gaia DR3 5028912580514933248  20.8526945 -30.7602256 10.847  1.996       1.797  38.8847  25.6604    32.85      nan      nan   43.618  nan      nan    nan   1.153     nan                                None     -99.279    -188.044    -107.076       0.014    -173.473       0.014
Gaia DR3 6371660537113102976 321.9872339 -72.2879476 11.901  2.536       1.467  33.0099  25.7230    38.34      nan      nan   54.488  nan      nan    nan   1.286     nan                                None     110.728      81.582     120.823       0.016      68.083       0.019
Gaia DR3 5050842580449190400  45.2987742 -34.9823717 16.699  3.507       2.982  28.4991  25.7256    29.30      nan      nan   19.204  nan      nan    nan   1.097     nan                                None     -69.587     -86.843     -57.519       0.045     -87.198       0.058
Gaia DR3 6412958026349034880 329.4547537 -55.5784179 18.869  4.143       0.444  41.2804  26.2247    39.38      nan      nan   29.297  nan      nan    nan   1.077     nan                                None      44.233     -20.523      46.769       0.163     -19.488       0.172
Gaia DR3 4709653573910300288  11.3790311 -64.5419010 16.404  3.281       2.583  19.2441  26.2927    39.32      nan      nan   16.715  nan      nan    nan   0.986     nan                                None     -27.212       9.384     -26.867       0.041       0.288       0.040
Gaia DR3 6388335253719887104 349.3817358 -66.8371839 16.422  3.393       2.003  27.0675  26.3525    39.77      nan      nan   18.432  nan      nan    nan   1.456     nan                                None       0.294      21.772       4.649       0.063      28.225       0.066
Gaia DR3 5031184446416218880  15.2031489 -30.4898195 13.882  2.706       2.770  41.2290  27.1309    33.59      nan      nan   26.382  nan      nan    nan   1.191     nan                                None     -50.020    -111.843     -34.920       0.018    -108.794       0.027
Gaia DR3 4959921661846267776  23.7349142 -41.7197221 12.282  2.048       1.421  28.0850  28.6052    35.71      nan      nan   17.735  nan      nan    nan   1.416     nan                                None     -43.657     -53.108     -38.568       0.011     -51.590       0.013
Gaia DR3 4949953455067238656  35.9310676 -42.8372207 11.650  1.818       1.642  22.9555  28.6269    33.89      nan      nan   16.605  nan      nan    nan   2.811     nan                                None     -52.686     -54.071     -55.507       0.040     -59.081       0.050
Gaia DR3 6402494695743366144 328.5148258 -64.0452467 13.631  2.611       2.752  35.8893  28.7263    39.39      nan      nan   20.412  nan      nan    nan  26.411     nan                                None      32.192      10.357      21.090       0.225       6.233       0.295
Gaia DR3 4996217326656980480   3.1308966 -41.3076540 12.389  2.110       1.708  37.1547  29.1114    37.86      nan      nan   20.753  nan      nan    nan   1.494     nan                                None     -21.310     -54.581     -25.805       0.017     -48.609       0.019
Gaia DR3 5309974484478157696 139.2117744 -55.9317173 12.250  2.699       2.455  40.1424  29.1613    18.42      nan      nan   65.747  nan      nan    nan   1.178     nan                                None    -145.823    -473.023    -114.908       0.018    -458.821       0.017
Gaia DR3 4985941295279795200  13.4783072 -42.7005491 16.526  3.292       0.667  31.4617  29.3477    37.27      nan      nan   18.369  nan      nan    nan   0.951     nan                                None     -32.624     -47.893     -32.019       0.038     -50.406       0.041
Gaia DR3 6516282565692522880 342.9631096 -46.7767076  9.340  1.109       1.103  42.0827  29.6343    39.18      nan      nan   23.331  nan      nan    nan   1.050     nan                                None      11.809     -41.747      10.497       0.011     -47.010       0.018
Gaia DR3 6392131592491828096 338.8466736 -66.1158931 14.375    nan       1.717  31.1393  29.6447    39.69      nan      nan   18.135  nan      nan    nan   1.001     nan                                None      14.827      18.230       8.575       0.092      20.229       0.116
Gaia DR3 5588141992752796800 113.0312368 -36.1248748 11.837  2.592       0.687  43.7467  29.9579    11.00      nan      nan   65.267  nan      nan    nan   1.070     nan                                None    -238.864    -475.119    -244.914       0.016    -467.849       0.016
