GaiaDR3                               RA         DEC   Gmag  Bp-Rp  Voff(km/s) Sep(deg)   3D(pc) Vr(pred)  Vr(obs)    Vrerr Plx(mas)  SpT    FnuvJ  W1-W3    RUWE  XCrate                               RVsrc    PMRApred   PMDecpred        PMRA     PMRAerr       PMDec    PMDecerr
Gaia DR3 3613467311677116160 206.5823137 -11.5563558 12.445  1.059       0.000   0.0000   0.0000     1.32     1.32     0.88    4.460  nan      nan    nan   1.199     nan                            Gaia_DR3      10.419     -22.363      10.419       0.022     -22.363       0.019
Gaia DR3 3617849350846037376 203.7507208  -9.5190311 10.883  0.813       1.728   3.4496  15.0010    -0.06     7.95     1.60    4.341  nan      nan    nan   0.941     nan                            Gaia_DR3       9.972     -21.877      11.505       0.020     -21.491       0.010
Gaia DR3 3606462254377207168 205.0134650 -14.3670908 18.407  2.715       0.876   3.1996  15.0563     2.20      nan      nan    4.306  nan      nan    nan   1.057     nan                                None       9.970     -21.573      10.729       0.251     -21.807       0.213
Gaia DR3 3610067862242796416 202.6835678 -12.9924693 18.523  2.973       1.026   4.0712  15.9251     1.19      nan      nan    4.481  nan      nan    nan   1.070     nan                                None      10.221     -22.586       9.266       0.267     -22.756       0.138
Gaia DR3 3611229088256101120 201.6471588 -11.4429892 13.270  1.376       0.345   4.8374  19.0994     0.36      nan      nan    4.531  nan      nan    nan   1.586     nan                                None      10.261     -22.898      10.413       0.028     -22.605       0.017
Gaia DR3 6295727817422876544 209.0420885 -15.4180885 19.505  2.906       1.278   4.5422  19.8669     3.38      nan      nan    4.303  nan      nan    nan   1.132     nan                                None      10.177     -21.327       9.384       0.520     -20.482       0.449
Gaia DR3 3605295569461456512 205.7293727 -16.0103122 15.295  2.036       2.430   4.5303  20.7741     3.01      nan      nan    4.267  nan      nan    nan   0.973     nan                                None       9.920     -21.277       9.160       0.041     -23.326       0.036
Gaia DR3 6295594815171047808 208.0590439 -16.0780338 17.776  2.847       1.779   4.7435  21.5158     3.47      nan      nan    4.705  nan      nan    nan   0.954     nan                                None      11.077     -23.336      10.070       0.149     -24.785       0.130
Gaia DR3 3608502780455517056 201.2153162 -13.4420057 12.637  1.123       2.978   5.5684  22.3956     1.11   -20.66     7.01    4.377  nan      nan    nan   1.128     nan                            Gaia_DR3       9.881     -22.113       8.369       0.022     -24.407       0.015
Gaia DR3 3619761264127011200 209.5412259  -6.1739414 19.051  3.009       1.562   6.1246  23.9219    -0.34      nan      nan    4.488  nan      nan    nan   1.016     nan                                None      10.641     -22.464       9.202       0.362     -22.803       0.232
Gaia DR3 6300914836541718400 209.9647543 -15.6395548 15.535  2.213       2.949   5.2417  24.5362     3.65      nan      nan    4.767  nan      nan    nan   1.029     nan                                None      11.323     -23.568      14.269       0.042     -23.885       0.032
Gaia DR3 3603830435857695872 203.2640189 -16.8784966 18.802  3.132       2.512   6.2180  24.7188     2.92      nan      nan    4.581  nan      nan    nan   1.039     nan                                None      10.491     -22.931      12.227       0.276     -21.237       0.148
Gaia DR3 3632289919952904576 205.2150291  -6.1498212 19.057  3.298       2.506   5.5726  29.8759    -1.18      nan      nan    4.933  nan      nan    nan   0.952     nan                                None      11.436     -24.786      14.025       0.421     -25.084       0.237
