GaiaDR3                               RA         DEC   Gmag  Bp-Rp  Voff(km/s) Sep(deg)   3D(pc) Vr(pred)  Vr(obs)    Vrerr Plx(mas)  SpT    FnuvJ  W1-W3    RUWE  XCrate                               RVsrc    PMRApred   PMDecpred        PMRA     PMRAerr       PMDec    PMDecerr
Gaia DR3 1048109222955337600 160.7480882  60.9641164 13.673  1.564       0.000   0.0000   0.0000     2.54     2.54     1.04    4.663  nan      nan    nan   0.998     nan                            Gaia_DR3     -23.745     -21.154     -23.745       0.011     -21.154       0.014
Gaia DR3 1054184814972883072 162.6426333  62.0466076 18.251  3.008       1.097   1.4101   5.9368     1.75      nan      nan    4.725  nan      nan    nan   1.032     nan                                None     -24.704     -20.764     -24.943       0.106     -21.830       0.118
Gaia DR3 1049274189884621312 158.2637221  62.5039015 13.651  1.434       2.850   1.9375   7.6290     2.43    47.72     1.54    4.615  nan      nan    nan   1.012     nan                            Gaia_DR3     -22.631     -21.880     -19.873       0.011     -21.590       0.013
Gaia DR3 1048281841985472384 155.5356805  59.9529545 17.379  2.864       1.602   2.7608  10.5790     3.97      nan      nan    4.619  nan      nan    nan   1.040     nan                                None     -21.651     -22.688     -21.913       0.058     -24.226       0.084
Gaia DR3 1048563321258125696 154.9322711  60.7232360 15.986  2.399       2.200   2.8427  10.8312     3.77      nan      nan    4.714  nan      nan    nan   1.000     nan                                None     -21.862     -23.406     -22.804       0.025     -25.379       0.030
Gaia DR3 1058368869033362304 159.9736720  63.8442258 17.699  2.905       2.887   2.9023  10.8793     1.60      nan      nan    4.654  nan      nan    nan   1.011     nan                                None     -23.432     -21.498     -25.536       0.083     -19.601       0.082
Gaia DR3 1048563493056817408 154.9511700  60.7480668 10.541  0.740       2.409   2.8304  11.0407     3.76    -4.17     0.89    4.602  nan      nan    nan  11.854     nan                            Gaia_DR3     -21.348     -22.844     -23.636       0.119     -23.320       0.135
Gaia DR3 1055359226534194176 161.6589186  63.6617614 12.137  0.975       1.860   2.7306  11.5158     1.35    -7.51     0.80    4.787  nan      nan    nan   0.926     nan                            Gaia_DR3     -24.695     -21.464     -24.572       0.008     -23.336       0.011
 Gaia DR3 860550779981888384 163.7731063  58.8895590 18.993  3.251       1.525   2.5688  13.5273     2.64      nan      nan    4.469  nan      nan    nan   1.014     nan                                None     -23.722     -19.123     -23.419       0.151     -17.719       0.169
Gaia DR3 1052679377396036352 157.6332775  64.4220454 15.443  2.379       2.385   3.7405  14.0039     1.79   -19.01     6.29    4.687  nan      nan    nan   1.076     nan                            Gaia_DR3     -22.755     -22.518     -24.003       0.025     -20.519       0.030
Gaia DR3 1055358474914958592 161.6591158  63.6612896 17.535    nan       1.846   2.7301  14.5296     1.35      nan      nan    4.905  nan      nan    nan   1.131     nan                                None     -25.303     -21.992     -24.920       0.132     -23.862       0.125
Gaia DR3 1058523346121520256 163.0607169  64.6753351 18.506  2.835       1.747   3.8580  14.6135     0.72      nan      nan    4.725  nan      nan    nan   1.005     nan                                None     -24.846     -20.661     -23.263       0.138     -19.938       0.154
 Gaia DR3 860320294856873088 164.7628794  58.6323835 18.226  3.012       1.580   3.0837  14.6823     2.50      nan      nan    4.877  nan      nan    nan   1.006     nan                                None     -26.215     -20.471     -27.771       0.109     -20.007       0.120
Gaia DR3 1053280462362905472 154.9508598  63.5074631 18.210  2.955       0.667   3.7071  14.7382     2.62      nan      nan    4.566  nan      nan    nan   0.971     nan                                None     -21.183     -22.816     -21.213       0.099     -22.174       0.121
 Gaia DR3 861329646531691264 163.5740541  59.3815681 19.430  2.762       2.807   2.1163  15.1052     2.51      nan      nan    4.402  nan      nan    nan   1.079     nan                                None     -23.305     -18.926     -23.502       0.235     -16.329       0.269
Gaia DR3 1058502631494881152 162.9053276  64.6506583 17.992  2.798       2.653   3.8155  15.5782     0.75      nan      nan    4.814  nan      nan    nan   1.071     nan                                None     -25.262     -21.112     -27.486       0.108     -22.630       0.135
 Gaia DR3 853969519991282304 159.4832093  56.9167171 15.605  2.177       1.650   4.0995  15.6463     4.34      nan      nan    4.608  nan      nan    nan   1.018     nan                                None     -23.027     -21.106     -23.677       0.027     -19.640       0.026
 Gaia DR3 860822569807568896 167.0962497  59.4252277 16.766    nan       1.688   3.5087  15.6588     1.69      nan      nan    4.493  nan      nan    nan   2.136     nan                                None     -24.835     -18.030     -23.645       0.177     -16.962       0.535
Gaia DR3 1051894291734367872 152.0550040  61.5175320 14.998  2.182       1.164   4.2157  16.3538     3.96     2.52     3.87    4.583  nan      nan    nan   1.469     nan                            Gaia_DR3     -20.139     -23.715     -21.262       0.024     -23.786       0.030
 Gaia DR3 860968083300666112 169.0713015  60.3191140 17.995  3.052       1.782   4.1284  16.5025     0.94      nan      nan    4.551  nan      nan    nan   0.981     nan                                None     -25.715     -17.527     -24.854       0.084     -19.004       0.093
 Gaia DR3 853707458266150528 159.9974160  56.4257796 17.875  2.965       1.270   4.5550  17.0333     4.40      nan      nan    4.671  nan      nan    nan   1.013     nan                                None     -23.521     -21.181     -22.507       0.091     -20.450       0.080
Gaia DR3 1048863625370977792 157.9434487  61.3513183 17.180  2.634       2.231   1.4071  17.1622     2.95      nan      nan    5.049  nan      nan    nan   1.673     nan                                None     -24.636     -24.005     -26.721       0.086     -22.866       0.116
 Gaia DR3 855490934845908480 158.7610979  58.8071329 14.182  1.649       2.656   2.3760  17.5089     3.77     0.61     1.84    4.360  nan      nan    nan   1.062     nan                            Gaia_DR3     -21.550     -20.327     -21.230       0.012     -22.747       0.015
Gaia DR3 1050037628911216256 150.8793128  60.2912982 17.622  3.028       0.672   4.8822  18.3000     4.69      nan      nan    4.651  nan      nan    nan   2.038     nan                                None     -19.963     -24.340     -19.624       0.127     -24.904       0.177
 Gaia DR3 855012196315350016 157.6628728  57.9470363 15.095  2.147       1.053   3.3993  19.2869     4.34   -25.43    10.36    4.375  nan      nan    nan   1.590     nan                            Gaia_DR3     -21.250     -20.689     -21.941       0.029     -20.007       0.046
Gaia DR3 1050176682773100416 152.3583590  60.9414958 14.597  1.833       2.690   4.0707  19.3868     4.15     2.45     1.95    4.427  nan      nan    nan   1.322     nan                            Gaia_DR3     -19.569     -22.779     -20.521       0.017     -20.456       0.020
Gaia DR3 1058965452874892032 165.4821057  65.7347189 17.501  2.842       0.802   5.2184  19.5882    -0.11      nan      nan    4.723  nan      nan    nan   1.021     nan                                None     -25.613     -19.688     -26.405       0.067     -19.586       0.072
Gaia DR3 1055656644429783040 166.1201971  64.5218838 20.234  2.545       1.985   4.3224  19.6376     0.19      nan      nan    4.934  nan      nan    nan   1.001     nan                                None     -26.965     -20.296     -25.203       0.404     -19.220       0.413
Gaia DR3 1046648345663323648 151.5800279  58.4364048 19.116  3.352       2.182   5.2647  19.7266     5.36      nan      nan    4.652  nan      nan    nan   0.979     nan                                None     -20.254     -23.976     -18.309       0.160     -23.085       0.183
 Gaia DR3 862056909049613440 169.5031282  61.7069241 17.755  3.120       1.550   4.2614  19.7878     0.41      nan      nan    4.433  nan      nan    nan   0.977     nan                                None     -25.161     -16.921     -24.681       0.090     -18.287       0.123
Gaia DR3 1055516387977809152 163.5690984  64.5473655 18.055  2.997       2.190   3.8079  20.2017     0.67      nan      nan    4.380  nan      nan    nan   1.076     nan                                None     -23.188     -18.966     -21.410       0.111     -18.003       0.115
Gaia DR3 1058965452874892160 165.4769230  65.7358143 18.207  3.235       1.008   5.2185  20.6827    -0.11      nan      nan    4.839  nan      nan    nan   1.002     nan                                None     -26.240     -20.173     -25.604       0.117     -19.364       0.130
 Gaia DR3 857524374226524160 170.1583614  58.5036833 12.309  1.067       1.187   5.3364  21.9695     1.26    14.60     0.92    4.895  nan      nan    nan   0.996     nan                            Gaia_DR3     -27.971     -18.359     -28.029       0.009     -19.582       0.012
Gaia DR3 1051899686213260800 152.5289008  61.6647400 14.909  1.991       2.236   4.0041  22.4120     3.81   -16.17     3.91    5.070  nan      nan    nan   0.997     nan                            Gaia_DR3     -22.487     -26.084     -20.113       0.017     -26.359       0.019
 Gaia DR3 859346264993991424 171.6479224  59.8693113 19.676  0.158       0.457   5.4845  22.5502     0.48      nan      nan    4.901  nan      nan    nan   0.983     nan                                None     -28.419     -17.772     -28.018       0.248     -18.020       0.286
Gaia DR3 1065539231035487616 151.4686444  65.3664122 18.670  2.978       2.697   6.0652  22.8803     2.39      nan      nan    4.621  nan      nan    nan   0.954     nan                                None     -20.071     -24.304     -17.502       0.135     -23.754       0.149
Gaia DR3 1054130457866857088 161.7265360  61.4058134 15.794  2.465       2.255   0.6461  22.9303     2.17      nan      nan    5.219  nan      nan    nan   1.003     nan                                None     -26.945     -23.292     -27.884       0.026     -25.588       0.028
 Gaia DR3 853720858564098048 157.2432193  55.3777235  9.220  0.740       1.732   5.8822  23.0109     5.44    -1.45     0.14    4.843  nan      nan    nan   0.969     nan                            Gaia_DR3     -23.362     -22.821     -25.114       0.012     -23.054       0.014
 Gaia DR3 854423824451757568 161.6630025  57.6701928 16.068  2.511       2.625   3.3268  23.8850     3.56      nan      nan    5.163  nan      nan    nan   0.999     nan                                None     -26.633     -22.865     -27.554       0.025     -25.570       0.029
Gaia DR3 1056216334503787904 171.9765195  64.6678534 13.696  1.466       1.453   6.3128  24.0575    -1.03    -8.17     1.64    4.799  nan      nan    nan   1.045     nan                            Gaia_DR3     -27.918     -17.239     -26.763       0.014     -16.330       0.014
Gaia DR3 1056216334503787776 171.9748307  64.6658440 10.722  0.717       2.343   6.3112  24.0653    -1.03    -8.95     0.31    4.801  nan      nan    nan   1.210     nan                            Gaia_DR3     -27.927     -17.246     -26.437       0.014     -15.401       0.015
Gaia DR3 1053247889331511168 153.2102512  64.3915399 17.554  2.912       2.515   4.8642  24.1290     2.54      nan      nan    5.055  nan      nan    nan   1.010     nan                                None     -22.717     -25.932     -20.953       0.071     -23.914       0.089
Gaia DR3 1052402747141345920 159.2063414  63.6557338 18.866  3.170       1.810   2.7851  24.7602     1.81      nan      nan    5.216  nan      nan    nan   1.018     nan                                None     -25.955     -24.398     -27.456       0.164     -25.706       0.179
Gaia DR3 1046425286537378176 150.0791792  58.0018539 17.909 -0.181       2.760   6.1644  25.0212     5.83      nan      nan    4.485  nan      nan    nan   1.097     nan                                None     -18.931     -23.499     -20.111       0.103     -25.825       0.107
 Gaia DR3 849897444317995520 162.1379573  54.6310617 15.172  2.036       2.788   6.3758  25.4127     4.55    13.06     3.19    4.505  nan      nan    nan   1.001     nan                            Gaia_DR3     -23.393     -19.586     -25.474       0.022     -21.222       0.025
 Gaia DR3 861387821864159872 163.0538054  59.5374594 17.196  2.766       1.867   1.8285  25.8515     2.57      nan      nan    4.180  nan      nan    nan   1.001     nan                                None     -21.975     -18.147     -23.102       0.052     -16.949       0.053
Gaia DR3 1056027081064874752 166.8737048  65.4825692 18.111  2.934       1.105   5.2892  26.0094    -0.28      nan      nan    5.086  nan      nan    nan   0.997     nan                                None     -28.042     -20.587     -29.220       0.097     -20.712       0.127
Gaia DR3 1058646049042861056 159.4831299  64.5200259 16.913  2.626       1.806   3.6026  26.0936     1.43      nan      nan    5.217  nan      nan    nan   1.105     nan                                None     -26.072     -24.319     -27.845       0.048     -25.215       0.049
Gaia DR3 1046446928876961792 150.2305315  58.3257083 20.206  2.430       2.122   5.9249  26.0996     5.66      nan      nan    5.013  nan      nan    nan   1.072     nan                                None     -21.231     -26.257     -22.241       0.414     -24.253       0.493
 Gaia DR3 854435639905831552 161.6411300  57.6842743 17.348  2.908       1.920   3.3113  27.1596     3.56      nan      nan    5.266  nan      nan    nan   0.993     nan                                None     -27.155     -23.330     -27.588       0.048     -25.417       0.064
Gaia DR3 1047256306873990784 157.4280244  58.6607459 17.482  2.911       2.686   2.8440  27.3070     4.11      nan      nan    5.290  nan      nan    nan   0.985     nan                                None     -25.597     -25.165     -28.553       0.058     -25.649       0.069
Gaia DR3 1060207248181488384 166.1673656  67.7625187 16.951  2.675       0.581   7.1849  27.5427    -0.92      nan      nan    4.843  nan      nan    nan   0.995     nan                                None     -26.482     -19.880     -26.835       0.052     -19.404       0.065
 Gaia DR3 843544053816275584 167.6340057  54.6449214 16.718  2.509       0.828   7.2982  27.5511     3.13      nan      nan    4.794  nan      nan    nan   1.014     nan                                None     -26.665     -18.827     -26.516       0.046     -18.004       0.054
Gaia DR3 1047529947830240128 156.6319551  59.3219945 19.309  2.810       1.442   2.6251  27.6001     4.01      nan      nan    4.167  nan      nan    nan   0.999     nan                                None     -19.897     -20.099     -20.888       0.169     -20.888       0.198
Gaia DR3 1065900111365927552 155.1649439  66.4985490 19.507  2.568       2.204   6.0555  27.6207     1.35      nan      nan    4.365  nan      nan    nan   1.019     nan                                None     -20.326     -21.837     -22.272       0.239     -22.408       0.225
Gaia DR3 1060449110672900480 164.1736923  68.4150081 12.797  1.179       1.603   7.5906  28.3556    -0.82     9.54     1.32    4.676  nan      nan    nan   1.084     nan                            Gaia_DR3     -24.948     -20.001     -24.538       0.012     -21.528       0.013
Gaia DR3 1049886136825283456 148.0417864  60.0251002 19.004  3.062       2.938   6.3177  28.5662     5.30      nan      nan    5.075  nan      nan    nan   1.073     nan                                None     -20.492     -27.443     -18.993       0.151     -30.206       0.185
Gaia DR3 1064778643866331008 146.5800202  65.1115699 12.831  1.215       2.129   7.6206  29.0414     3.21    -0.34     0.60    4.839  nan      nan    nan   1.068     nan                            Gaia_DR3     -18.885     -26.987     -20.627       0.011     -25.691       0.014
Gaia DR3 1063082677244309888 144.5768334  61.8736129 18.774  3.025       2.756   7.7691  29.1509     4.99      nan      nan    4.639  nan      nan    nan   0.972     nan                                None     -17.228     -26.200     -15.369       0.139     -24.248       0.180
 Gaia DR3 844164380236605824 168.6795032  55.4679553 18.081  3.058       2.276   6.8936  29.3371     2.59      nan      nan    5.030  nan      nan    nan   1.059     nan                                None     -28.299     -19.375     -29.417       0.083     -21.514       0.107
Gaia DR3 1044939532795398016 150.0397636  55.4256927 18.744  3.038       2.065   7.8892  29.4412     6.95      nan      nan    4.693  nan      nan    nan   1.030     nan                                None     -19.795     -24.318     -21.038       0.161     -25.939       0.178
 Gaia DR3 849846415810450816 161.7027690  54.1412590 19.594  3.091       2.858   6.8419  29.7365     4.84      nan      nan    4.383  nan      nan    nan   1.060     nan                                None     -22.625     -19.161     -20.555       0.273     -17.521       0.318
Gaia DR3 1060969214032887040 168.3327212  67.8991678 17.370  2.814       1.226   7.6559  29.8532    -1.34      nan      nan    4.521  nan      nan    nan   1.026     nan                                None     -25.340     -17.680     -24.173       0.072     -17.629       0.067
 Gaia DR3 862019560014045312 168.8043005  61.3386201 16.119  2.482       2.490   3.9026  29.9150     0.68      nan      nan    4.166  nan      nan    nan   1.260     nan                                None     -23.469     -16.150     -24.665       0.039     -17.981       0.042
Gaia DR3 1049716434077046784 146.0475595  59.0461217 15.729  2.266       2.851   7.5773  29.9523     6.07      nan      nan    4.496  nan      nan    nan   1.072     nan                                None     -17.320     -24.749     -14.931       0.024     -23.487       0.033
