GaiaDR3                               RA         DEC   Gmag  Bp-Rp  Voff(km/s) Sep(deg)   3D(pc) Vr(pred)  Vr(obs)    Vrerr Plx(mas)  SpT    FnuvJ  W1-W3    RUWE  XCrate                               RVsrc    PMRApred   PMDecpred        PMRA     PMRAerr       PMDec    PMDecerr
Gaia DR3 4906145613282734208   5.6185190 -59.9425900 12.074  0.770       0.000   0.0000   0.0000     0.21     0.21     0.75    2.912  nan      nan    nan   0.935     nan                            Gaia_DR3     -22.340      -5.039     -22.340       0.010      -5.039       0.011
Gaia DR3 4906254323199006720   6.5736633 -59.5389793 19.236  2.578       2.801   0.6281  10.9629    -0.15      nan      nan    2.828  nan      nan    nan   1.010     nan                                None     -21.618      -5.204     -19.962       0.218      -4.990       0.236
Gaia DR3 4906145608987769216   5.6170623 -59.9406647 19.032  2.641       2.137   0.0021  20.4277     0.21      nan      nan    3.096  nan      nan    nan   1.020     nan                                None     -23.753      -5.357     -22.363       0.177      -5.478       0.222
Gaia DR3 4904712189421622656   0.7590151 -62.3771925 19.463  2.780       0.813   3.3779  21.1943     2.00      nan      nan    2.865  nan      nan    nan   1.065     nan                                None     -22.253      -3.284     -22.212       0.316      -3.773       0.265
Gaia DR3 4900924921619719680   7.4097825 -63.0835146 18.600  2.684       4.893   3.2547  22.1465     0.15      nan      nan    2.830  nan      nan    nan   0.983     nan                                None     -21.569      -5.486     -20.819       0.132      -8.307       0.140
Gaia DR3 4902609721326874240  11.8972299 -61.6334141 19.398  2.507       1.880   3.4978  22.5546    -1.41      nan      nan    2.848  nan      nan    nan   1.035     nan                                None     -21.258      -7.003     -21.290       0.290      -8.131       0.263
Gaia DR3 4919531407141505536   3.8781326 -56.5009069 19.345  2.716       3.253   3.5613  22.6583     0.33      nan      nan    2.985  nan      nan    nan   1.044     nan                                None     -23.017      -4.581     -21.410       0.243      -5.849       0.249
Gaia DR3 4906221234771513216   5.8350291 -59.4323533 19.397  2.682       1.723   0.5218  23.7188     0.07      nan      nan    2.726  nan      nan    nan   1.011     nan                                None     -20.894      -4.785     -20.344       0.264      -3.962       0.287
Gaia DR3 4904517850741540608   0.6350469 -62.6293324 19.290  2.783       3.834   3.5968  24.3823     2.06      nan      nan    3.019  nan      nan    nan   0.961     nan                                None     -23.455      -3.410     -21.030       0.227      -3.677       0.236
Gaia DR3 6488135686494670720 357.8518108 -60.6421843 19.028  2.807       1.478   3.9096  25.4550     2.75      nan      nan    2.836  nan      nan    nan   0.936     nan                                None     -22.123      -2.309     -22.981       0.175      -2.524       0.181
Gaia DR3 4919006806951492096   6.4592954 -56.6473119 16.883  2.169       2.482   3.3247  27.3804    -0.55      nan      nan    2.766  nan      nan    nan   1.027     nan                                None     -21.152      -5.044     -21.297       0.051      -3.604       0.059
Gaia DR3 4902204929249220608  11.1725458 -62.9617379 15.747  1.814       2.678   4.0172  27.7921    -0.94      nan      nan    2.805  nan      nan    nan   1.059     nan                                None     -21.019      -6.679     -20.608       0.038      -8.208       0.032
Gaia DR3 4901282988749358336   3.6862907 -63.2465276 13.961  1.136       2.509   3.4290  28.0223     1.24     0.56     2.13    2.764  nan      nan    nan   0.897     nan                            Gaia_DR3     -21.326      -4.126     -22.533       0.015      -4.951       0.015
Gaia DR3 4901574324970993792   4.1657697 -62.4494642 18.869  2.932       2.977   2.6026  28.4256     1.00      nan      nan    3.132  nan      nan    nan   1.007     nan                                None     -24.137      -4.867     -25.794       0.175      -5.925       0.181
Gaia DR3 4920227329281653120   9.7311185 -56.7311456 18.274  2.787       4.501   3.8680  30.2330    -1.67      nan      nan    3.094  nan      nan    nan   1.026     nan                                None     -23.348      -6.767     -23.108       0.127      -3.840       0.118
Gaia DR3 4710104128863351040  13.8935381 -62.8026948 12.269  0.753       2.561   4.8828  30.3608    -1.74    19.87     0.97    2.854  nan      nan    nan   1.587     nan                            Gaia_DR3     -21.061      -7.690     -19.619       0.017      -7.147       0.018
Gaia DR3 4902612848063106176  11.8341083 -61.5860447 19.249  2.855       2.762   3.4501  31.1255    -1.41      nan      nan    3.130  nan      nan    nan   1.032     nan                                None     -23.370      -7.672     -25.038       0.272      -6.937       0.210
Gaia DR3 4900662928615058304   9.3863619 -63.5086029 19.763  2.755       4.366   3.9862  31.7863    -0.34      nan      nan    3.110  nan      nan    nan   1.067     nan                                None     -23.503      -6.756     -20.700       0.392      -6.175       0.299
Gaia DR3 4923122205959454592   4.8683653 -54.7984462 18.238  2.461       4.496   5.1599  32.0888    -0.25      nan      nan    3.001  nan      nan    nan   0.977     nan                                None     -23.073      -4.936     -25.568       0.088      -6.301       0.104
Gaia DR3 6494248764986201216 359.0681735 -59.6689945 18.808  2.879       4.005   3.3044  32.8814     2.29      nan      nan    3.159  nan      nan    nan   1.055     nan                                None     -24.606      -3.054     -21.954       0.167      -2.771       0.189
Gaia DR3 6488604391981178112 354.7977359 -61.2799842 17.842  2.380       3.856   5.4689  33.1159     3.75      nan      nan    2.883  nan      nan    nan   1.341     nan                                None     -22.519      -1.276     -23.701       0.162      -3.300       0.257
Gaia DR3 6488600917352344832 355.0260590 -61.4239193 19.572  2.840       3.576   5.3870  33.1889     3.68      nan      nan    2.859  nan      nan    nan   1.033     nan                                None     -22.334      -1.338     -24.337       0.359      -0.541       0.367
Gaia DR3 4919992828363658752   4.2628034 -55.8458523 11.378  0.957       4.852   4.1594  34.9455     0.11      nan      nan    3.145  nan      nan    nan   5.552     nan                                None     -24.229      -4.965     -23.992       0.169      -1.757       0.280
Gaia DR3 4919537321311877888   3.0767520 -56.6498411 17.352  2.290       3.144   3.5527  36.3837     0.63      nan      nan    2.687  nan      nan    nan   1.048     nan                                None     -20.764      -3.881     -22.042       0.068      -2.642       0.074
Gaia DR3 4907523468855218688  12.9068567 -57.8852489 19.832  2.469       4.779   4.2855  37.3739    -2.50      nan      nan    2.706  nan      nan    nan   1.014     nan                                None     -20.081      -6.886     -20.265       0.340      -4.166       0.376
Gaia DR3 4707632564163556992   4.1020917 -66.1482302 18.596  2.795       4.781   6.2431  37.7445     1.49      nan      nan    2.883  nan      nan    nan   0.980     nan                                None     -22.221      -4.409     -23.169       0.161      -7.156       0.190
Gaia DR3 4922906976558466560   3.4830171 -55.0608434 19.464  2.477       4.864   5.0141  38.1338     0.29      nan      nan    2.735  nan      nan    nan   0.981     nan                                None     -21.118      -4.083     -19.109       0.215      -2.125       0.240
Gaia DR3 4902725444925621760  13.4515004 -60.6249502 19.750  2.704       1.820   3.9399  38.7830    -2.09      nan      nan    3.207  nan      nan    nan   1.099     nan                                None     -23.729      -8.431     -23.740       0.356      -7.200       0.431
Gaia DR3 4707586075437281920   4.4605045 -66.4551040 18.597  2.663       3.979   6.5331  39.4637     1.44      nan      nan    2.980  nan      nan    nan   1.010     nan                                None     -22.943      -4.683     -25.279       0.165      -3.793       0.174
Gaia DR3 4904840145087773952   2.1257795 -61.3445279 18.647  2.599       3.762   2.2125  39.7529     1.48      nan      nan    2.627  nan      nan    nan   1.046     nan                                None     -20.354      -3.458     -20.249       0.161      -1.377       0.160
Gaia DR3 4902180087158367744  10.9550988 -63.0793309 18.494  2.938       1.678   4.0370  39.7934    -0.86      nan      nan    3.216  nan      nan    nan   1.027     nan                                None     -24.124      -7.576     -23.363       0.146      -6.730       0.127
