GaiaDR3                               RA         DEC   Gmag  Bp-Rp  Voff(km/s) Sep(deg)   3D(pc) Vr(pred)  Vr(obs)    Vrerr Plx(mas)  SpT    FnuvJ  W1-W3    RUWE  XCrate                               RVsrc    PMRApred   PMDecpred        PMRA     PMRAerr       PMDec    PMDecerr
Gaia DR3 4620009665047355520  37.1979766 -80.8991015 12.768  2.575       0.000   0.0000   0.0000    14.63      nan      nan   26.827  nan      nan    nan   1.475     nan                                None     159.965      27.171     159.965       0.022      27.171       0.022
Gaia DR3 5194732707942826496 112.6967051 -82.4362325 12.084  2.293       2.439  10.2524   6.8692    17.40      nan      nan   26.000  nan      nan    nan   1.497     nan                                None       1.361     148.518      -9.955       0.023     155.631       0.025
Gaia DR3 4692269642240299776  19.9376293 -68.7128491 15.081  3.312       2.930  12.8693   8.5688    12.15      nan      nan   29.222  nan      nan    nan   3.947     nan                                None     179.308     -40.104     197.049       0.103     -36.769       0.107
Gaia DR3 6357002092906608512 338.1407550 -76.9395144 14.941  3.327       0.604  11.4067  10.3993     8.67      nan      nan   34.240  nan      nan    nan   1.162     nan                                None     148.685    -167.397     144.478       0.028    -166.249       0.028
Gaia DR3 5765467482863792768 241.1093776 -87.4071104 14.387  2.954       0.895  11.5189  11.3504    12.86      nan      nan   22.176  nan      nan    nan   1.203     nan                                None    -107.507     -86.577    -110.153       0.022     -83.336       0.020
Gaia DR3 6369133825033348224 319.4012318 -74.5648058 11.463  2.274       1.527  16.1172  11.3648     6.23      nan      nan   24.685  nan      nan    nan  18.679     nan                                None      67.021    -150.162      65.898       0.283    -158.027       0.293
Gaia DR3 6387813329294043520 352.7555939 -69.0869062  8.854  1.243       1.606  15.7038  11.5456     7.52      nan      nan   33.034  nan      nan    nan   1.003     nan                                None     175.055    -130.089     185.658       0.013    -126.527       0.015
Gaia DR3 6387813363653800448 352.7641731 -69.0772847  6.952  0.759       1.582  15.7114  11.5577     7.51      nan      nan   33.053  nan      nan    nan   1.107     nan                                None     175.173    -130.149     183.278       0.020    -122.678       0.022
Gaia DR3 6361384535800070144 303.4360201 -80.4651268 14.854  3.034       2.391  13.5780  12.1005     8.75      nan      nan   22.426  nan      nan    nan   2.304     nan                                None      24.528    -144.476      26.973       0.109    -133.441       0.161
Gaia DR3 5267405895350690304 107.1872549 -70.4984475  3.499  1.236       2.290  18.4074  12.9860    22.57      nan      nan   24.477  nan      nan    nan   2.423     nan                                None      15.718     117.440      23.620       0.154     108.653       0.170
Gaia DR3 6369133829329588352 319.4004877 -74.5672923 13.090  2.829       1.223  16.1152  13.0077     6.24      nan      nan   22.886  nan      nan    nan  15.073     nan                                None      62.134    -139.217      62.593       0.185    -145.099       0.196
Gaia DR3 5265069360124273536  91.4515862 -73.9555463 12.355  2.285       1.413  12.9698  13.1732    20.63      nan      nan   21.505  nan      nan    nan   1.523     nan                                None      48.939     100.832      42.763       0.045     102.530       0.049
Gaia DR3 5771258644968448256 210.1705434 -82.2262950 14.909  3.136       0.753  16.8429  13.8169    13.08      nan      nan   22.576  nan      nan    nan   0.964     nan                                None    -137.720     -25.535    -137.784       0.021     -21.953       0.025
Gaia DR3 4700296214561766144  38.5370216 -63.3898640 14.282  2.613       2.619  17.5129  14.1685    15.69      nan      nan   22.622  nan      nan    nan   1.149     nan                                None     134.072       3.659     131.494       0.019      15.879       0.018
Gaia DR3 5267405964069463680 107.1766901 -70.4966139  5.594  0.597       0.837  18.4074  14.5700    22.57      nan      nan   22.750  nan      nan    nan  10.064     nan                                None      14.634     109.146      11.069       0.437     107.302       0.577
Gaia DR3 5780799416601562496 244.5966673 -76.5614360 15.655  3.584       1.776  21.9149  14.8694     8.83      nan      nan   25.106  nan      nan    nan   1.011     nan                                None    -115.721    -116.113    -106.908       0.034    -119.386       0.044
Gaia DR3 6416270751806848512 295.3988454 -72.4467500  8.956  1.069       1.109  21.3018  15.2226     4.27      nan      nan   23.991  nan      nan    nan   0.872     nan                                None       5.696    -161.359       0.159       0.009    -160.459       0.011
Gaia DR3 4624764296923659648  75.2547186 -77.0964859 18.397  4.231       1.155   7.9914  15.2464    18.47      nan      nan   19.511  nan      nan    nan   1.064     nan                                None      73.710      79.616      78.345       0.166      78.574       0.189
Gaia DR3 6420588087293438976 293.7904441 -69.9763647  7.733  0.821       1.061  23.7708  15.5608     2.88      nan      nan   26.205  nan      nan    nan   0.995     nan                                None       1.703    -177.209      -4.040       0.014    -176.046       0.018
Gaia DR3 6421013254696711296 284.0015105 -70.6967450 14.941  3.221       0.967  24.3135  15.5904     3.41      nan      nan   27.241  nan      nan    nan   1.070     nan                                None     -26.718    -181.975     -32.075       0.020    -180.513       0.024
Gaia DR3 5196110606467412864 125.9707875 -81.9734306 14.082  2.561       1.864  11.9825  15.8563    17.52      nan      nan   19.879  nan      nan    nan   1.176     nan                                None     -27.039     109.965     -28.281       0.020     102.255       0.018
Gaia DR3 6396236859672379008 330.0793122 -68.0066896 11.615  2.490       2.825  20.1844  16.0724     3.96      nan      nan   39.449  nan      nan    nan   1.283     nan                                None     145.553    -222.434     137.383       0.016    -200.403       0.019
Gaia DR3 6418732764501078784 283.8107162 -71.2518011 13.201  2.996       2.227  23.8171  16.1642     3.72      nan      nan   35.446  nan      nan    nan   1.357     nan                                None     -35.482    -236.421     -46.440       0.012    -248.946       0.018
Gaia DR3 6370853602954758272 321.3635880 -73.1833711 14.150  2.790       0.663  16.9844  16.4216     5.67      nan      nan   20.858  nan      nan    nan   1.220     nan                                None      60.535    -125.585      62.255       0.014    -123.231       0.016
Gaia DR3 5482185145257567232  93.7286494 -60.6553427 11.499  2.056       2.341  25.3830  16.6524    25.39      nan      nan   26.065  nan      nan    nan   1.005     nan                                None      53.358      94.791      43.998       0.019      85.966       0.018
Gaia DR3 5287064510419675776 105.9095199 -61.5704478 18.692  4.664       1.992  26.4051  16.8183    25.79      nan      nan   27.606  nan      nan    nan   1.048     nan                                None      21.485     110.061       9.904       0.210     109.502       0.188
Gaia DR3 4757301941103536000  80.2107927 -63.4159680 13.654  2.693       1.069  20.8076  17.0397    23.18      nan      nan   21.945  nan      nan    nan   1.199     nan                                None      73.403      72.833      69.183       0.019      75.408       0.018
Gaia DR3 4616276930446765824   7.5722184 -86.2321311  9.465  1.030       0.884   6.1137  17.9898    13.14      nan      nan   18.311  nan      nan    nan   0.929     nan                                None     108.387     -33.696     108.091       0.016     -30.294       0.013
Gaia DR3 5202659778759682048 151.9305488 -77.8111427 11.619  1.866       0.618  17.9771  18.0438    18.17      nan      nan   20.261  nan      nan    nan   0.945     nan                                None     -77.932      82.578     -75.881       0.015      84.236       0.012
Gaia DR3 6356860393345181952 336.8747524 -77.7182028 14.119  1.717       1.222  11.0467  18.3632     8.89      nan      nan   18.691  nan      nan    nan   2.092     nan                                None      79.347     -92.637      74.627       0.270     -91.690       0.287
Gaia DR3 4723828890132788992  49.5300014 -59.3843477 14.431  2.818       2.365  21.8033  18.8224    18.36      nan      nan   21.114  nan      nan    nan   1.143     nan                                None     116.288      18.519     119.779       0.020       8.586       0.020
Gaia DR3 6394241555306538240 343.7950205 -63.1756999 14.144 -0.252       2.752  22.5248  18.8790     3.87      nan      nan   21.376  nan      nan    nan   1.068     nan                                None     101.531    -102.242     109.367       0.023     -92.632       0.024
Gaia DR3 6356860393345181824 336.8804460 -77.7183348  7.648  0.692       0.482  11.0457  18.9126     8.89      nan      nan   18.485  nan      nan    nan   0.966     nan                                None      78.482     -91.610      76.782       0.022     -92.412       0.022
Gaia DR3 5194066717430657792  93.7897426 -84.6492322 15.323  3.153       1.091   7.5937  19.0452    16.19      nan      nan   18.068  nan      nan    nan   1.073     nan                                None      36.875      99.421      41.029       0.028      99.338       0.032
Gaia DR3 6418406690583059712 282.2223361 -72.5606997 14.415  2.997       1.276  22.7784  19.2874     4.48      nan      nan   21.202  nan      nan    nan   1.167     nan                                None     -24.780    -140.392     -30.169       0.016    -138.525       0.021
Gaia DR3 5270707831848146944 116.0860788 -69.5105976  8.619  0.973       2.132  20.6722  19.6107    23.00      nan      nan   20.236  nan      nan    nan   0.919     nan                                None      -6.295      95.904       2.391       0.012      93.211       0.015
Gaia DR3 6400051752705452544 321.0568932 -67.5698981 15.393  3.240       1.317  22.0028  19.9375     2.82      nan      nan   20.496  nan      nan    nan   1.100     nan                                None      58.888    -125.502      53.540       0.026    -127.447       0.030
Gaia DR3 5208911047821367296 120.6485834 -79.2419322 12.612  2.279       1.683  13.2387  20.2577    18.84      nan      nan   18.296  nan      nan    nan   7.533     nan                                None     -14.607      99.673     -13.708       0.092      93.243       0.085
Gaia DR3 5223796927729858816 137.2879688 -67.9944648 19.477  3.471       2.841  25.1642  20.2613    22.65      nan      nan   21.571  nan      nan    nan   1.115     nan                                None     -54.139      88.863     -57.994       0.328      76.533       0.274
Gaia DR3 5794951810577913216 235.0780367 -71.5683367  9.256  1.105       2.665  27.2317  20.5515     8.12      nan      nan   22.417  nan      nan    nan   0.879     nan                                None    -116.974     -89.517    -105.408       0.009     -84.535       0.011
Gaia DR3 5772759096086560640 219.8937524 -80.8108540 14.633  2.943       0.702  18.2849  20.8169    12.17      nan      nan   19.006  nan      nan    nan   1.170     nan                                None    -111.875     -41.914    -112.003       0.020     -39.106       0.026
Gaia DR3 6487693790194944128 358.6747227 -61.5869974 11.936  2.598       2.120  21.9745  21.1245     6.29      nan      nan   53.465  nan      nan    nan   1.358     nan                                None     298.979    -193.333     278.764       0.022    -180.588       0.022
Gaia DR3 5800510224109658240 225.0143494 -67.5558434 17.693  4.297       2.333  31.4836  21.2036     8.51      nan      nan   24.881  nan      nan    nan   1.103     nan                                None    -141.950     -79.975    -133.629       0.074     -71.005       0.110
Gaia DR3 5269380721313848576 122.7079292 -71.1260831 14.529  2.917       0.720  20.2276  21.5141    22.24      nan      nan   19.156  nan      nan    nan   1.098     nan                                None     -19.478      91.975     -17.028       0.019      93.543       0.018
Gaia DR3 6401084400282291200 317.0567309 -66.3806355 12.161  2.203       2.081  23.7169  22.2593     1.86      nan      nan   19.770  nan      nan    nan   1.292     nan                                None      49.173    -124.669      44.172       0.011    -131.758       0.014
Gaia DR3 5864837701762139776 201.3064296 -64.4852449  5.204  0.564       1.641  34.3521  22.2655    12.76      nan      nan   26.263  nan      nan    nan   0.762     nan                                None    -161.321     -27.882    -154.830       0.053     -21.523       0.073
Gaia DR3 5864837697361427072 201.3029174 -64.4792218 13.009  2.556       2.558  34.3580  22.3206    12.76      nan      nan   26.156  nan      nan    nan   1.122     nan                                None    -160.665     -27.767    -148.415       0.014     -20.781       0.017
Gaia DR3 6419363540577655552 280.0789650 -71.7574849 15.771  3.264       2.535  23.7640  22.3402     4.11      nan      nan   19.743  nan      nan    nan   1.041     nan                                None     -27.512    -130.075     -16.995       0.027    -129.221       0.033
Gaia DR3 4798732668801919360  83.3407384 -47.0886923  8.924  1.216       1.160  37.0789  22.5019    27.23      nan      nan   32.414  nan      nan    nan   1.005     nan                                None      99.137      62.847     100.736       0.014      55.082       0.015
Gaia DR3 4703216410071320832   2.9731987 -69.3542412 20.671  2.490       2.727  14.0437  22.5891     9.26      nan      nan   17.587  nan      nan    nan   1.095     nan                                None     101.430     -52.844      92.720       1.707     -47.708       1.249
Gaia DR3 5848941306174999424 222.0323937 -65.9007076  8.685  1.066       1.786  33.1761  22.8032     8.65      nan      nan   24.159  nan      nan    nan   0.932     nan                                None    -140.513     -72.260    -144.540       0.009     -80.417       0.015
Gaia DR3 4810476659874420352  77.1855460 -45.5020217 11.273  2.401       2.264  37.8858  22.9475    26.28      nan      nan   32.229  nan      nan    nan   1.102     nan                                None     116.422      49.092     117.150       0.018      33.729       0.021
Gaia DR3 4836664278068407680  55.7911765 -43.5368701 15.082  3.619       1.786  37.9237  23.0122    20.81      nan      nan   31.680  nan      nan    nan   8.765     nan                                None     164.015       5.973     174.007       0.229      -0.547       0.303
Gaia DR3 6427793736746396672 294.2390111 -67.4090555 13.131  2.334       2.531  26.1007  23.0949     1.44      nan      nan   20.106  nan      nan    nan   1.115     nan                                None       2.274    -136.365       8.408       0.008    -127.565       0.011
Gaia DR3 4621748890580775040  79.1756234 -80.8198196 11.045  1.574       1.686   6.5242  23.1959    17.36      nan      nan   16.711  nan      nan    nan   4.076     nan                                None      57.444      76.349      63.357       0.062      75.798       0.070
Gaia DR3 4814461079558759552  71.4137444 -43.8970187  8.608  1.165       2.579  38.8412  23.4551    25.15      nan      nan   32.332  nan      nan    nan   1.017     nan                                None     132.369      35.500     139.610       0.014      19.480       0.018
Gaia DR3 6638134365589225344 282.7285642 -55.7547167 13.686  2.840       2.854  38.7979  23.6404    -4.81      nan      nan   30.577  nan      nan    nan   1.278     nan                                None     -34.104    -202.432     -51.233       0.014    -195.726       0.012
Gaia DR3 6472232212871226240 303.6476766 -54.5171821 14.085  3.018       1.091  37.0269  23.9131    -5.49      nan      nan   26.314  nan      nan    nan   2.543     nan                                None      29.368    -173.590      27.221       0.136    -179.251       0.128
Gaia DR3 5779453442570694656 234.5877267 -78.0565675 11.016  1.538       1.073  20.8043  23.9249    10.25      nan      nan   18.257  nan      nan    nan   0.944     nan                                None     -95.769     -68.106     -96.963       0.012     -64.151       0.012
Gaia DR3 5849280505494491264 216.9461706 -66.5021363 14.569  2.932       2.507  32.5987  24.0332     9.79      nan      nan   22.419  nan      nan    nan   1.135     nan                                None    -133.827     -55.861    -125.295       0.015     -47.642       0.021
Gaia DR3 4621599047761938688  78.9837606 -81.0717358  9.437  0.966       1.784   6.4085  24.1046    17.26      nan      nan   16.451  nan      nan    nan   0.945     nan                                None      56.831      75.238      62.977       0.013      75.955       0.016
Gaia DR3 4957985696747200256  30.6887340 -40.9511483  8.713  1.202       2.248  40.0166  24.3326    11.84      nan      nan   30.545  nan      nan    nan   0.903     nan                                None     186.116     -50.528     177.415       0.010     -62.096       0.012
Gaia DR3 4957985696747200512  30.7009107 -40.9471506 13.340  2.803       2.036  40.0204  24.3414    11.85      nan      nan   30.509  nan      nan    nan   1.382     nan                                None     185.892     -50.447     179.694       0.013     -61.981       0.015
Gaia DR3 4987736729049009024  16.8972765 -41.7666006 13.257  2.616       2.477  39.7931  24.3814     6.74      nan      nan   29.701  nan      nan    nan   1.498     nan                                None     181.441     -77.266     186.708       0.013     -62.678       0.013
Gaia DR3 6428064697644127360 293.4649259 -66.8089039 14.015  2.657       2.012  26.7680  24.7359     1.11      nan      nan   19.437  nan      nan    nan   1.160     nan                                None       0.584    -131.899      -2.098       0.010    -139.694       0.015
Gaia DR3 5778945223380267648 243.6150951 -78.0850969 11.090  1.552       1.069  20.4641  25.0668     9.49      nan      nan   17.750  nan      nan    nan   0.861     nan                                None     -83.040     -79.803     -85.267       0.012     -76.480       0.012
Gaia DR3 4929504325499059840  20.7247699 -49.8717972 14.544  2.836       2.554  31.4894  25.1256     9.66      nan      nan   20.979  nan      nan    nan   1.179     nan                                None     128.814     -43.262     134.719       0.018     -52.893       0.020
Gaia DR3 6475208492064361216 307.3350156 -51.4962455 14.365  3.081       1.719  39.3803  25.2213    -6.88      nan      nan   26.614  nan      nan    nan   1.139     nan                                None      39.986    -171.947      39.893       0.024    -162.304       0.023
Gaia DR3 5311011770618920832 137.7915424 -55.0312170  9.248  1.189       2.763  37.5819  25.3468    26.40      nan      nan   24.541  nan      nan    nan   0.801     nan                                None     -62.802      71.770     -48.919       0.013      68.375       0.010
Gaia DR3 4931155036049677312  24.3667062 -45.9741061 14.836  3.766       2.040  35.1988  25.3723    10.26      nan      nan   22.751  nan      nan    nan  27.169     nan                                None     139.794     -43.570     136.640       0.617     -34.306       0.699
Gaia DR3 5489939725890739072 107.7497624 -56.5496294 12.200  2.221       1.796  31.4726  25.3941    27.40      nan      nan   20.788  nan      nan    nan   2.257     nan                                None      12.101      73.040       8.859       0.027      65.867       0.029
Gaia DR3 6473160651658069120 300.5564881 -54.4338192 15.487  4.318       1.545  37.5743  25.4884    -5.67      nan      nan   55.517  nan      nan    nan   0.984     nan                                None      43.778    -368.465      61.574       0.046    -365.254       0.041
Gaia DR3 5347831082126227712 165.9817302 -52.9771013 10.915  2.004       2.974  43.2236  25.5409    21.53      nan      nan   35.772  nan      nan    nan   1.017     nan                                None    -175.109      43.951    -173.525       0.014      66.325       0.013
Gaia DR3 5836174636208941184 240.6172928 -56.8549951  6.403  0.658       2.611  41.6352  25.8053     1.78      nan      nan   28.482  nan      nan    nan   0.718     nan                                None    -138.997    -134.039    -146.363       0.020    -120.199       0.016
Gaia DR3 5489939730188462464 107.7493155 -56.5494298 14.332    nan       2.416  31.4728  25.8085    27.40      nan      nan   20.516  nan      nan    nan   0.992     nan                                None      11.943      72.084       3.628       0.159      65.758       0.173
Gaia DR3 6568464361047484288 331.6882770 -42.2900272 20.705  2.450       0.348  44.5272  26.2859    -7.66      nan      nan   34.083  nan      nan    nan   1.110     nan                                None     130.406    -183.083     128.668       0.898    -184.881       0.932
Gaia DR3 5895473600324039680 214.6038702 -55.4775089 11.595  2.415       1.711  43.6158  26.3346     8.01      nan      nan   46.940  nan      nan    nan   1.229     nan                                None    -282.774    -123.851    -291.137       0.016    -109.128       0.020
Gaia DR3 4666870820559656320  55.5704443 -70.4880768 16.882  3.655       1.850  11.2328  26.3500    18.11      nan      nan   16.157  nan      nan    nan   0.986     nan                                None      83.854      34.554      77.837       0.062      36.429       0.066
Gaia DR3 5924203182025615616 257.6723783 -52.1121579 11.717  2.465       1.706  45.1392  26.4809    -3.76      nan      nan   35.645  nan      nan    nan   0.881     nan                                None    -127.251    -203.922    -114.441       0.025    -204.388       0.021
Gaia DR3 5485803711041321216 108.5183595 -58.3332134 15.208  3.063       2.303  29.8886  26.5425    26.89      nan      nan   19.502  nan      nan    nan   0.961     nan                                None       9.750      72.117      15.183       0.029      64.364       0.030
Gaia DR3 6065158377962553344 207.7728687 -53.7353236  9.120  1.369       0.551  45.2638  26.5448     9.66      nan      nan   35.590  nan      nan    nan   1.283     nan                                None    -218.032     -74.880    -218.751       0.021     -70.806       0.021
Gaia DR3 6382707266014366976 340.0303976 -71.2060765 15.525  3.128       1.014  15.7628  26.5719     6.54      nan      nan   16.545  nan      nan    nan   1.070     nan                                None      74.179     -81.226      73.289       0.038     -84.650       0.040
Gaia DR3 5843122587538897920 192.0518076 -70.6454193 10.397  1.399       1.317  27.8522  26.7034    14.78      nan      nan   18.797  nan      nan    nan   0.895     nan                                None    -113.347       3.062    -117.046       0.011      -0.618       0.014
Gaia DR3 5228172606059735936 171.5545569 -71.6569983 14.231  2.678       2.848  25.5194  26.7239    17.80      nan      nan   18.182  nan      nan    nan   1.115     nan                                None     -95.143      39.106    -103.777       0.019      45.783       0.019
Gaia DR3 5236626338671861760 173.2680549 -66.9334166 13.919  3.283       0.218  30.2499  26.7735    18.28      nan      nan   19.499  nan      nan    nan   1.831     nan                                None    -103.871      32.936    -103.280       0.035      32.262       0.036
Gaia DR3 6471472278538182656 310.2459124 -52.8616358 12.224  2.171       1.542  37.6063  26.8061    -5.91      nan      nan   22.876  nan      nan    nan   1.321     nan                                None      41.249    -147.017      37.577       0.017    -140.551       0.017
Gaia DR3 5808631010846251264 247.9638532 -69.8876970 11.935  1.910       2.139  28.3016  27.2498     5.79      nan      nan   18.670  nan      nan    nan   1.148     nan                                None     -81.447     -94.426     -86.183       0.016     -87.467       0.020
Gaia DR3 6516607269516143488 343.0109748 -45.9273170 13.966  2.678       2.181  39.3044  27.2831    -3.24      nan      nan   23.523  nan      nan    nan   1.335     nan                                None     110.461    -114.235     103.539       0.013    -122.545       0.018
Gaia DR3 6445000062927795456 290.6827031 -61.7330235 13.979  2.657       1.414  31.9653  27.4604    -1.73      nan      nan   19.716  nan      nan    nan  13.817     nan                                None      -5.290    -133.576      -2.555       0.190    -128.374       0.161
Gaia DR3 6473378904715812608 304.0970329 -53.8145884 16.100  3.438       1.187  37.6367  27.9241    -5.84      nan      nan   21.885  nan      nan    nan   1.027     nan                                None      25.462    -143.894      22.464       0.048    -139.310       0.044
Gaia DR3 4807503271195302272  82.1174804 -39.3708947  8.943  1.142       1.943  44.5256  28.0070    27.97      nan      nan   27.298  nan      nan    nan   1.061     nan                                None      86.577      30.239      88.314       0.014      19.196       0.014
Gaia DR3 4807503030677131392  82.1433480 -39.3730432 10.169  1.579       2.344  44.5267  28.0096    27.98      nan      nan   27.294  nan      nan    nan   1.136     nan                                None      86.500      30.266      88.566       0.014      16.941       0.014
Gaia DR3 5784341905625638400 195.9800637 -80.7236376 13.623  2.613       0.572  18.0605  28.1848    14.09      nan      nan   16.354  nan      nan    nan   1.216     nan                                None     -99.717       4.830     -99.867       0.018       6.796       0.017
Gaia DR3 5799237986096386176 227.1018104 -69.9266038 13.756  2.480       2.456  29.0791  28.2226     8.80      nan      nan   18.444  nan      nan    nan   1.128     nan                                None    -103.621     -61.438    -106.101       0.011     -52.215       0.014
Gaia DR3 5212667151341318528 101.6776900 -77.0002408 11.643  1.664       1.107  12.1950  28.7388    19.76      nan      nan   15.607  nan      nan    nan   0.929     nan                                None      19.134      81.446      22.535       0.013      82.748       0.013
Gaia DR3 5949144267577982720 264.8920342 -45.9838303 16.070  4.092       2.191  50.4975  28.8613    -7.98      nan      nan   38.314  nan      nan    nan   1.074     nan                                None    -111.607    -225.959     -93.982       0.062    -227.595       0.037
Gaia DR3 5830329666688142976 246.8602624 -61.3093723 13.235  2.510       1.546  36.8511  28.8744     2.35      nan      nan   20.789  nan      nan    nan   1.054     nan                                None     -92.408    -106.210     -92.553       0.011     -99.435       0.013
Gaia DR3 5808065209030685568 254.6963622 -70.0053308 15.925  3.628       1.022  27.7503  28.9561     5.06      nan      nan   17.804  nan      nan    nan   1.554     nan                                None     -68.099     -98.059     -69.832       0.044     -94.639       0.054
Gaia DR3 5374565879145559424 169.6111572 -47.3656698 15.365  0.738       2.495  49.1432  29.1360    20.98      nan      nan   58.699  nan      nan    nan   1.022     nan                                None    -300.574      32.000    -331.361       0.021      34.400       0.022
Gaia DR3 5844099503627340416 202.4475456 -69.8702395 14.249  2.725       2.816  29.0195  29.3041    12.98      nan      nan   17.968  nan      nan    nan   1.112     nan                                None    -110.417     -16.516    -115.349       0.014     -25.973       0.018
Gaia DR3 6637448957528512128 281.3506861 -57.0182184 15.469  3.102       0.685  37.7449  29.5027    -4.04      nan      nan   20.757  nan      nan    nan   1.058     nan                                None     -26.161    -137.354     -24.123       0.032    -139.552       0.024
Gaia DR3 5808065209026675584 254.6886788 -70.0053638 20.041  3.143       1.134  27.7508  29.5938     5.06      nan      nan   17.557  nan      nan    nan   1.084     nan                                None     -67.164     -96.688     -71.043       0.326     -95.083       0.398
Gaia DR3 4951967794731342464  40.1675969 -39.8554976  3.822  1.231       1.231  41.0578  29.6734    15.30      nan      nan   22.285  nan      nan    nan   2.359     nan                                None     130.989     -23.748     135.601       0.093     -27.235       0.112
Gaia DR3 6638822694226428672 289.0900946 -58.1361725 15.186  3.121       1.413  35.6433  29.8036    -3.72      nan      nan   19.724  nan      nan    nan   1.144     nan                                None      -8.656    -132.750     -14.143       0.029    -130.651       0.025
Gaia DR3 5226155861208509440 166.9825362 -74.3516038 17.645  4.117       0.681  22.5550  29.9769    17.82      nan      nan   16.455  nan      nan    nan   0.967     nan                                None     -81.605      44.704     -81.230       0.111      47.036       0.105
