GaiaDR3                               RA         DEC   Gmag  Bp-Rp  Voff(km/s) Sep(deg)   3D(pc) Vr(pred)  Vr(obs)    Vrerr Plx(mas)  SpT    FnuvJ  W1-W3    RUWE  XCrate                               RVsrc    PMRApred   PMDecpred        PMRA     PMRAerr       PMDec    PMDecerr
Gaia DR3 2512413932376364288  26.7932246   3.1329294 12.772  0.803       0.000   0.0000   0.0000    -6.57    -6.57     2.11    2.321  nan      nan    nan   1.164     nan                            Gaia_DR3      -5.276     -22.087      -5.276       0.031     -22.087       0.017
Gaia DR3 2512344452689990912  27.1582745   2.8998148 19.418  2.473       2.465   0.4327  11.9009    -6.45      nan      nan    2.261  nan      nan    nan   0.912     nan                                None      -5.127     -21.527      -4.120       0.536     -22.132       0.393
Gaia DR3 2511092044521857024  27.6542373   1.1300460 15.766  1.717       1.431   2.1799  16.4289    -5.15      nan      nan    2.330  nan      nan    nan   1.086     nan                                None      -5.264     -22.263      -4.812       0.055     -22.801       0.038
Gaia DR3 2512803674888794368  27.0043338   3.4684371 15.976  1.772       1.654   0.3962  17.6482    -6.87      nan      nan    2.231  nan      nan    nan   1.149     nan                                None      -5.064     -21.211      -4.289       0.058     -21.149       0.054
Gaia DR3 2561503342690012416  23.7461551   4.1526042 19.050  2.857       2.502   3.2073  24.2319    -6.79      nan      nan    2.339  nan      nan    nan   0.947     nan                                None      -5.415     -22.212      -6.494       0.361     -22.811       0.194
Gaia DR3 2510755417869792896  25.3416785   2.3016272 18.137  2.545       2.663   1.6713  24.5791    -5.64      nan      nan    2.214  nan      nan    nan   0.995     nan                                None      -5.078     -21.111      -6.168       0.191     -20.512       0.109
Gaia DR3 2512701484731459456  29.0621545   3.8033228 19.076  2.615       2.311   2.3619  26.8993    -7.52      nan      nan    2.219  nan      nan    nan   1.085     nan                                None      -4.964     -21.064      -4.383       0.416     -21.975       0.284
Gaia DR3 2510109940120161024  24.1808235   0.6291314 17.230  2.378       1.532   3.6173  27.2566    -4.09      nan      nan    2.315  nan      nan    nan   1.081     nan                                None      -5.347     -22.147      -4.779       0.149     -22.632       0.069
Gaia DR3 2561703939137998336  23.2347830   4.2264009 17.020  2.046       2.242   3.7156  27.9346    -6.75      nan      nan    2.332  nan      nan    nan   1.031     nan                                None      -5.415     -22.147      -6.308       0.096     -22.792       0.063
Gaia DR3 2507774646142116096  28.8001660   0.2548425 16.156  1.851       0.955   3.5081  28.1215    -4.67      nan      nan    2.274  nan      nan    nan   0.918     nan                                None      -5.096     -21.765      -5.033       0.061     -22.219       0.050
Gaia DR3 2561969329461615744  23.7420639   5.6173806 17.870  2.411       1.308   3.9276  29.5169    -7.94      nan      nan    2.323  nan      nan    nan   1.035     nan                                None      -5.378     -21.965      -6.016       0.154     -21.913       0.094
