GaiaDR3                               RA         DEC   Gmag  Bp-Rp  Voff(km/s) Sep(deg)   3D(pc) Vr(pred)  Vr(obs)    Vrerr Plx(mas)  SpT    FnuvJ  W1-W3    RUWE  XCrate                               RVsrc    PMRApred   PMDecpred        PMRA     PMRAerr       PMDec    PMDecerr
Gaia DR3 1685195530290375168 201.3823371  68.8360615 12.214  1.908       0.000   0.0000   0.0000   -17.93   -17.93     0.57   14.156  nan      nan    nan   1.299     nan                            Gaia_DR3      -4.887     -45.886      -4.887       0.016     -45.886       0.015
Gaia DR3 1665260083103768192 203.4268462  62.6161341 15.120  2.800       1.640   6.2756   8.2339   -16.19    13.73     3.02   13.684  nan      nan    nan   1.104     nan                            Gaia_DR3      -5.531     -49.540      -8.263       0.025     -53.401       0.024
Gaia DR3 1679189040001914880 193.9703438  67.2120785 19.408  0.802       2.698   3.2111  10.3059   -17.43      nan      nan   12.493  nan      nan    nan   1.062     nan                                None      -1.606     -42.170      -6.047       0.274     -47.716       0.245
Gaia DR3 1660722914012274304 209.7613345  59.2954811 11.349  1.532       0.858  10.1984  12.5606   -15.30   -23.31     9.48   14.625  nan      nan    nan   1.095     nan                            Gaia_DR3      -8.528     -55.064     -10.286       0.017     -57.039       0.015
Gaia DR3 1660722914012274560 209.7634215  59.2963241 14.242  2.454       2.302  10.1979  12.5668   -15.30   -22.48     3.42   14.641  nan      nan    nan   1.459     nan                            Gaia_DR3      -8.538     -55.121     -15.096       0.027     -52.391       0.024
Gaia DR3 1717183145336816000 190.8838764  78.2270200 14.528  2.458       0.850   9.8145  13.7461   -20.16   -35.52     2.69   13.117  nan      nan    nan   1.166     nan                            Gaia_DR3      -0.491     -34.305      -0.147       0.023     -31.979       0.019
Gaia DR3 1659560146106101376 206.9858392  59.9567962 11.016  1.565       1.314   9.1943  14.5167   -15.44   -31.36     0.22   16.500  nan      nan    nan   1.044     nan                            Gaia_DR3      -8.340     -61.880      -5.522       0.014     -58.282       0.012
Gaia DR3 1703880699611716224 236.4702164  75.6036708  8.391  0.802       1.544  12.3874  15.2306   -20.20   -35.85     0.14   14.821  nan      nan    nan   1.015     nan                            Gaia_DR3     -18.308     -33.928     -14.273       0.019     -36.570       0.017
Gaia DR3 1681299513916939776 182.2567654  66.4058083 19.813  3.428       2.255   7.6395  15.6579   -17.22      nan      nan   17.395  nan      nan    nan   1.213     nan                                None       3.773     -59.470      -2.849       0.552     -64.425       0.586
Gaia DR3 1721521508982182912 218.1763854  80.1142404 14.766  2.453       1.968  12.0281  17.5690   -20.72   -11.90     3.70   12.710  nan      nan    nan   1.054     nan                            Gaia_DR3     -10.287     -28.868      -6.946       0.023     -24.788       0.024
Gaia DR3 1657442761589442304 209.8172399  55.5236765 13.384  2.472       2.271  13.8517  17.8137   -14.09   -15.35     0.86   15.875  nan      nan    nan   1.245     nan                            Gaia_DR3      -9.281     -63.000      -2.750       0.011     -59.112       0.013
Gaia DR3 1648041387416304256 236.7038912  70.3740397  7.632  0.668       1.985  12.2267  17.8522   -19.14   -23.21     0.54   16.864  nan      nan    nan  10.552     nan                            Gaia_DR3     -20.911     -44.915     -20.957       0.221     -37.857       0.216
Gaia DR3 1059104545391963392 167.6737190  66.4300131 17.642  3.572       0.091  12.8782  18.1308   -17.43      nan      nan   12.844  nan      nan    nan   1.070     nan                                None       8.126     -42.611       8.157       0.091     -42.368       0.103
Gaia DR3 1581813438388876416 186.2789650  61.3936269 15.227  2.953       2.879   9.7336  18.2718   -15.71     4.65     6.65   17.922  nan      nan    nan   1.038     nan                            Gaia_DR3       1.766     -66.898      -8.842       0.042     -69.301       0.043
Gaia DR3 1693603804945419264 226.7412992  68.1671490 20.055  2.998       2.490   9.2509  18.5725   -18.29      nan      nan   11.846  nan      nan    nan   1.082     nan                                None     -12.105     -35.535     -17.099       0.568     -31.830       0.461
Gaia DR3 1072150422653714688 157.6051579  67.5501969 12.686  2.030       2.791  15.9660  19.4392   -17.98   -46.59     0.60   14.845  nan      nan    nan   1.210     nan                            Gaia_DR3      13.323     -46.322       5.960       0.012     -41.623       0.014
Gaia DR3 1610211276817510144 218.2634552  55.7739383 15.988  3.147       1.716  15.1214  19.7265   -14.45      nan      nan   13.292  nan      nan    nan   1.071     nan                                None     -10.789     -51.443      -5.982       0.037     -51.298       0.038
 Gaia DR3 862185002154275968 166.7473289  61.6568793 16.398  0.108       1.611  15.8907  19.9038   -16.09      nan      nan   15.811  nan      nan    nan   1.027     nan                                None      10.403     -56.964       7.687       0.043     -61.597       0.043
Gaia DR3 1720311526499723264 183.4779757  83.2889072 17.456  3.942       0.410  14.9147  20.6311   -21.18      nan      nan   17.090  nan      nan    nan   1.017     nan                                None       3.094     -37.953       1.616       0.119     -37.973       0.106
Gaia DR3 1565512388232694528 200.2850801  56.5504285 16.466  3.281       2.261  12.2955  20.7110   -14.23      nan      nan   18.253  nan      nan    nan   1.027     nan                                None      -5.721     -72.594       2.972       0.045     -72.925       0.048
Gaia DR3 1614857164416929536 228.7251621  58.5581278 15.976  3.076       1.938  15.6532  21.3431   -15.75      nan      nan   12.882  nan      nan    nan   1.009     nan                                None     -13.758     -46.001     -19.017       0.036     -46.171       0.036
Gaia DR3 1695170132274603648 224.3116000  70.4887954 16.702  3.255       1.576   8.0867  21.3523   -18.78      nan      nan   11.256  nan      nan    nan   6.681     nan                                None     -10.848     -32.427     -12.268       0.479     -35.886       0.447
Gaia DR3 1055153656515237248 164.7271829  63.3628198 14.538  2.468       2.552  15.5428  21.9857   -16.64   -43.78     2.05   12.620  nan      nan    nan   1.075     nan                            Gaia_DR3       8.992     -43.899      10.760       0.017     -50.455       0.018
Gaia DR3 1065676738707977088 154.1927238  65.3312455 12.113  1.838       2.823  18.2232  22.9190   -17.50     2.39     0.24   13.661  nan      nan    nan   1.535     nan                            Gaia_DR3      13.406     -43.907      21.424       0.026     -45.247       0.027
Gaia DR3 1576851342412310272 195.1639001  56.4245560 14.530  2.417       2.845  12.7209  23.5090   -14.13    11.17     2.18   11.556  nan      nan    nan   1.058     nan                            Gaia_DR3      -1.891     -46.242      -5.779       0.016     -51.979       0.018
Gaia DR3 1612645084460977920 223.4690556  55.6367768 13.617  2.424       2.106  16.5388  23.5746   -14.62   -18.50    32.00   12.496  nan      nan    nan  13.779     nan                            Gaia_DR3     -11.786     -47.633      -6.266       0.162     -47.082       0.206
Gaia DR3 1581179295056807168 184.8498324  59.4428376 17.206  3.716       2.918  11.7619  24.1195   -15.11      nan      nan   20.076  nan      nan    nan   1.138     nan                                None       2.824     -77.109      -7.466       0.097     -83.941       0.105
Gaia DR3 1147159582641349888 170.5269277  84.4464811 18.409  0.477       2.171  16.6309  24.3637   -21.43      nan      nan   12.303  nan      nan    nan   0.998     nan                                None       6.812     -25.184      12.282       0.151     -23.849       0.134
Gaia DR3 1151744894022466176 153.4294177  87.7724847 15.390  2.920       1.236  19.7383  25.5871   -22.00   -38.53     9.27   13.203  nan      nan    nan   1.115     nan                            Gaia_DR3      13.198     -20.439      13.884       0.032     -23.809       0.033
Gaia DR3 1151744894022466304 153.3839210  87.7715418 15.863  3.033       0.797  19.7392  25.6073   -22.00      nan      nan   13.194  nan      nan    nan   1.093     nan                                None      13.203     -20.415      12.712       0.040     -22.577       0.041
Gaia DR3 1051533067804694016 149.4168691  62.7332564 16.093  3.182       2.881  21.4338  25.8913   -16.98      nan      nan   14.760  nan      nan    nan   0.997     nan                                None      16.130     -48.728      24.145       0.029     -52.741       0.035
Gaia DR3 1620712441791139456 222.4634065  64.5804238  8.385  0.619       2.199   9.2946  26.1923   -17.22     4.91     0.14   10.719  nan      nan    nan   1.031     nan                            Gaia_DR3      -9.844     -35.382     -12.206       0.020     -31.009       0.020
 Gaia DR3 857268948227809536 166.6513605  57.9000613 11.658  1.535       2.731  18.6198  26.3272   -14.93    -6.99     0.23   12.419  nan      nan    nan   1.484     nan                            Gaia_DR3       8.204     -47.396      14.544       0.015     -50.702       0.020
Gaia DR3 1149302084129581056 121.0542459  83.9179153 20.054  3.170       2.036  20.9763  26.3499   -21.83      nan      nan   17.077  nan      nan    nan   1.030     nan                                None      26.912     -19.006      29.282       0.460     -12.071       0.443
Gaia DR3 1715765526955674240 211.3567655  80.4382360 20.593  2.429       1.313  11.8576  26.7365   -20.72      nan      nan   10.918  nan      nan    nan   1.161     nan                                None      -6.847     -25.451      -4.692       0.899     -27.571       1.204
Gaia DR3 1685601013858080256 195.9113925  69.0454233 11.422  1.213       1.660   1.9763  26.8852   -17.94    -0.18     0.33   10.270  nan      nan    nan   0.898     nan                            Gaia_DR3      -1.906     -33.390      -1.440       0.016     -29.827       0.013
Gaia DR3 1149302088424031616 121.0231725  83.9190130  8.436  0.846       2.844  20.9794  26.9358   -21.83   -35.43     0.94   17.638  nan      nan    nan  30.633     nan                            Gaia_DR3      27.803     -19.615      20.540       0.470     -11.927       0.444
Gaia DR3 1058250396655237632 179.3455101  68.5730895 15.591  2.567       1.643   7.9646  27.2651   -17.84   -41.19     4.19   10.481  nan      nan    nan   1.263     nan                            Gaia_DR3       3.164     -34.239       3.762       0.036     -37.819       0.039
Gaia DR3 1145524097750653568 128.8044631  81.9918474 14.957  2.886       2.959  20.1961  27.5427   -21.50      nan      nan   12.643  nan      nan    nan   1.006     nan                                None      18.687     -18.609      19.861       0.027     -26.408       0.025
Gaia DR3 1666363752260368256 215.6170006  60.9656865 11.509  2.132       2.867   9.8696  28.5001   -15.97    -1.54     0.58   22.833  nan      nan    nan  18.799     nan                            Gaia_DR3     -16.947     -82.427     -15.089       0.265     -68.754       0.325
Gaia DR3 1697893450777420288 219.1287968  69.8766336 11.310  1.046       1.989   6.3191  28.7733   -18.50   -29.64     0.92   10.213  nan      nan    nan   1.704     nan                            Gaia_DR3      -8.518     -30.632     -10.529       0.042     -26.852       0.051
Gaia DR3 2291756311053518080 295.3959527  79.3488527 15.615  2.917       1.950  24.2428  29.0995   -22.29      nan      nan   14.983  nan      nan    nan   1.084     nan                                None     -24.411      -6.228     -29.239       0.037      -2.402       0.036
Gaia DR3 1541194592641944192 189.5547044  45.3421039 16.294  3.253       1.986  24.2566  29.1094   -10.20      nan      nan   15.000  nan      nan    nan   0.985     nan                                None       0.027     -67.586       5.714       0.032     -70.253       0.037
 Gaia DR3 857316776983223552 165.8946749  58.1341151 18.186  3.883       2.697  18.7018  29.2449   -15.03      nan      nan   11.708  nan      nan    nan   0.988     nan                                None       7.974     -44.445       7.235       0.103     -37.830       0.121
Gaia DR3 1723367451566219392 265.3489068  83.8982411 15.162  2.705       1.333  19.2461  29.6655   -21.93    -0.75     4.39   11.754  nan      nan    nan   1.027     nan                            Gaia_DR3     -19.287     -10.745     -17.424       0.026     -13.474       0.027
Gaia DR3 1118362655851369472 131.1005523  69.5427478 12.314  1.912       1.931  23.6072  29.9226   -19.40   -16.03     0.49   13.426  nan      nan    nan   1.121     nan                            Gaia_DR3      19.385     -33.164      24.781       0.009     -32.298       0.013
