GaiaDR3                               RA         DEC   Gmag  Bp-Rp  Voff(km/s) Sep(deg)   3D(pc) Vr(pred)  Vr(obs)    Vrerr Plx(mas)  SpT    FnuvJ  W1-W3    RUWE  XCrate                               RVsrc    PMRApred   PMDecpred        PMRA     PMRAerr       PMDec    PMDecerr
 Gaia DR3 534988616816537728  21.9217671  72.2966204 12.127  2.260       0.000   0.0000   0.0000   -59.99      nan      nan   22.226  nan      nan    nan   1.084     nan                                None      71.628      40.450      71.628       0.013      40.450       0.019
 Gaia DR3 520304780761434112  33.0341801  67.8194085 15.331  3.025       2.453   5.8478   7.8584   -59.18      nan      nan   19.554  nan      nan    nan   1.074     nan                                None      82.871       3.020      91.792       0.023      -1.739       0.024
 Gaia DR3 547048580039489024  36.7175754  74.0117190  9.881  1.406       2.581   4.6030  10.6229   -58.39      nan      nan   18.235  nan      nan    nan  12.067     nan                                None      82.814      22.407      81.144       0.138      32.187       0.186
Gaia DR3 2213417069651038336 346.6065566  68.4797501 13.230  2.502       2.212  12.2435  12.2301   -61.88      nan      nan   19.372  nan      nan    nan  10.567     nan                                None     -11.565      33.923      -3.545       0.129      38.076       0.139
 Gaia DR3 421241085205158144   7.4737470  55.4751422 14.503  2.932       2.335  17.8690  13.8533   -61.60      nan      nan   23.995  nan      nan    nan   1.097     nan                                None      41.468     -33.665      48.520       0.016     -43.143       0.020
Gaia DR3 2277637173003596288 319.5404043  76.1003029  8.683  0.891       2.342  16.5418  14.6296   -59.13      nan      nan   19.922  nan      nan    nan   0.902     nan                                None     -68.766      50.219     -62.089       0.016      57.441       0.013
 Gaia DR3 412765053147696384  22.9633865  57.1465610 13.255  2.726       1.280  15.1560  15.4969   -60.01      nan      nan   18.686  nan      nan    nan  14.345     nan                                None      62.106     -29.907      61.109       0.115     -34.851       0.121
 Gaia DR3 412764297233453056  22.9745116  57.1454791 13.342  2.583       2.019  15.1572  15.5176   -60.00      nan      nan   18.675  nan      nan    nan   1.230     nan                                None      62.091     -29.905      57.414       0.010     -36.334       0.010
Gaia DR3 2200587967980323584 339.1321626  59.3920291 13.158  2.410       2.218  21.0072  17.4448   -62.10      nan      nan   20.556  nan      nan    nan   1.303     nan                                None     -29.328      -9.178     -38.819       0.014     -10.698       0.013
Gaia DR3 2200588071059539328 339.1350517  59.3924954 13.099  2.384       2.771  21.0059  17.4730   -62.10      nan      nan   20.524  nan      nan    nan   1.174     nan                                None     -29.276      -9.160     -39.848       0.012     -14.811       0.011
 Gaia DR3 285318564421556352  75.5822422  61.1598314 14.277  3.009       2.132  22.8675  17.6038   -49.39      nan      nan   25.374  nan      nan    nan   1.051     nan                                None     162.548    -124.962     153.685       0.017    -117.786       0.016
 Gaia DR3 479668033588960768  80.9179251  64.1241940  7.179  0.696       1.442  22.2573  17.7046   -49.29      nan      nan   27.143  nan      nan    nan  17.333     nan                                None     174.923    -133.493     176.984       0.254    -125.502       0.306
 Gaia DR3 527560148759182976   8.9411446  65.5134444 16.343  3.072       2.732   8.1987  18.7356   -61.73      nan      nan   16.094  nan      nan    nan   1.004     nan                                None      30.363      13.544      28.717       0.040      22.664       0.042
 Gaia DR3 391722256012598784   8.0697231  50.4826503 15.191  3.308       2.845  22.6659  18.8533   -60.74      nan      nan   29.314  nan      nan    nan   1.079     nan                                None      52.550     -74.537      66.427       0.025     -85.334       0.023
 Gaia DR3 408967030741872384  24.8200103  54.6497562 10.821  1.530       1.521  17.6893  18.8809   -59.31      nan      nan   17.893  nan      nan    nan   2.594     nan                                None      62.641     -40.091      61.115       0.032     -45.620       0.031
 Gaia DR3 356323341713813504  29.4056823  47.7024278 12.092  2.039       2.117  24.8331  18.9114   -56.65      nan      nan   24.041  nan      nan    nan   2.348     nan                                None      94.298     -95.142      97.309       0.131     -84.845       0.095
 Gaia DR3 356323341715996544  29.4058143  47.7022312 11.661  2.032       1.778  24.8333  18.9140   -56.65      nan      nan   24.007  nan      nan    nan   1.577     nan                                None      94.162     -95.007      88.394       0.043     -88.099       0.038
Gaia DR3 2209519541448471168 352.8724233  65.6467342  8.564  0.778       1.915  12.1777  19.2339   -62.27      nan      nan   16.472  nan      nan    nan   0.863     nan                                None       1.763      18.583      -2.331       0.014      23.824       0.013
 Gaia DR3 409576538142558848  24.6852011  55.7235924 12.539  2.128       2.496  16.6130  20.2555   -59.52      nan      nan   17.018  nan      nan    nan   1.169     nan                                None      59.361     -34.018      51.593       0.012     -38.474       0.015
Gaia DR3 1130534730607171584 143.9810640  76.5462807  9.388  1.444       0.821  27.2587  21.9582   -46.75      nan      nan   30.852  nan      nan    nan   3.135     nan                                None      93.172    -253.412      91.236       0.042    -248.433       0.048
Gaia DR3 1129107908110522752 172.1062064  78.5157281 17.488  4.688       2.858  28.2318  22.7383   -47.35      nan      nan   31.608  nan      nan    nan   1.041     nan                                None      -0.658    -272.028     -12.334       0.153    -287.075       0.138
 Gaia DR3 407569139145736448  22.6147646  54.1437301 12.699  2.136       2.375  18.1553  22.8260   -59.58      nan      nan   16.456  nan      nan    nan   1.077     nan                                None      54.143     -36.947      52.361       0.013     -28.902       0.016
Gaia DR3 2217322088276802304 322.7962038  63.6381192 14.974  2.878       2.363  22.6512  22.8413   -60.71      nan      nan   17.729  nan      nan    nan   1.170     nan                                None     -55.618      -1.105     -56.811       0.029      -9.856       0.023
 Gaia DR3 387989654552003200  11.1297052  44.5760277 12.048  2.091       2.436  28.1889  22.9129   -58.82      nan      nan   20.740  nan      nan    nan  13.884     nan                                None      43.980     -81.321      33.380       0.182     -80.307       0.146
 Gaia DR3 493873895619008384  62.1025146  69.1827536 13.395  3.129       1.902  13.3394  23.0007   -54.65      nan      nan   43.003  nan      nan    nan  19.487     nan                                None     260.756     -87.941     269.999       0.158     -73.387       0.222
Gaia DR3 1922640636882254976 358.8164055  43.1509533 11.433  1.924       0.992  31.1752  23.7019   -59.42      nan      nan   23.315  nan      nan    nan   1.308     nan                                None      18.041     -93.608      22.353       0.018     -95.882       0.016
 Gaia DR3 460879407098302976  41.3263225  57.6916065 13.834  2.690       0.995  16.5734  23.7418   -56.71      nan      nan   15.848  nan      nan    nan   1.732     nan                                None      77.565     -41.248      79.851       0.027     -38.836       0.034
 Gaia DR3 353177707667919360  33.5395706  46.7492168 14.897  2.790       2.946  26.1088  24.4050   -55.36      nan      nan   18.292  nan      nan    nan   1.224     nan                                None      78.304     -79.960      82.391       0.042     -90.561       0.047
Gaia DR3 2286111448420546048 343.2662722  80.7094175 19.355  3.310       1.010  11.9069  24.4299   -58.69      nan      nan   15.010  nan      nan    nan   0.981     nan                                None     -14.558      66.518     -11.904       0.281      64.736       0.237
Gaia DR3 1976198260602172416 329.8317054  48.3936004 10.935  1.958       2.361  33.2405  24.8854   -59.57      nan      nan   29.144  nan      nan    nan   1.007     nan                                None     -70.640     -92.435     -61.011       0.013     -81.587       0.013
Gaia DR3 1688346597471844096 201.9007598  73.1774023 14.351  2.687       0.549  34.5260  25.6034   -44.53      nan      nan   25.410  nan      nan    nan   1.220     nan                                None     -81.837    -220.373     -81.414       0.019    -217.463       0.019
Gaia DR3 2014479922579106304 345.0992368  60.7174359 15.552  2.956       1.387  18.1995  26.1776   -62.40      nan      nan   15.425  nan      nan    nan   5.203     nan                                None     -11.810      -0.674      -9.622       0.152      -4.619       0.148
 Gaia DR3 424107374581775360  15.7494307  57.6109589 15.067  2.992       2.549  14.8976  28.2458   -61.01      nan      nan   14.441  nan      nan    nan   1.124     nan                                None      37.602     -17.074      33.998       0.019     -10.202       0.022
 Gaia DR3 488845038671069184  62.9728489  65.1242343 12.281  1.860       1.704  16.1115  28.3276   -53.64      nan      nan   14.566  nan      nan    nan   9.473     nan                                None      88.796     -42.817      85.843       0.084     -38.498       0.150
 Gaia DR3 424107546384240256  15.7692668  57.6156555 11.202  1.432       2.575  14.8916  28.7091   -61.01      nan      nan   14.335  nan      nan    nan   1.612     nan                                None      37.356     -16.945      35.663       0.019      -9.349       0.023
Gaia DR3 1961018334340967424 330.5891973  43.9616632 14.975  2.919       1.989  37.0546  29.7569   -58.34      nan      nan   20.759  nan      nan    nan   1.039     nan                                None     -48.672     -85.346     -44.293       0.020     -77.825       0.021
Gaia DR3 2178864435720628480 322.2279343  57.5371297 15.178  2.814       1.260  27.6069  29.7859   -60.25      nan      nan   16.355  nan      nan    nan   1.026     nan                                None     -52.219     -23.707     -48.583       0.025     -21.328       0.027
