GaiaDR3                               RA         DEC   Gmag  Bp-Rp  Voff(km/s) Sep(deg)   3D(pc) Vr(pred)  Vr(obs)    Vrerr Plx(mas)  SpT    FnuvJ  W1-W3    RUWE  XCrate                               RVsrc    PMRApred   PMDecpred        PMRA     PMRAerr       PMDec    PMDecerr
Gaia DR3 6264513270727342080 233.3698276 -16.7737260 12.153  1.722       0.000   0.0000   0.0000   -17.05      nan      nan   13.078  nan      nan    nan   1.073     nan                                None      57.786    -105.752      57.786       0.018    -105.752       0.014
Gaia DR3 6261101791084004864 237.7059280 -16.0854777 19.656  3.059       1.573   4.2155  17.9143   -15.91      nan      nan   10.722  nan      nan    nan   1.115     nan                                None      51.923     -85.189      54.780       0.668     -83.071       0.362
Gaia DR3 6278190130219523072 220.0645961 -23.4882113 15.787  2.992       0.456  14.1707  20.2847   -16.19      nan      nan   15.077  nan      nan    nan   1.072     nan                                None      44.789    -132.602      46.210       0.045    -132.892       0.042
Gaia DR3 6337552591203843072 223.7258443  -4.6633884 15.593  2.886       1.249  15.3646  20.6600   -27.82      nan      nan   12.857  nan      nan    nan   1.052     nan                                None      43.566     -92.642      42.054       0.053     -95.671       0.044
Gaia DR3 6214385161224956672 229.3885454 -26.2281111 13.032  2.328       2.425  10.1519  22.1565   -11.76      nan      nan   17.337  nan      nan    nan   1.325     nan                                None      69.466    -150.768      69.574       0.022    -159.631       0.015
Gaia DR3 6284499673400040320 215.8423489 -18.6080866 12.393  1.859       0.488  16.7921  22.3517   -20.58      nan      nan   14.327  nan      nan    nan   1.236     nan                                None      35.442    -122.300      33.969       0.020    -122.333       0.016
Gaia DR3 4358735710533932928 244.8298596  -2.3286959 15.432  2.796       2.629  18.3202  25.6437   -21.37      nan      nan   12.266  nan      nan    nan   1.001     nan                                None      67.193     -84.550      73.856       0.044     -85.894       0.029
Gaia DR3 6266946936634523776 237.5364108 -13.2732882 16.698  2.662       1.764   5.3330  26.2321   -17.80      nan      nan    9.863  nan      nan    nan   0.935     nan                                None      47.607     -76.682      49.570       0.077     -79.781       0.048
Gaia DR3 6338218173695562240 220.4100954  -3.9052278 16.266  3.082       1.480  18.0933  27.2790   -29.15      nan      nan   16.875  nan      nan    nan   1.064     nan                                None      50.803    -120.484      53.600       0.069    -124.944       0.061
Gaia DR3 6304172964372910848 213.3184286 -11.6679121 15.866  2.818       2.410  20.0831  27.3163   -25.80      nan      nan   15.557  nan      nan    nan   1.012     nan                                None      33.762    -123.984      26.597       0.047    -120.643       0.043
Gaia DR3 4129252339439136000 256.0075040 -19.1715758 14.723  2.774       2.992  21.6506  28.2927    -5.82      nan      nan   14.509  nan      nan    nan   1.464     nan                                None      91.427    -109.176     100.028       0.044    -112.301       0.030
Gaia DR3 6338510403270675968 223.0859080  -3.3289032 15.807  2.802       2.857  16.8160  28.9291   -28.79      nan      nan   10.889  nan      nan    nan   1.115     nan                                None      36.111     -76.973      32.585       0.056     -82.503       0.057
Gaia DR3 3615256938650499072 212.3144405  -8.6267644 11.989  1.956       2.811  22.0731  29.4229   -27.94      nan      nan   15.496  nan      nan    nan   1.433     nan                                None      31.740    -118.937      23.170       0.023    -115.641       0.019
Gaia DR3 6315133480394456960 231.5833109 -11.2836562 16.164  2.776       2.266   5.7569  29.4993   -21.26      nan      nan    9.564  nan      nan    nan   1.016     nan                                None      40.515     -73.941      44.326       0.066     -71.421       0.052
