GaiaDR3                               RA         DEC   Gmag  Bp-Rp  Voff(km/s) Sep(deg)   3D(pc) Vr(pred)  Vr(obs)    Vrerr Plx(mas)  SpT    FnuvJ  W1-W3    RUWE  XCrate                               RVsrc    PMRApred   PMDecpred        PMRA     PMRAerr       PMDec    PMDecerr
Gaia DR3 1678074272650459008 197.9965323  65.8336938 12.110  2.197       0.000   0.0000   0.0000   -41.79   -41.79     0.32   27.740  nan      nan    nan   1.227     nan                            Gaia_DR3    -150.557     -25.339    -150.557       0.014     -25.339       0.013
Gaia DR3 1683241633703504512 184.9674900  68.3261645 12.719  2.581       1.904   5.6385   3.5541   -39.67   -33.76     0.94   28.105  nan      nan    nan   1.405     nan                            Gaia_DR3    -166.201     -48.697    -173.006       0.020     -57.696       0.018
Gaia DR3 1670742145000989312 220.1078408  68.6740211 14.647  3.022       1.926   8.9510   7.0975   -45.13    -9.41     8.11   31.989  nan      nan    nan   1.123     nan                            Gaia_DR3    -127.426      39.584    -126.430       0.024      52.533       0.023
Gaia DR3 1579929906250111232 190.8875103  60.0143547  9.184  1.101       2.291   6.6492  10.0572   -39.50   -10.12     0.14   22.244  nan      nan    nan   0.952     nan                            Gaia_DR3    -127.440     -53.449    -126.401       0.013     -64.141       0.015
Gaia DR3 1128044886526258176 156.1032998  77.4704742  9.938  1.627       2.590  16.9136  10.9495   -37.35    19.56     0.17   31.905  nan      nan    nan   1.244     nan                            Gaia_DR3    -188.036    -106.780    -187.125       0.015    -124.174       0.017
Gaia DR3 1640572714166158976 232.2911289  63.2151688 15.979  5.021       2.667  14.7866  12.4717   -47.05      nan      nan   37.828  nan      nan    nan   1.426     nan                                None    -110.453      37.219    -131.117       0.097      32.201       0.113
Gaia DR3 1581740904980639232 185.0214813  60.9444640 10.462  1.391       2.983   7.5698  15.1075   -38.30    12.86     0.24   19.969  nan      nan    nan   1.023     nan                            Gaia_DR3    -118.062     -55.689    -128.386       0.014     -62.841       0.014
Gaia DR3 1721302396931042944 228.1549772  81.2427034 16.367  3.402       1.391  17.1343  15.4304   -43.14      nan      nan   21.909  nan      nan    nan   1.086     nan                                None     -72.261      82.937     -75.610       0.049      88.419       0.052
Gaia DR3 1619071317608365824 225.0527135  60.9031246 16.808  3.561       2.989  12.9637  16.4831   -46.26      nan      nan   20.205  nan      nan    nan   1.240     nan                                None     -72.148       4.524     -60.253       0.073      -0.015       0.066
Gaia DR3 1552284438717188608 204.4170500  48.1311011 13.088  2.886       2.388  18.0227  17.1982   -40.36   -18.73     7.65   47.194  nan      nan    nan   1.450     nan                            Gaia_DR3    -239.889    -146.870    -218.422       0.013    -136.691       0.015
Gaia DR3 1552284674943267072 204.4618194  48.1374563  9.479  1.826       0.935  18.0209  17.2028   -40.38   -20.16     0.22   47.209  nan      nan    nan   1.023     nan                            Gaia_DR3    -239.839    -146.731    -241.458       0.012    -137.569       0.013
Gaia DR3 1138382701009049600 117.5692016  77.6108728 14.177  2.746       1.934  25.0794  17.2039   -34.00    -7.67     1.77   24.658  nan      nan    nan   1.245     nan                            Gaia_DR3     -89.748    -162.305     -82.413       0.017    -155.428       0.020
Gaia DR3 1131203817792539136 152.7779977  78.4259315 10.270  1.369       1.811  17.8865  17.4820   -37.29     4.37     0.22   20.905  nan      nan    nan   1.045     nan                            Gaia_DR3    -121.111     -74.157    -123.637       0.013     -66.584       0.013
Gaia DR3 1138013299461841664 127.3816181  77.8007025 14.671  2.956       1.512  23.0048  17.5374   -34.80    14.23     3.69   22.922  nan      nan    nan   1.057     nan                            Gaia_DR3    -101.314    -134.835    -101.339       0.019    -142.140       0.020
Gaia DR3 1715249070023940608 206.2768980  78.9935440 12.247  2.350       2.801  13.3634  18.4352   -42.36   -16.54     1.74   19.411  nan      nan    nan   9.933     nan                            Gaia_DR3     -96.492      36.038     -99.086       0.132      47.201       0.108
 Gaia DR3 569784212759184512  59.4223947  81.9224999 13.578  2.940       2.397  30.6635  19.2539   -35.73     1.55     3.83   39.543  nan      nan    nan   1.127     nan                            Gaia_DR3      88.295    -268.847     108.065       0.014    -271.748       0.015
Gaia DR3 2302454421753309568 299.3757499  85.2819691 13.150  2.283       2.874  25.4946  19.2643   -41.63    15.88     0.73   22.750  nan      nan    nan   1.042     nan                            Gaia_DR3      86.271      92.468      95.255       0.011      82.014       0.010
Gaia DR3 1416150433748075776 260.5671204  52.8005781 14.622  2.983       0.454  32.7810  19.6131   -49.26    -3.42     2.52   31.020  nan      nan    nan   0.975     nan                            Gaia_DR3      -1.129      -7.243      -1.106       0.024     -10.212       0.020
 Gaia DR3 777857751702754560 167.4068006  41.9130261  8.187  0.905       1.842  29.3419  19.9132   -25.34     0.72     0.13   24.621  nan      nan    nan   0.890     nan                            Gaia_DR3    -149.810    -160.349    -157.963       0.018    -155.356       0.019
Gaia DR3 1035277338143630336 127.0162707  57.7661133 14.481  3.292       1.402  32.5516  20.3527   -23.07     0.64     2.47   27.359  nan      nan    nan  10.700     nan                            Gaia_DR3    -120.191    -220.646    -116.013       0.141    -227.568       0.173
Gaia DR3 2152373970779309440 272.8657316  58.7456722 13.920  2.814       2.859  33.3430  21.0046   -48.78     2.26     1.54   26.965  nan      nan    nan   1.098     nan                            Gaia_DR3      34.055      19.711      49.260       0.016      13.969       0.018
Gaia DR3 1108783607471996160 111.4145758  69.3266064 15.214  3.444       2.905  30.4322  21.6679   -28.54      nan      nan   23.393  nan      nan    nan   3.359     nan                                None     -72.389    -184.471     -86.602       0.074    -186.270       0.097
Gaia DR3 1681718810099326080 185.8294927  67.9020908 10.830  1.445       2.942   5.1971  21.9201   -39.77    -6.70     0.37   17.368  nan      nan    nan   1.295     nan                            Gaia_DR3    -102.309     -29.740     -91.843       0.024     -27.194       0.020
Gaia DR3 1622438949925100160 239.1825126  56.3906715 14.586  2.626       1.629  21.5057  22.3344   -48.09     2.88     3.44   19.401  nan      nan    nan   1.086     nan                            Gaia_DR3     -43.781       1.106     -49.286       0.019       4.855       0.020
Gaia DR3 1101063661455166208 101.9459039  65.5350066 15.640  3.445       2.552  35.6519  22.7105   -25.15      nan      nan   26.377  nan      nan    nan   1.188     nan                                None     -57.722    -228.560     -71.557       0.030    -231.717       0.034
Gaia DR3 2271106756832674304 313.0023057  69.1687839 10.870  2.147       2.431  37.7039  23.0099   -43.61   -30.97     0.19   45.591  nan      nan    nan   9.678     nan                            Gaia_DR3     219.289      23.118     231.502       0.143       3.198       0.154
Gaia DR3 1060757145727767296 171.2195192  67.4352205 14.363  2.564       2.399  10.6533  23.0249   -36.91     6.52     2.14   17.401  nan      nan    nan   1.157     nan                            Gaia_DR3    -106.079     -55.676     -99.038       0.017     -50.394       0.019
Gaia DR3 1131928292876087680 139.1530554  78.6478455 14.308  2.638       1.388  20.5766  23.1259   -36.13    -0.80     2.44   18.834  nan      nan    nan   1.247     nan                            Gaia_DR3     -97.626     -90.451    -102.212       0.037     -87.396       0.042
Gaia DR3 2276282265440367744 309.1269736  74.4199035 10.489  1.558       0.943  32.9444  23.3407   -43.61    -2.37     0.25   23.299  nan      nan    nan   1.069     nan                            Gaia_DR3     105.914      38.485     107.941       0.015      42.650       0.014
Gaia DR3 1131928292876087552 139.1454610  78.6474372 14.215  2.605       1.599  20.5780  23.4921   -36.13    -3.49     2.60   18.681  nan      nan    nan   1.139     nan                            Gaia_DR3     -96.824     -89.729    -103.086       0.035     -90.378       0.040
Gaia DR3 1609809443972641024 212.5398019  55.7756454 15.416  2.900       2.612  12.2439  23.7957   -43.79   -26.89     3.86   17.312  nan      nan    nan   1.119     nan                            Gaia_DR3     -78.882     -23.991     -84.938       0.028     -16.628       0.026
Gaia DR3 1617482488946556032 222.6042644  60.0854866 14.672  3.085       1.429  12.4646  23.8678   -45.90   -17.23     4.85   17.312  nan      nan    nan   1.292     nan                            Gaia_DR3     -65.416      -0.891     -66.864       0.025       4.120       0.026
Gaia DR3 2228471239260173696 346.8014815  72.2959957 14.495  3.005       1.986  40.3009  23.9037   -38.64   -13.04     3.40   30.526  nan      nan    nan   1.162     nan                            Gaia_DR3     185.613     -65.442     188.150       0.021     -52.914       0.021
Gaia DR3 1556412933080870784 196.9127432  50.2846218 13.134  2.244       2.485  15.5591  23.9128   -38.79     3.50     0.97   17.668  nan      nan    nan   1.216     nan                            Gaia_DR3     -96.804     -58.706     -93.742       0.010     -67.441       0.012
Gaia DR3 1073369093853285120 155.3751040  69.7189204 18.674  3.836       1.562  16.2157  23.9582   -34.75      nan      nan   17.745  nan      nan    nan   1.052     nan                                None    -104.221     -78.948     -99.307       0.170     -75.788       0.183
Gaia DR3 1704918191912744192 251.1297524  76.4685000 17.342  0.590       1.808  19.1778  24.2556   -45.46      nan      nan   18.110  nan      nan    nan   1.026     nan                                None     -18.752      70.110     -15.272       0.070      76.071       0.091
Gaia DR3 1073369093854627072 155.3887424  69.7151686  9.769  1.124       1.284  16.2115  24.3433   -34.75     4.87     0.17   17.612  nan      nan    nan   1.108     nan                            Gaia_DR3    -103.447     -78.341     -98.989       0.012     -76.655       0.013
 Gaia DR3 916639586829792640 130.1516132  43.1124064  8.950  1.310       1.837  42.5879  24.6035   -13.50    54.49     0.14   33.629  nan      nan    nan   1.163     nan                            Gaia_DR3    -155.289    -298.120    -168.314       0.021    -298.268       0.019
Gaia DR3 2215027510585500672 348.5133057  69.6597544 20.565  2.699       0.794  42.9795  24.7731   -37.83      nan      nan   43.004  nan      nan    nan   1.246     nan                                None     261.926    -115.549     254.876       1.297    -117.008       1.207
 Gaia DR3 484027425395133312  75.5212810  68.4559194 12.675  2.612       2.214  39.8343  24.8829   -26.55   -12.41     0.38   27.063  nan      nan    nan   1.381     nan                            Gaia_DR3      15.491    -236.425      13.376       0.011    -248.875       0.017
Gaia DR3 1669449084967072000 220.5881882  66.0555785 15.769    nan       2.876   9.1616  25.3026   -45.41      nan      nan   91.357  nan      nan    nan   0.741     nan                                None    -360.365      75.973    -336.296       0.098      26.095       0.147
Gaia DR3 1074169778837200256 169.0454295  70.3187065 15.606  3.177       1.350  11.5622  25.5723   -37.26      nan      nan   16.709  nan      nan    nan   1.125     nan                                None    -101.806     -50.488     -97.201       0.036     -49.296       0.039
Gaia DR3 2251191611957165440 297.0450971  70.2689338  6.931  0.754       2.242  33.1693  25.7763   -45.44      nan      nan   21.381  nan      nan    nan   1.065     nan                                None      76.862      38.324      86.898       0.059      37.126       0.054
Gaia DR3 2251191616254289152 297.0441733  70.2681083  3.643  1.127       0.751  33.1696  25.8598   -45.44     2.89     0.11   21.322  nan      nan    nan   2.076     nan                            Gaia_DR3      76.649      38.217      79.486       0.202      40.041       0.254
Gaia DR3 1064828706005226112 144.3928528  64.4080994  8.150  0.757       1.810  21.9083  26.4257   -30.42    24.01     0.13   17.796  nan      nan    nan   0.969     nan                            Gaia_DR3     -97.075    -108.390    -102.841       0.013    -111.978       0.019
Gaia DR3 1327625488421250432 250.0286759  35.6551799 12.510  2.204       2.796  42.5685  26.9587   -46.32    19.62     0.44   26.287  nan      nan    nan   1.166     nan                            Gaia_DR3     -30.248     -88.061     -40.793       0.011     -76.711       0.014
Gaia DR3 2241676236470963328 293.8935100  62.2332664 14.768  3.017       2.151  38.0280  27.0058   -46.60    -2.36     6.60   22.851  nan      nan    nan   6.864     nan                            Gaia_DR3      75.836      13.783      78.703       0.797       3.824       0.672
 Gaia DR3 283695822697191552  89.2906099  62.9397998 14.776  3.109       2.401  41.1704  27.2321   -22.53      nan      nan   24.695  nan      nan    nan   1.137     nan                                None     -21.944    -227.201     -31.793       0.017    -219.505       0.018
Gaia DR3 2263523635591283456 294.4742367  71.5430731  8.976  1.011       1.808  31.7002  27.4856   -45.47   -18.07     0.14   19.768  nan      nan    nan   0.807     nan                            Gaia_DR3      66.628      42.569      62.265       0.014      48.713       0.014
Gaia DR3 1088075611631483136 115.5482082  62.5664739 15.148  3.102       2.292  33.4310  27.4864   -24.46    22.11     4.15   20.372  nan      nan    nan   1.126     nan                            Gaia_DR3     -70.591    -169.695     -72.056       0.030    -179.430       0.033
Gaia DR3 1599483685462706688 231.4529416  53.7376784 11.999  1.870       2.686  20.3352  27.5684   -47.06   -24.25     0.55   17.135  nan      nan    nan   1.182     nan                            Gaia_DR3     -51.367     -11.975     -48.467       0.012     -21.232       0.014
Gaia DR3 2156469995191226112 279.5314212  60.3616781 15.798  0.257       1.144  34.6345  28.0419   -48.23      nan      nan   20.489  nan      nan    nan   1.052     nan                                None      39.885      17.588      34.982       0.036      18.196       0.040
Gaia DR3 1435460980373050368 268.3974375  61.0436241 12.501  2.111       2.200  30.1413  28.6166   -48.79   -33.77     0.64   18.748  nan      nan    nan   1.444     nan                            Gaia_DR3      14.895      22.746       6.452       0.021      24.820       0.019
Gaia DR3 1435460984668422784 268.4021227  61.0439826  7.752  0.729       2.325  30.1428  28.6243   -48.79   -33.67     0.14   18.745  nan      nan    nan   1.097     nan                            Gaia_DR3      14.902      22.742       6.246       0.029      25.820       0.023
 Gaia DR3 694744636968134528 139.6916395  26.7514913 10.801  2.250       1.771  52.9334  28.9303    -4.59    39.96     0.22   40.293  nan      nan    nan   1.121     nan                            Gaia_DR3    -210.064    -360.169    -196.625       0.027    -353.403       0.021
 Gaia DR3 694744465169442816 139.6716163  26.7629526 14.690  3.464       1.929  52.9309  28.9372    -4.59      nan      nan   40.173  nan      nan    nan   1.080     nan                                None    -209.395    -359.122    -194.225       0.042    -353.062       0.033
Gaia DR3 1689256202825698688 187.5895854  71.2146259 14.665  2.770       2.932   6.5741  29.0314   -40.45    -0.16     3.21   15.492  nan      nan    nan   1.102     nan                            Gaia_DR3     -90.468     -16.330     -88.917       0.023      -6.879       0.025
Gaia DR3 2241676236469802624 293.8942420  62.2322963 17.746  4.156       1.282  38.0290  29.0523   -46.60      nan      nan   21.220  nan      nan    nan   1.070     nan                                None      70.425      12.795      71.404       0.167      18.447       0.131
Gaia DR3 1659656044136424704 212.2251522  58.0395082 16.052  3.028       2.211  10.2264  29.1633   -43.95      nan      nan   15.642  nan      nan    nan   1.075     nan                                None     -71.621     -16.285     -65.073       0.037     -19.494       0.044
Gaia DR3 2292087229692152320 300.7822789  79.4787910 17.169  2.207       1.962  28.2999  29.2459   -43.28      nan      nan   18.027  nan      nan    nan   1.827     nan                                None      70.451      55.213      70.627       0.436      47.760       0.253
Gaia DR3 1439567523158913920 266.0784944  62.9615531 10.596  1.396       1.882  28.1021  29.3441   -48.63    -5.76     0.23   17.943  nan      nan    nan   1.087     nan                            Gaia_DR3       9.856      28.372      14.859       0.013      33.434       0.014
