GaiaDR3                               RA         DEC   Gmag  Bp-Rp  Voff(km/s) Sep(deg)   3D(pc) Vr(pred)  Vr(obs)    Vrerr Plx(mas)  SpT    FnuvJ  W1-W3    RUWE  XCrate                               RVsrc    PMRApred   PMDecpred        PMRA     PMRAerr       PMDec    PMDecerr
 Gaia DR3 427224073427887360  10.0891570  61.2133790 12.542  2.183       0.000   0.0000   0.0000     3.54      nan      nan   19.328  nan      nan    nan   1.147     nan                                None      48.576     -55.734      48.576       0.013     -55.734       0.013
 Gaia DR3 395940498016718848   3.4105441  52.7511836 11.591  1.800       2.589   9.2003   8.9748     4.61      nan      nan   18.330  nan      nan    nan   1.313     nan                                None      51.911     -45.720      61.322       0.014     -42.330       0.014
 Gaia DR3 395940498011161984   3.4118770  52.7508833 14.444  2.515       2.435   9.2003   8.9923     4.61      nan      nan   18.315  nan      nan    nan   1.153     nan                                None      51.867     -45.683      59.773       0.017     -40.594       0.018
 Gaia DR3 533854990264491776  27.2250637  70.6770483 16.308  3.395       2.592  11.6734  10.4844     2.20      nan      nan   19.514  nan      nan    nan   1.090     nan                                None      30.271     -69.176      25.704       0.039     -59.539       0.051
Gaia DR3 2013981358476175360 347.2572402  60.1603980  8.315  0.747       2.536  11.1698  11.3812     0.95      nan      nan   17.809  nan      nan    nan   0.991     nan                                None      61.200     -32.543      70.119       0.017     -29.216       0.018
 Gaia DR3 523775110041867904  13.0767813  63.4492417 13.862  2.525       2.636   2.6307  13.2316     3.27      nan      nan   15.456  nan      nan    nan   1.413     nan                                None      36.467     -46.741      27.976       0.041     -45.455       0.061
Gaia DR3 2200979428484040064 338.7331442  60.7975940  8.892  1.202       2.671  15.0587  13.4427    -0.36      nan      nan   19.975  nan      nan    nan   7.139     nan                                None      72.872     -27.337      84.060       0.086     -28.472       0.082
 Gaia DR3 465680699502824192  40.6492797  61.5932461  6.934  0.543       0.577  14.4978  13.8324     5.42      nan      nan   18.200  nan      nan    nan   0.909     nan                                None      12.677     -66.608      12.767       0.018     -64.398       0.019
 Gaia DR3 393711169469275904   2.6827280  49.9552670  8.912  0.988       2.556  11.9931  14.2299     5.08      nan      nan   16.686  nan      nan    nan   0.925     nan                                None      47.794     -40.313      44.913       0.014     -48.830       0.012
 Gaia DR3 393711169469275776   2.6838028  49.9565581 10.753  1.499       0.318  11.9916  14.3044     5.08      nan      nan   16.654  nan      nan    nan   1.106     nan                                None      47.702     -40.237      46.629       0.015     -39.925       0.013
 Gaia DR3 425066591097014144  12.2647776  58.0186308 18.219  0.684       2.500   3.3785  14.6153     4.53      nan      nan   15.165  nan      nan    nan   1.025     nan                                None      36.424     -44.232      28.724       0.108     -42.096       0.145
 Gaia DR3 390767772541512448   8.5283100  47.2759273 16.876  3.757       2.945  13.9663  15.6139     6.50      nan      nan   16.783  nan      nan    nan   1.624     nan                                None      43.485     -43.099      50.767       0.103     -50.551       0.074
Gaia DR3 2206130709173467776 332.1484234  63.8699395 10.964  1.552       2.434  17.4265  16.0834    -1.60      nan      nan   18.631  nan      nan    nan   0.953     nan                                None      69.993     -18.259      70.689       0.014     -27.791       0.012
Gaia DR3 1996048568645473280 350.0325341  54.5775123 13.531  2.422       1.416  12.4793  16.0957     2.24      nan      nan   25.682  nan      nan    nan   1.127     nan                                None      86.056     -49.646      78.400       0.012     -50.053       0.012
 Gaia DR3 387463641317509760  11.3116045  42.9429532 17.613  4.142       2.551  18.2851  16.3426     7.83      nan      nan   19.601  nan      nan    nan   0.954     nan                                None      48.045     -49.797      58.578       0.108     -50.209       0.101
 Gaia DR3 506921971912603904  32.9712309  59.3166128 15.881  3.071       2.448  11.4452  17.1187     5.80      nan      nan   15.526  nan      nan    nan   1.026     nan                                None      18.524     -54.379      19.843       0.036     -46.474       0.040
Gaia DR3 2226664947814932352 345.1970212  70.9849539 14.414  2.599       2.500  13.8521  17.4652    -0.88      nan      nan   15.988  nan      nan    nan   1.192     nan                                None      55.875     -27.416      48.033       0.022     -30.499       0.020
 Gaia DR3 375083823287781888  13.2038031  41.2917627 18.078  4.066       1.907  20.0113  18.7104     8.45      nan      nan   18.293  nan      nan    nan   1.164     nan                                None      43.039     -46.542      36.298       0.176     -49.479       0.125
Gaia DR3 1943654503116615296 354.8428911  50.0362576 15.483  2.937       2.848  14.0353  19.2255     3.80      nan      nan   15.441  nan      nan    nan   2.018     nan                                None      49.164     -32.426      54.183       0.048     -24.631       0.047
 Gaia DR3 391722256012598784   8.0697231  50.4826503 15.191  3.308       2.136  10.7891  19.3149     5.75      nan      nan   29.314  nan      nan    nan   1.079     nan                                None      76.611     -76.938      66.427       0.025     -85.334       0.023
 Gaia DR3 549737500148738048  59.4097183  73.6014857 16.293  3.490       2.740  21.6612  19.4476     1.73      nan      nan   22.516  nan      nan    nan   1.024     nan                                None     -12.402     -86.480     -22.025       0.035     -77.733       0.044
Gaia DR3 2217606724349809792 326.4689010  64.4114801 15.070  3.468       1.550  19.7757  20.2881    -2.41      nan      nan   26.020  nan      nan    nan   1.283     nan                                None      99.155     -16.607      90.922       0.039     -14.481       0.035
Gaia DR3 1923954140962317568 352.0034576  41.5549670 13.881  2.504       1.772  22.4953  20.7380     4.66      nan      nan   18.525  nan      nan    nan   1.108     nan                                None      60.857     -34.316      58.452       0.011     -40.805       0.013
 Gaia DR3 378821548641870336   5.2806119  37.9684328  5.033  0.619       1.470  23.4382  20.7499     7.82      nan      nan   19.951  nan      nan    nan   0.852     nan                                None      54.795     -44.278      57.737       0.061     -38.838       0.054
 Gaia DR3 378821475628168576   5.2916025  37.9574149 17.368  3.806       1.615  23.4482  20.7557     7.82      nan      nan   19.960  nan      nan    nan   1.079     nan                                None      54.809     -44.298      57.622       0.087     -38.111       0.099
 Gaia DR3 475151136745466112  63.0040209  60.8255103 13.609  2.400       1.760  24.9352  21.8131     5.61      nan      nan   21.269  nan      nan    nan   1.125     nan                                None     -16.742     -77.175      -8.851       0.039     -77.129       0.035
 Gaia DR3 566120330777494144  17.5345499  81.0581852 17.663  3.890       1.225  19.9510  22.0486    -1.09      nan      nan   16.170  nan      nan    nan   1.000     nan                                None      34.249     -52.768      30.417       0.126     -51.110       0.129
 Gaia DR3 321542009356816256  19.3680041  36.5049704 14.829  2.879       1.457  25.3937  22.7658    10.33      nan      nan   19.291  nan      nan    nan   9.839     nan                                None      38.871     -48.736      44.092       0.449     -45.938       0.408
Gaia DR3 1924735618852730880 351.9801977  42.1260412 14.365  2.707       0.401  21.9776  23.0844     4.56      nan      nan   16.516  nan      nan    nan   1.050     nan                                None      54.272     -30.740      53.513       0.014     -29.569       0.016
Gaia DR3 1924735618853931392 351.9798187  42.1225214  9.671  1.074       1.293  21.9809  23.1217     4.56      nan      nan   16.499  nan      nan    nan   1.112     nan                                None      54.215     -30.707      51.051       0.011     -27.511       0.013
Gaia DR3 1937543692365737856 352.9964301  45.3451555 14.067  2.562       0.735  18.7475  23.1570     4.25      nan      nan   15.359  nan      nan    nan   1.187     nan                                None      49.926     -30.005      50.454       0.015     -32.327       0.014
 Gaia DR3 472013160619302912  66.7349683  60.8461007 18.035  4.371       2.897  26.5724  23.2894     5.47      nan      nan   20.463  nan      nan    nan   0.898     nan                                None     -21.061     -73.202     -18.553       0.158     -85.443       0.138
 Gaia DR3 396341196983414272  22.1434837  42.2672574  6.537  0.660       2.237  20.2872  23.4679     9.40      nan      nan   29.941  nan      nan    nan   1.058     nan                                None      55.542     -83.697      53.039       0.032     -97.592       0.045
 Gaia DR3 403227614404750848  19.4513658  49.3219134 13.327  2.223       2.490  13.0029  23.4819     7.42      nan      nan   14.123  nan      nan    nan   1.142     nan                                None      28.391     -41.649      35.594       0.016     -43.408       0.010
Gaia DR3 1962922722841141248 332.0447213  45.8350925 14.677  2.777       1.375  26.7586  23.6396    -0.11      nan      nan   19.911  nan      nan    nan   1.042     nan                                None      74.831     -20.540      73.617       0.018     -26.184       0.017
Gaia DR3 2196367694454109696 315.9735364  62.9783635 12.616  2.199       2.230  24.6347  23.9311    -3.84      nan      nan   17.421  nan      nan    nan   6.404     nan                                None      66.406      -0.472      62.562       0.138       6.759       0.098
 Gaia DR3 478854051389786880  72.1785982  63.6453653 14.430  3.022       2.392  27.7002  24.2989     4.40      nan      nan   20.295  nan      nan    nan   2.902     nan                                None     -27.891     -71.580     -30.168       0.038     -61.603       0.040
Gaia DR3 1928116685826146304 344.8123940  37.6108929 14.553    nan       2.689  28.3791  24.8608     3.65      nan      nan   23.881  nan      nan    nan   0.999     nan                                None      83.708     -36.302      97.143       0.075     -37.982       0.093
 Gaia DR3 306138091969699072  28.1690505  34.8861194 15.883  3.402       1.626  28.7446  24.9292    11.71      nan      nan   21.321  nan      nan    nan   1.157     nan                                None      31.841     -55.825      35.501       0.061     -62.151       0.082
 Gaia DR3 407569826340505344  22.7985149  54.1399953  8.897  0.797       1.904   9.7765  25.0767     6.53      nan      nan   13.427  nan      nan    nan   0.979     nan                                None      24.393     -42.439      19.543       0.013     -44.793       0.014
 Gaia DR3 318121256883850112  26.8855169  34.8976939 13.797  2.706       1.919  28.4160  25.3292    11.57      nan      nan   19.435  nan      nan    nan   1.315     nan                                None      30.551     -50.515      31.621       0.025     -58.304       0.022
 Gaia DR3 450448409002349184  37.8462630  48.8118446 16.761  3.328       2.188  19.9189  25.5881     9.01      nan      nan   14.883  nan      nan    nan   0.942     nan                                None      13.093     -48.920       7.167       0.074     -52.383       0.070
Gaia DR3 1909471786118933120 337.3304000  41.1052972  8.636  0.854       2.006  28.1959  25.6635     1.52      nan      nan   18.723  nan      nan    nan   1.043     nan                                None      68.816     -23.507      60.907       0.011     -23.857       0.014
 Gaia DR3 556394841192307328  75.0235716  79.8025696 15.756  3.484       2.467  26.0132  26.0595    -0.49      nan      nan   29.688  nan      nan    nan   1.040     nan                                None     -46.013    -106.112     -34.562       0.029     -95.754       0.038
Gaia DR3 1938660967977324800 352.3797070  46.7412398 12.987  2.625       2.852  17.7058  26.2019     3.91      nan      nan   35.289  nan      nan    nan   1.196     nan                                None     115.474     -68.790     133.404       0.012     -80.140       0.013
Gaia DR3 2247455132146121856 300.4951834  64.4635354 17.997  4.615       2.734  30.3241  26.9257    -5.90      nan      nan   19.536  nan      nan    nan   1.143     nan                                None      69.972      17.594      75.490       0.203       7.777       0.163
Gaia DR3 2873647413847350528 359.6005543  31.6348288 14.841  2.999       2.873  30.3643  26.9560     7.78      nan      nan   26.236  nan      nan    nan   1.071     nan                                None      78.624     -49.176      87.431       0.031     -62.404       0.021
 Gaia DR3 316912305194145152  21.0845673  33.7171133 16.404  3.313       2.449  28.3953  26.9646    11.13      nan      nan   17.685  nan      nan    nan   1.123     nan                                None      33.895     -43.330      36.865       0.071     -34.697       0.050
Gaia DR3 1911118682736567168 347.8385852  33.3669106 15.562  3.251       2.747  31.3224  27.0311     4.89      nan      nan   21.327  nan      nan    nan   1.062     nan                                None      72.919     -33.262      62.749       0.038     -40.273       0.037
Gaia DR3 2201318520436572544 336.9022260  60.3587908 12.581  1.881       1.502  16.0455  28.3546    -0.59      nan      nan   13.476  nan      nan    nan   1.113     nan                                None      49.636     -17.078      45.507       0.013     -18.161       0.013
 Gaia DR3 272748152924048128  71.4762306  53.4400976 18.498  4.577       0.266  32.7186  28.6728     7.34      nan      nan   20.057  nan      nan    nan   0.943     nan                                None     -26.684     -66.593     -25.993       0.217     -67.482       0.168
Gaia DR3 2294626788019545216 292.8691629  78.9515174 10.455  1.222       0.757  28.2865  28.7074    -5.07      nan      nan   16.531  nan      nan    nan   1.156     nan                                None      55.725      27.079      53.183       0.015      26.374       0.014
 Gaia DR3 279240223626240256  75.6300476  54.8304086  9.127  1.054       2.509  33.7702  28.7617     6.66      nan      nan   23.424  nan      nan    nan   1.025     nan                                None     -37.171     -76.604     -35.344       0.016     -64.352       0.013
Gaia DR3 1113236389045845888 100.8197603  71.8251570 12.453  2.344       0.129  33.8212  28.9218     0.35      nan      nan   24.806  nan      nan    nan   1.241     nan                                None     -72.393     -64.048     -72.021       0.012     -64.614       0.015
 Gaia DR3 303812865394667904  24.1840117  31.5210874 15.789  3.192       2.812  31.0919  29.0185    11.97      nan      nan   17.977  nan      nan    nan   1.114     nan                                None      31.184     -43.324      30.211       0.054     -53.936       0.035
Gaia DR3 2241676236469802624 293.8942420  62.2322963 17.746  4.156       1.616  34.0010  29.2409    -6.95      nan      nan   21.220  nan      nan    nan   1.070     nan                                None      72.208      25.630      71.404       0.167      18.447       0.131
 Gaia DR3 138599595370943744  46.4063280  35.2585040 15.003  3.293       0.675  34.6382  29.4280    12.75      nan      nan   22.909  nan      nan    nan   4.308     nan                                None       7.229     -64.189       6.821       0.213     -60.955       0.155
 Gaia DR3 543576116160912896  56.0536950  72.4199271 13.224  2.236       2.546  20.5140  29.4746     2.14      nan      nan   13.948  nan      nan    nan   1.125     nan                                None      -4.577     -53.798     -10.435       0.009     -49.137       0.011
Gaia DR3 1150479046901494016  93.2790882  85.6081988  8.736  1.248       1.255  28.5718  29.5556    -2.44      nan      nan   34.158  nan      nan    nan   0.991     nan                                None     -87.723     -98.573     -91.192       0.014    -106.917       0.013
Gaia DR3 2184697722856171136 304.0933681  53.3483978 15.352  3.163       1.495  34.9079  29.6430    -5.97      nan      nan   24.394  nan      nan    nan   1.106     nan                                None      89.266      11.252      83.975       0.038      16.833       0.036
