GaiaDR3                               RA         DEC   Gmag  Bp-Rp  Voff(km/s) Sep(deg)   3D(pc) Vr(pred)  Vr(obs)    Vrerr Plx(mas)  SpT    FnuvJ  W1-W3    RUWE  XCrate                               RVsrc    PMRApred   PMDecpred        PMRA     PMRAerr       PMDec    PMDecerr
Gaia DR3 4617759514501503616  12.5469567 -83.7437629  7.816  0.685       0.000   0.0000   0.0000   -30.23   -30.23     0.14   17.418  nan      nan    nan   1.013     nan                            Gaia_DR3     139.455      30.389     139.455       0.026      30.389       0.019
Gaia DR3 4617759518798492800  12.5413259 -83.7436455 13.630    nan       2.101   0.0006   0.5580   -30.23      nan      nan   17.589  nan      nan    nan   2.435     nan                                None     140.826      30.674     148.118       0.160      27.936       0.188
Gaia DR3 6345188768178520320 340.8583041 -82.8448500 16.222  3.279       4.651   3.7549   4.9041   -32.67      nan      nan   16.546  nan      nan    nan   1.145     nan                                None     121.758     -41.071     127.370       0.057     -56.291       0.065
Gaia DR3 4619390884815304320  46.9256175 -80.9219676 14.783  2.853       4.657   5.2630   5.3481   -26.54     6.63     3.48   17.781  nan      nan    nan   1.153     nan                            Gaia_DR3     107.062     112.762     117.490       0.024      98.764       0.024
Gaia DR3 4615872241446992256  64.0537485 -82.3900748 19.060  1.308       3.816   6.1355   6.1381   -26.34      nan      nan   17.472  nan      nan    nan   1.026     nan                                None      72.858     134.838      64.543       0.235     123.504       0.218
Gaia DR3 4620495550404365056  40.6506395 -79.7837452  9.268  1.041       4.418   5.5373   6.2211   -26.52    -1.38     0.43   16.674  nan      nan    nan   1.794     nan                            Gaia_DR3     109.594      96.244      98.724       0.039      85.153       0.040
Gaia DR3 4683924039748230528   7.7740926 -77.0522618  8.900  0.923       4.941   6.7330   6.7406   -29.77    -4.63     2.81   17.648  nan      nan    nan   2.856     nan                            Gaia_DR3     142.337      32.177     146.205       0.046      14.205       0.041
Gaia DR3 6343231706201427712 319.8604251 -84.7566986  7.651  0.629       3.810   5.1763   7.4908   -33.31    -8.61     0.14   15.977  nan      nan    nan   0.974     nan                            Gaia_DR3      90.749     -81.756      92.059       0.021     -68.990       0.022
Gaia DR3 6343231706201426944 319.9048797 -84.7581073 14.201  2.559       4.031   5.1720   7.8438   -33.31    -3.65     3.13   15.855  nan      nan    nan   2.209     nan                            Gaia_DR3      90.124     -81.062      98.656       0.037     -70.635       0.044
Gaia DR3 4634953574257648512  21.8193363 -78.3158354 18.154  0.985       2.573   5.5999   8.1042   -28.09      nan      nan   19.500  nan      nan    nan   0.980     nan                                None     150.819      70.008     142.586       0.126      76.651       0.123
Gaia DR3 4611931591774972672  52.5197465 -88.2541181 15.637  3.051       4.929   5.0441   8.3575   -30.08    -5.34     3.15   15.661  nan      nan    nan   1.072     nan                            Gaia_DR3      85.638      96.102      81.237       0.037      80.436       0.041
Gaia DR3 4639066885912314752  41.2864529 -76.9152773 16.969  3.714       4.604   8.1633   8.4413   -25.04      nan      nan   16.943  nan      nan    nan   0.998     nan                                None     110.477     103.620      95.337       0.066      97.200       0.065
Gaia DR3 6378245310390086272 348.1348770 -76.4937928 11.982  2.130       4.279   8.2187   8.6747   -32.71    -7.05     3.81   18.514  nan      nan    nan   7.684     nan                            Gaia_DR3     142.931     -14.298     140.116       0.118       2.163       0.152
Gaia DR3 4625305535818621056  59.2272145 -80.2965945 16.522  3.652       4.001   7.0569   9.0129   -25.29      nan      nan   15.977  nan      nan    nan   7.802     nan                                None      75.682     120.551      72.218       0.528     107.528       0.556
Gaia DR3 4612119260368658304  52.4269578 -88.2462351  8.111  0.838       4.393   5.0370   9.2476   -30.08      nan      nan   15.398  nan      nan    nan   2.106     nan                                None      84.345      94.362      83.105       0.044      80.157       0.046
