GaiaDR3                               RA         DEC   Gmag  Bp-Rp  Voff(km/s) Sep(deg)   3D(pc) Vr(pred)  Vr(obs)    Vrerr Plx(mas)  SpT    FnuvJ  W1-W3    RUWE  XCrate                               RVsrc    PMRApred   PMDecpred        PMRA     PMRAerr       PMDec    PMDecerr
Gaia DR3 6173120554255287808 211.0135437 -30.0141593 12.070  2.420       0.000   0.0000   0.0000    35.87      nan      nan   31.639  nan      nan    nan   1.357     nan                                None      37.267    -246.011      37.267       0.026    -246.011       0.024
Gaia DR3 6009408259348189056 234.9666639 -37.8844953 16.013  3.610       2.556  21.2949  14.3604    41.51      nan      nan   26.262  nan      nan    nan   1.005     nan                                None      -0.120    -171.055       2.721       0.061    -184.916       0.042
Gaia DR3 5906519775156180352 225.4761582 -47.3878049 11.908  2.131       2.046  20.6422  15.9863    45.91      nan      nan   24.366  nan      nan    nan   1.252     nan                                None      11.587    -122.000       1.804       0.020    -118.161       0.018
Gaia DR3 5889892371901470336 229.3752916 -51.4723654 18.244  4.236       1.947  25.4149  16.2562    47.56      nan      nan   26.662  nan      nan    nan   1.240     nan                                None       7.442    -114.227      16.964       0.202    -108.830       0.268
Gaia DR3 6207048772964790272 231.5899634 -31.8372371 19.141  3.886       0.953  17.7184  17.2247    38.01      nan      nan   22.525  nan      nan    nan   1.054     nan                                None       3.760    -166.731      -0.668       0.428    -165.787       0.309
Gaia DR3 6205780035329630208 223.8479219 -31.2859116 15.831  0.223       2.091  11.1079  18.0179    37.47      nan      nan   20.845  nan      nan    nan   1.055     nan                                None      11.611    -156.433      13.651       0.061    -165.392       0.069
Gaia DR3 5897398535920298112 213.8955001 -52.2159473 19.278  3.533       2.328  22.3033  19.5977    47.30      nan      nan   22.351  nan      nan    nan   1.015     nan                                None      23.302     -96.014      33.623       0.316     -99.729       0.411
Gaia DR3 5923907314622859520 255.7863069 -53.2375751  5.218  0.641       2.442  39.7685  20.3683    47.66      nan      nan   37.370  nan      nan    nan   1.245     nan                                None     -38.832    -153.817     -22.409       0.111    -143.793       0.083
Gaia DR3 5924057019994083712 257.6843754 -53.0078638 11.143  2.457       2.321  40.7955  20.7555    47.48      nan      nan   45.777  nan      nan    nan   1.053     nan                                None     -51.666    -191.579     -46.207       0.065    -169.855       0.052
Gaia DR3 5237048997789472256 170.6869608 -65.5549519 18.027  4.759       1.871  43.2349  22.0608    47.88      nan      nan   36.680  nan      nan    nan   1.082     nan                                None      96.144    -117.323      94.939       0.144    -102.910       0.143
Gaia DR3 5951669983223769216 263.0707173 -47.0147333 14.184  2.783       1.844  43.2031  22.3465    44.77      nan      nan   34.937  nan      nan    nan   1.042     nan                                None     -48.059    -184.959     -46.563       0.027    -171.460       0.018
Gaia DR3 6091964711958297344 216.0599164 -48.7818744 13.557  2.722       1.174  19.1577  23.3216    46.11      nan      nan   19.707  nan      nan    nan   1.365     nan                                None      18.506     -95.726      16.989       0.022     -91.091       0.027
Gaia DR3 5821859647568636416 243.1732789 -66.2009631 15.348  3.229       1.693  41.1069  23.4633    51.13      nan      nan   28.810  nan      nan    nan   1.051     nan                                None     -12.104     -46.333      -5.448       0.018     -38.492       0.030
Gaia DR3 5956746565858482176 269.3088534 -41.9930808 10.404  2.183       2.597  47.7102  23.6518    41.82      nan      nan   56.495  nan      nan    nan   0.915     nan                                None     -93.007    -350.867     -68.959       0.019    -370.326       0.014
Gaia DR3 3673624208468512896 213.8111794   7.2037639 14.259  2.753       1.104  37.3148  24.0696     6.53      nan      nan   25.185  nan      nan    nan   1.257     nan                                None      26.357    -271.386      21.753       0.029    -275.017       0.022
Gaia DR3 5825911622812785408 235.0575425 -64.1612459 20.064  1.314       2.812  37.3585  24.2019    50.89      nan      nan   25.073  nan      nan    nan   3.918     nan                                None      -0.230     -49.235      -7.444       1.181     -36.241       2.202
Gaia DR3 5834745958257383808 241.9156316 -58.8383656 13.425  2.749       1.885  35.6592  25.2549    49.75      nan      nan   23.282  nan      nan    nan   1.115     nan                                None      -8.307     -69.144     -10.508       0.017     -78.133       0.015
Gaia DR3 5338936857710768640 164.5268210 -58.0711970 10.139  1.466       1.671  42.2822  25.8335    44.77      nan      nan   26.279  nan      nan    nan   0.839     nan                                None      72.057    -124.342      78.918       0.012    -130.553       0.011
Gaia DR3 6179194192063706880 197.7495984 -33.9938423 15.351  3.050       1.901  11.9199  26.6851    37.00      nan      nan   17.606  nan      nan    nan   8.666     nan                                None      30.940    -130.680      33.632       0.297    -137.201       0.263
Gaia DR3 3642183982710104064 218.3799905  -4.3452315 10.897  1.567       2.611  26.5960  27.3106    16.97      nan      nan   19.372  nan      nan    nan   9.941     nan                                None      16.016    -199.070      23.629       0.182    -191.601       0.150
Gaia DR3 5874833774226229376 225.1663738 -61.4191629 20.367    nan       2.534  32.7614  28.1623    50.29      nan      nan   20.428  nan      nan    nan   1.718     nan                                None      10.032     -51.307       6.901       1.487     -40.855       2.431
Gaia DR3 4365816462337747456 255.9710295  -3.6307015 15.145  3.253       0.886  49.9702  28.2730    16.01      nan      nan   28.616  nan      nan    nan   1.152     nan                                None     -29.986    -295.457     -24.643       0.038    -295.670       0.030
Gaia DR3 5992705440809465856 245.8420952 -42.3439814 14.453  2.749       1.666  30.4256  28.4027    43.60      nan      nan   19.717  nan      nan    nan   1.143     nan                                None     -10.920    -115.318     -17.826       0.021    -114.791       0.014
Gaia DR3 5809333770572586112 250.2272517 -67.7029985 20.799  1.915       1.008  44.1634  28.7500    51.18      nan      nan   24.297  nan      nan    nan   1.850     nan                                None     -18.727     -33.842     -13.639       1.129     -32.957       2.734
Gaia DR3 4155146598548456064 280.0736813 -10.4678010 10.638  2.126       2.296  66.7220  29.5111    18.62      nan      nan   56.257  nan      nan    nan   0.928     nan                                None    -116.218    -560.888    -143.151       0.018    -556.865       0.016
Gaia DR3 4343580935614969216 241.1516003 -10.2293851 13.285  2.473       1.393  34.3326  29.5169    22.36      nan      nan   20.151  nan      nan    nan   1.151     nan                                None      -6.413    -198.218     -11.720       0.018    -195.597       0.013
Gaia DR3 6254149308477617664 234.4322917 -19.4303373  8.933  0.877       1.503  23.6917  29.5535    29.60      nan      nan   17.976  nan      nan    nan   2.666     nan                                None       0.406    -160.896       6.100       0.049    -160.763       0.041
Gaia DR3 4343580866895491200 241.1558162 -10.2427068 12.522  2.233       1.597  34.3274  29.6634    22.37      nan      nan   20.075  nan      nan    nan   1.544     nan                                None      -6.393    -197.452     -12.806       0.025    -195.318       0.018
Gaia DR3 4440122420219989632 247.5532124   8.2669266 14.656  3.085       2.978  51.9352  29.8288     6.16      nan      nan   27.828  nan      nan    nan   1.106     nan                                None     -17.780    -301.022      -0.341       0.025    -299.990       0.018
Gaia DR3 5976809693786530432 255.8793759 -36.2533173 17.648  0.659       2.224  37.7478  29.9731    39.88      nan      nan   20.884  nan      nan    nan   1.035     nan                                None     -21.794    -143.568     -12.494       0.135    -140.504       0.087
