GaiaDR3                               RA         DEC   Gmag  Bp-Rp  Voff(km/s) Sep(deg)   3D(pc) Vr(pred)  Vr(obs)    Vrerr Plx(mas)  SpT    FnuvJ  W1-W3    RUWE  XCrate                               RVsrc    PMRApred   PMDecpred        PMRA     PMRAerr       PMDec    PMDecerr
Gaia DR3 1560676770454324224 208.4587571  52.6027601 13.988  2.814       0.000   0.0000   0.0000   -14.69   -14.69     1.64   24.377  nan      nan    nan   1.307     nan                            Gaia_DR3     108.546     -19.281     108.546       0.015     -19.281       0.017
Gaia DR3 1511440845920310144 211.5212678  50.6051307 13.527  2.736       1.792   2.7579  11.8664   -13.83   -13.58     1.47   34.161  nan      nan    nan   1.453     nan                            Gaia_DR3     154.182     -37.020     147.187       0.013     -26.176       0.017
Gaia DR3 1585284149919387264 225.1913196  42.3288419 18.240  4.489       0.740  15.2134  12.2161    -9.11      nan      nan   29.578  nan      nan    nan   1.095     nan                                None     136.807     -65.961     134.916       0.124     -70.169       0.157
Gaia DR3 1548117392728910848 183.0943041  49.8762335 17.872  4.027       1.820  16.0257  12.3469   -19.96      nan      nan   22.550  nan      nan    nan   1.077     nan                                None      78.616       9.666      85.011       0.080       3.836       0.113
 Gaia DR3 791085971801717632 178.4158035  50.5360528 18.867  4.021       2.110  18.6503  13.1205   -20.76      nan      nan   25.884  nan      nan    nan   1.141     nan                                None      83.521      17.829      73.981       0.141      24.273       0.197
Gaia DR3 1679365202380970880 195.3396665  67.2188298 16.431  0.609       1.684  15.9503  14.1960   -16.96      nan      nan   32.453  nan      nan    nan   0.992     nan                                None     131.495      29.805     142.762       0.047      27.398       0.045
Gaia DR3 1602162993437149184 230.9436090  56.1516750 11.359  1.773       2.993  13.5009  14.4383   -10.15    -7.69     0.33   19.727  nan      nan    nan   0.989     nan                            Gaia_DR3      90.621     -41.249      78.326       0.014     -39.323       0.015
Gaia DR3 1602163027795804160 230.9750583  56.1587384 10.980  1.911       2.684  13.5191  14.4957   -10.14    -2.15    14.65   19.702  nan      nan    nan   0.987     nan                            Gaia_DR3      90.504     -41.234      79.425       0.013     -40.007       0.014
Gaia DR3 1425236724824667520 245.4737848  53.1679337 17.898  1.228       2.823  22.0921  15.7437    -6.39      nan      nan   24.304  nan      nan    nan   1.064     nan                                None     104.758     -75.540     100.621       0.142     -89.398       0.125
Gaia DR3 1576850723937017216 195.1831149  56.3663538  4.886  0.518       2.612   8.5626  16.4037   -17.50    -3.45     1.66   39.463  nan      nan    nan   1.277     nan                            Gaia_DR3     159.658       9.379     140.082       0.106      -0.059       0.138
Gaia DR3 1602121173339328000 235.6019973  58.2756155 12.234  2.249       0.788  16.2743  17.9257    -9.58    -4.10     0.44   18.821  nan      nan    nan   1.414     nan                            Gaia_DR3      85.343     -43.778      84.125       0.021     -46.660       0.019
Gaia DR3 1412260533408744832 250.6168076  49.9359566  6.339  0.700       1.740  26.1313  19.5744    -4.39   -13.14     0.12   34.134  nan      nan    nan   0.968     nan                            Gaia_DR3     141.399    -118.438     133.661       0.024    -108.594       0.032
Gaia DR3 1536543722878629888 184.7166948  42.0753354 19.118  3.605       2.727  19.0885  20.0414   -19.69      nan      nan   18.637  nan      nan    nan   1.116     nan                                None      66.554      -3.982      66.129       0.315     -14.687       0.262
Gaia DR3 1618370619463553024 218.2783443  61.0121134 11.624  2.332       2.267   9.9575  20.3078   -13.30   -22.76     0.70   46.783  nan      nan    nan   1.512     nan                            Gaia_DR3     215.268     -47.227     197.033       0.054     -60.170       0.075
Gaia DR3 1618370615167692544 218.2788720  61.0121992 11.303  2.368       2.731   9.9577  20.3435   -13.30   -20.71     0.56   46.867  nan      nan    nan   3.695     nan                            Gaia_DR3     215.653     -47.313     205.998       0.095     -22.116       0.113
 Gaia DR3 785086417884831616 169.4219181  45.1631010 19.240  3.658       2.066  26.3659  21.4940   -22.52      nan      nan   20.764  nan      nan    nan   1.234     nan                                None      55.415      12.553      62.319       0.193      18.394       0.372
Gaia DR3 4008728655097959552 185.1460025  26.8104513 13.453  2.781       0.691  31.1160  21.7242   -18.62   -21.12     2.09   32.926  nan      nan    nan   1.119     nan                            Gaia_DR3     118.302     -43.201     116.071       0.017     -38.952       0.015
Gaia DR3 1078516698058157312 162.1111073  74.5198435 15.656  3.183       2.579  28.6555  22.8866   -18.62      nan      nan   20.967  nan      nan    nan   0.902     nan                                None      45.420      66.123      38.045       0.063      57.432       0.054
 Gaia DR3 829250093428318336 159.7709185  43.8740982 14.831  3.296       2.352  32.8985  23.0076   -23.93    -5.60     3.39   34.835  nan      nan    nan   1.342     nan                            Gaia_DR3      69.585      26.842      61.574       0.026      11.542       0.033
Gaia DR3 1245861955488573568 212.5438668  18.7697253 15.241  3.353       0.324  33.9831  23.4002    -8.68      nan      nan   25.848  nan      nan    nan   1.091     nan                                None     117.113     -64.252     118.294       0.039     -62.942       0.040
Gaia DR3 1449524112049053568 201.4983682  28.1765477 17.187  3.634       2.852  24.9673  23.8977   -14.04      nan      nan   18.636  nan      nan    nan   1.108     nan                                None      79.539     -32.639      68.333       0.154     -32.598       0.087
Gaia DR3 1282817022334383232 220.1188142  30.5203168  7.839  0.768       2.492  23.6737  23.9599    -8.42   -11.60     0.12   18.192  nan      nan    nan   0.944     nan                            Gaia_DR3      83.942     -43.083      93.465       0.020     -43.880       0.022
Gaia DR3 1432442825250178944 255.2993489  55.5825840 11.755  2.415       2.491  27.1038  24.0011    -5.10    -9.60     0.27   46.601  nan      nan    nan   1.141     nan                            Gaia_DR3     184.568    -169.400     165.305       0.021    -184.498       0.024
Gaia DR3 1282815063829295360 220.0771245  30.4436396  7.562  0.766       2.527  23.7357  24.0363    -8.42   -11.92     0.12   18.176  nan      nan    nan   0.929     nan                            Gaia_DR3      83.864     -43.057      93.448       0.019     -44.424       0.020
Gaia DR3 2256691304696743296 276.5515031  65.0406855 12.696  2.454       2.944  35.3267  25.5507    -5.32   -28.71     0.67   23.275  nan      nan    nan   1.528     nan                            Gaia_DR3      65.747    -106.201      64.300       0.023     -91.830       0.025
Gaia DR3 1316219257874320256 240.8032711  26.5078076 17.046  4.646       2.504  35.5369  25.8828    -0.61      nan      nan   23.014  nan      nan    nan   1.832     nan                                None     102.015     -74.189      93.194       0.105     -65.835       0.185
 Gaia DR3 750154972125704960 159.3480887  33.9392382 14.365  3.019       2.770  39.3417  26.0500   -24.26   -12.51     1.69   30.077  nan      nan    nan   1.066     nan                            Gaia_DR3      59.155      -3.117      65.239       0.022     -19.595       0.024
Gaia DR3 4002943059272288128 180.5316417  24.7157574 12.392  2.349       2.882  34.9529  26.2219   -19.58    -1.04     3.63   22.098  nan      nan    nan   1.632     nan                            Gaia_DR3      73.960     -29.564      67.849       0.029     -41.516       0.020
 Gaia DR3 764072689093638528 171.0188596  38.1362942 13.008  3.017       2.705  29.5548  26.5759   -22.42   -12.43     0.97   54.187  nan      nan    nan   1.405     nan                            Gaia_DR3     150.265      -1.518     121.323       0.025     -12.345       0.037
Gaia DR3 1573086507223498496 183.0899280  54.4901731 12.097  2.790       2.951  15.1073  26.6031   -19.73   -17.81     0.41   65.601  nan      nan    nan   1.500     nan                            Gaia_DR3     228.689      50.256     239.392       0.021      89.639       0.022
 Gaia DR3 764072693389251456 171.0210701  38.1348014 17.266  5.176       2.280  29.5545  26.6037   -22.42      nan      nan   54.313  nan      nan    nan   1.087     nan                                None     150.623      -1.532     125.680       0.135      -9.228       0.174
Gaia DR3 3737813697298504704 196.1559085  13.3536644 10.666  2.003       2.693  40.4624  26.7377   -13.25     5.70     0.21   34.825  nan      nan    nan   1.047     nan                            Gaia_DR3     142.199     -82.220     122.737       0.025     -85.690       0.023
Gaia DR3 1648284684427746944 239.7652524  71.7856836 13.006  2.195       1.513  23.5325  27.0525   -11.41   -14.64     0.62   16.909  nan      nan    nan   1.196     nan                            Gaia_DR3      75.346     -35.505      74.459       0.015     -40.824       0.016
Gaia DR3 1036463161434497152 136.4440485  56.3870591 20.644  2.840       1.318  40.0554  27.3585   -23.75      nan      nan   41.296  nan      nan    nan   1.177     nan                                None       7.521      91.698      15.239       1.081     100.189       0.892
Gaia DR3 2242756094328104576 292.3139983  65.9737835 14.616  2.895       2.078  41.2290  27.7702    -4.46   -45.58     2.10   26.886  nan      nan    nan   1.049     nan                            Gaia_DR3      46.337    -137.632      56.490       0.022    -131.659       0.020
Gaia DR3 3974692997781566080 177.8252745  18.4893429 12.241  2.515       2.841  41.6217  27.8670   -19.48     7.03     0.50   40.290  nan      nan    nan   1.218     nan                            Gaia_DR3     128.621     -69.663     106.725       0.023     -79.805       0.017
 Gaia DR3 747570290871415680 151.8576284  35.2446981  4.424  0.272       0.626  42.9890  28.0803   -25.11   -13.86     0.26   36.322  nan      nan    nan   0.958     nan                            Gaia_DR3      51.001       5.097      52.403       0.149       0.509       0.150
 Gaia DR3 824358778501921408 145.1818721  46.6458934 13.126  2.742       2.076  40.0797  29.3166   -24.92   -10.55     0.97   22.670  nan      nan    nan  22.991     nan                            Gaia_DR3      20.000      29.058      12.219       0.272      22.906       0.222
Gaia DR3 1689171261256716416 189.6272061  70.6763537 19.236  0.295       0.659  19.9650  29.7372   -17.28      nan      nan   15.435  nan      nan    nan   1.004     nan                                None      58.801      23.193      57.669       0.256      25.015       0.215
