GaiaDR3                               RA         DEC   Gmag  Bp-Rp  Voff(km/s) Sep(deg)   3D(pc) Vr(pred)  Vr(obs)    Vrerr Plx(mas)  SpT    FnuvJ  W1-W3    RUWE  XCrate                               RVsrc    PMRApred   PMDecpred        PMRA     PMRAerr       PMDec    PMDecerr
Gaia DR3 3811002791880297600 169.4827008   2.6190357 14.934  1.867       0.000   0.0000   0.0000    -9.11      nan      nan    4.141  nan      nan    nan   0.996     nan                                None     -27.260      -4.679     -27.260       0.032      -4.679       0.023
Gaia DR3 3812043067319248128 168.0966385   3.3841977 10.998  0.816       1.872   1.5816   7.6481    -8.43     1.06     0.47    4.079  nan      nan    nan   0.904     nan                            Gaia_DR3     -27.030      -4.543     -27.627       0.019      -3.047       0.015
Gaia DR3 3811361748067264896 168.4034580   2.3860536 16.870  2.481       1.590   1.1031   8.6886    -8.50      nan      nan    4.271  nan      nan    nan   0.996     nan                                None     -28.265      -4.882     -28.975       0.077      -6.126       0.058
Gaia DR3 3811002787586327040 169.4823139   2.6186689 17.906    nan       2.218   0.0005  10.6585    -9.11      nan      nan    3.966  nan      nan    nan   0.927     nan                                None     -26.108      -4.481     -27.906       0.155      -4.028       0.124
Gaia DR3 3813952953376377600 170.2543709   5.4633480 19.182  2.861       2.135   2.9466  12.4455    -9.78      nan      nan    4.131  nan      nan    nan   0.878     nan                                None     -27.092      -4.234     -28.653       0.299      -3.225       0.230
Gaia DR3 3791999829338301440 168.8190209  -0.4242070 16.913  2.678       1.227   3.1147  13.7191    -8.45      nan      nan    4.079  nan      nan    nan   0.941     nan                                None     -26.942      -5.017     -27.235       0.093      -4.004       0.073
Gaia DR3 3804291471688179456 167.5525476   0.3969322 12.473  1.096       0.965   2.9428  14.4224    -7.84     3.72     0.97    4.277  nan      nan    nan   4.000     nan                            Gaia_DR3     -28.409      -5.155     -29.262       0.067      -5.330       0.057
Gaia DR3 3804304670123262208 167.4687571   0.4655266 19.142  2.975       2.935   2.9479  15.6450    -7.80      nan      nan    4.316  nan      nan    nan   1.054     nan                                None     -28.683      -5.194     -26.261       0.338      -6.320       0.342
Gaia DR3 3804183238511952640 167.1214200  -0.0260655 11.871  0.911       2.190   3.5452  16.9155    -7.56    23.66     0.43    4.016  nan      nan    nan   1.136     nan                            Gaia_DR3     -26.728      -4.889     -28.361       0.021      -5.767       0.015
Gaia DR3 3797057170509265024 171.2522255  -0.4447080 10.786  0.654       1.138   3.5378  19.7893    -9.77    21.30     0.44    3.936  nan      nan    nan   0.961     nan                            Gaia_DR3     -25.673      -4.852     -24.948       0.018      -4.248       0.013
Gaia DR3 3814369152887268096 170.4820307   6.1096615 15.176  1.859       2.486   3.6300  20.1652    -9.96    24.33     4.90    4.388  nan      nan    nan   0.991     nan                            Gaia_DR3     -28.743      -4.383     -28.936       0.036      -6.675       0.035
Gaia DR3 3816500315659207936 166.8316799   6.3532612  9.942  0.700       2.040   4.5746  20.2704    -8.00    -9.26     0.26    4.266  nan      nan    nan   0.903     nan                            Gaia_DR3     -28.422      -4.421     -30.254       0.016      -4.306       0.014
Gaia DR3 3817157475719753088 167.6568123   5.7971821 18.827  3.081       0.786   3.6627  21.4375    -8.40      nan      nan    4.422  nan      nan    nan   1.073     nan                                None     -29.362      -4.612     -30.091       0.430      -4.697       0.454
Gaia DR3 3803409839456829056 165.9774163  -1.4989887 13.485  1.170       2.137   5.4073  23.2974    -6.78    -9.22     2.40    4.075  nan      nan    nan   1.027     nan                            Gaia_DR3     -27.242      -5.112     -25.690       0.017      -4.132       0.014
Gaia DR3 3811099583262759296 170.5526431   3.2209270 19.212  3.106       2.379   1.2264  24.0629    -9.75      nan      nan    4.588  nan      nan    nan   1.065     nan                                None     -30.041      -5.060     -29.108       0.409      -2.957       0.328
Gaia DR3 3800069179534903936 173.8762112   2.1686542 13.929  1.403       2.841   4.4127  24.3962   -11.43    12.28     2.65    3.897  nan      nan    nan   1.111     nan                            Gaia_DR3     -25.024      -4.389     -24.546       0.024      -2.104       0.021
Gaia DR3 3909215568519750784 173.9588113   5.3892630 16.749  2.579       2.071   5.2543  24.6227   -11.76      nan      nan    3.979  nan      nan    nan   4.965     nan                                None     -25.536      -3.932     -24.142       0.340      -2.896       0.294
Gaia DR3 3800940508139582592 174.6632426   4.0941786 14.748  1.877       2.423   5.3778  25.2159   -12.02    15.01     9.24    3.975  nan      nan    nan   3.802     nan                            Gaia_DR3     -25.394      -4.127     -27.414       0.105      -3.923       0.068
Gaia DR3 3811115388742988928 169.8261969   2.9808176 17.423  2.527       1.904   0.4986  25.3660    -9.33      nan      nan    4.625  nan      nan    nan   1.030     nan                                None     -30.396      -5.161     -28.550       0.125      -4.972       0.105
Gaia DR3 3818311859850735616 166.2953802   7.3831288 17.027  2.666       2.385   5.7247  26.6610    -7.79      nan      nan    4.369  nan      nan    nan   1.061     nan                                None     -29.173      -4.430     -30.525       0.091      -6.162       0.076
Gaia DR3 3797022535893072640 172.0033247  -0.3974731 14.612  1.648       2.041   3.9305  27.1240   -10.18    11.89     6.42    3.811  nan      nan    nan   0.954     nan                            Gaia_DR3     -24.750      -4.693     -25.950       0.031      -5.809       0.024
Gaia DR3 3807856676795693312 163.4321743   0.7000420 18.043  1.965       2.936   6.3449  27.1620    -5.59      nan      nan    4.080  nan      nan    nan   1.003     nan                                None     -27.518      -4.906     -29.551       0.176      -3.407       0.158
Gaia DR3 3789681509070425088 166.2200693  -3.0730647 19.575  2.772       2.846   6.5602  27.6427    -6.75      nan      nan    4.197  nan      nan    nan   1.020     nan                                None     -28.034      -5.435     -30.266       0.440      -4.268       0.376
Gaia DR3 3813762767929113088 169.5040001   4.7594572 16.927  2.740       2.679   2.1405  27.7450    -9.32      nan      nan    4.649  nan      nan    nan   0.950     nan                                None     -30.603      -4.915     -30.943       0.090      -7.519       0.070
Gaia DR3 3915044590759232512 169.5974980   9.1798290 17.770  2.840       2.628   6.5618  27.7525    -9.73      nan      nan    4.118  nan      nan    nan   0.981     nan                                None     -27.095      -3.710     -24.842       0.142      -4.066       0.151
Gaia DR3 3909365961094475136 174.8361925   6.1660045  9.802  0.667       2.397   6.4081  27.9641   -12.28   -12.16     0.27    4.041  nan      nan    nan   2.467     nan                            Gaia_DR3     -25.786      -3.814     -25.147       0.039      -1.875       0.032
Gaia DR3 3914027920460723840 171.1661641   8.7250376 17.227  2.756       0.980   6.3314  28.0390   -10.53      nan      nan    4.019  nan      nan    nan   1.004     nan                                None     -26.229      -3.577     -26.883       0.093      -4.089       0.075
Gaia DR3 3817595150067086464 170.4463371   7.1618539 12.903  1.209       2.187   4.6431  28.1947   -10.03     8.81     1.12    4.537  nan      nan    nan   2.274     nan                            Gaia_DR3     -29.724      -4.358     -31.104       0.047      -5.930       0.038
Gaia DR3 3795789536681481600 174.8208150   0.1362259 16.576  2.480       2.965   5.8855  28.4520   -11.74      nan      nan    4.420  nan      nan    nan   0.936     nan                                None     -28.207      -5.352     -25.929       0.079      -6.914       0.057
Gaia DR3 3810782163704817664 170.8752662   2.2785879 12.299  1.134       1.294   1.4323  28.5412    -9.84     9.69     2.91    4.683  nan      nan    nan   6.707     nan                            Gaia_DR3     -30.609      -5.316     -29.693       0.126      -4.426       0.111
Gaia DR3 3807856676796497024 163.4316523   0.6989973 11.493  0.815       2.904   6.3457  28.5758    -5.59    10.38     0.47    3.996  nan      nan    nan   0.979     nan                            Gaia_DR3     -26.951      -4.805     -29.072       0.020      -3.586       0.018
Gaia DR3 3811584326156678272 166.4499574   2.7919918 17.778  2.912       0.854   3.0343  28.9092    -7.47      nan      nan    4.646  nan      nan    nan   1.041     nan                                None     -31.003      -5.303     -30.215       0.150      -5.024       0.125
Gaia DR3 3909388290629228416 175.2391145   6.4168291 18.897  3.054       0.829   6.8805  29.0948   -12.51      nan      nan    4.225  nan      nan    nan   1.086     nan                                None     -26.881      -3.918     -27.246       0.347      -3.277       0.318
Gaia DR3 3819051212700093056 168.7627400   9.5277455 18.298  2.892       1.729   6.9457  29.4548    -9.30      nan      nan    4.239  nan      nan    nan   1.097     nan                                None     -28.004      -3.833     -28.263       0.205      -5.357       0.192
Gaia DR3 3818338458582839552 166.5045160   7.5482061 15.641  2.253       2.529   5.7525  29.4915    -7.92      nan      nan    4.475  nan      nan    nan   0.984     nan                                None     -29.858      -4.502     -30.855       0.046      -6.670       0.043
Gaia DR3 3803997219184541696 168.0636915  -0.4432920  9.514  0.483       0.931   3.3749  29.7320    -8.04   -12.50     5.36    3.742  nan      nan    nan   1.240     nan                            Gaia_DR3     -24.805      -4.603     -24.679       0.027      -5.326       0.021
