GaiaDR3                               RA         DEC   Gmag  Bp-Rp  Voff(km/s) Sep(deg)   3D(pc) Vr(pred)  Vr(obs)    Vrerr Plx(mas)  SpT    FnuvJ  W1-W3    RUWE  XCrate                               RVsrc    PMRApred   PMDecpred        PMRA     PMRAerr       PMDec    PMDecerr
Gaia DR3 6140553127216043648 194.4680841 -39.7580731 10.004  0.896       0.000   0.0000   0.0000   -13.82   -13.82     0.16   10.465  nan      nan    nan   1.010     nan                            Gaia_DR3     -76.744     -84.721     -76.744       0.015     -84.721       0.010
Gaia DR3 6166888694147374464 197.7970601 -35.7925876 17.866  3.467       2.354   4.7582   9.0297   -18.03      nan      nan   10.045  nan      nan    nan   1.082     nan                                None     -69.212     -81.529     -73.090       0.144     -84.661       0.182
Gaia DR3 6166149001995349760 201.9507469 -35.8947905 20.409  2.428       0.460   7.0570  14.1097   -19.80      nan      nan   11.494  nan      nan    nan   1.107     nan                                None     -72.466     -96.590     -73.383       0.763     -97.224       1.031
Gaia DR3 6152385865195778688 191.8455760 -39.4822247  8.678  0.785       2.820   2.0388  14.4394   -12.74   -17.84     0.20   12.276  nan      nan    nan   1.075     nan                            Gaia_DR3     -94.094     -96.526    -101.114       0.016     -94.532       0.013
Gaia DR3 6159982528470330624 190.8597647 -32.8548141 17.232  2.993       2.574   7.4888  16.4631   -16.43      nan      nan    9.478  nan      nan    nan   1.006     nan                                None     -73.791     -70.404     -73.269       0.071     -65.287       0.055
Gaia DR3 6160133264641532672 189.3464720 -32.9162180 17.332  3.442       1.301   7.9859  17.5559   -15.57      nan      nan   12.028  nan      nan    nan   1.060     nan                                None     -95.817     -88.030     -95.790       0.096     -91.330       0.066
Gaia DR3 6184933432305879424 191.7012258 -30.0464028  9.641  0.825       0.758   9.9717  23.8507   -18.60    19.70     0.18    8.986  nan      nan    nan   1.025     nan                            Gaia_DR3     -69.034     -65.650     -70.319       0.018     -65.010       0.013
Gaia DR3 6185230888856587520 193.8643459 -29.1219340 15.323  3.058       2.101  10.6477  24.1986   -20.34    20.59     5.43    9.053  nan      nan    nan   1.229     nan                            Gaia_DR3     -67.093     -66.818     -63.990       0.044     -69.360       0.033
Gaia DR3 6193263749010400384 201.7395812 -24.4833713 10.056  0.926       1.769  16.4541  27.1114   -27.18    31.99     0.25   10.726  nan      nan    nan   1.236     nan                            Gaia_DR3     -67.954     -79.391     -66.104       0.021     -75.845       0.014
Gaia DR3 6188800453355167360 203.3568722 -27.6800962 13.498    nan       0.592  14.1433  27.8662   -25.92   -24.16    34.34    9.271  nan      nan    nan   1.189     nan                            Gaia_DR3     -56.540     -72.229     -56.249       0.108     -73.349       0.115
Gaia DR3 6060710578571447424 195.4068501 -56.2100856 14.328  2.367       0.451  16.4636  28.1836    -2.70    29.03     1.64   11.930  nan      nan    nan   1.178     nan                            Gaia_DR3     -86.018    -103.647     -84.929       0.014    -103.332       0.018
Gaia DR3 3474446882527733888 182.9486072 -27.8906492 15.444  2.870       2.909  15.2168  29.9565   -14.65   -15.38     6.01   13.189  nan      nan    nan   1.079     nan                            Gaia_DR3    -114.307     -86.626    -121.884       0.047     -83.794       0.032
