GaiaDR3                               RA         DEC   Gmag  Bp-Rp  Voff(km/s) Sep(deg)   3D(pc) Vr(pred)  Vr(obs)    Vrerr Plx(mas)  SpT    FnuvJ  W1-W3    RUWE  XCrate                               RVsrc    PMRApred   PMDecpred        PMRA     PMRAerr       PMDec    PMDecerr
Gaia DR3 1505890751741673856 211.0939313  46.5192788 11.069  1.047       0.000   0.0000   0.0000    25.02      nan      nan    8.780  nan      nan    nan   1.021     nan                                None     -27.202     -27.069     -27.202       0.012     -27.069       0.013
Gaia DR3 1505659510702226048 211.1448954  45.0122658 14.829  2.398       0.944   1.5074   3.6941    25.39      nan      nan    8.619  nan      nan    nan   1.218     nan                                None     -26.749     -25.352     -25.091       0.018     -25.788       0.022
Gaia DR3 1492547800179998720 217.0403881  43.0653505 18.757  3.818       2.746   5.4506  11.0010    24.63      nan      nan    8.977  nan      nan    nan   1.016     nan                                None     -33.123     -22.612     -37.146       0.140     -25.902       0.168
Gaia DR3 1506798570389148672 215.1934665  46.6706033 17.542  3.300       2.236   2.8207  11.6848    24.21      nan      nan    8.064  nan      nan    nan   0.995     nan                                None     -28.302     -23.586     -25.654       0.082     -26.312       0.086
Gaia DR3 1497898741020791424 211.0644442  40.8496171 20.082  2.895       1.118   5.6697  11.6942    26.35      nan      nan    8.582  nan      nan    nan   1.114     nan                                None     -26.563     -21.864     -27.342       0.377     -23.729       0.467
Gaia DR3 1503205675627373952 205.3679281  44.6309357 12.051  1.242       2.871   4.4292  12.3613    26.43      nan      nan    8.180  nan      nan    nan   1.020     nan                                None     -20.428     -25.393     -21.097       0.009     -20.488       0.010
Gaia DR3 1485815353044416000 214.8625396  40.2354200 19.756  2.917       1.992   6.8528  13.6965    25.69      nan      nan    8.712  nan      nan    nan   1.054     nan                                None     -30.294     -20.448     -33.015       0.239     -22.893       0.283
Gaia DR3 1508625340238916224 215.0309938  50.5642544 16.000  2.966       1.156   4.8105  13.8371    23.24      nan      nan    9.663  nan      nan    nan   1.100     nan                                None     -33.762     -31.625     -36.114       0.038     -31.745       0.046
Gaia DR3 1552686894333017344 201.1511630  47.0197109 14.989  2.589       1.278   6.8239  14.1810    26.33      nan      nan    9.186  nan      nan    nan   1.110     nan                                None     -18.725     -31.748     -17.368       0.017     -29.679       0.021
Gaia DR3 1485051256887052672 214.9577399  39.8811452 18.085  3.559       1.965   7.2086  16.1384    25.73      nan      nan    9.478  nan      nan    nan   1.160     nan                                None     -33.048     -21.894     -29.873       0.102     -24.203       0.127
Gaia DR3 1554488890811854080 198.8852906  48.0778907 16.840  2.848       2.858   8.4156  18.9953    26.27      nan      nan    9.656  nan      nan    nan   1.042     nan                                None     -17.256     -34.899     -22.562       0.044     -32.516       0.060
Gaia DR3 1487986751071695872 219.2752773  39.5680399 17.383  3.232       2.803   9.1588  19.9203    24.77      nan      nan    8.285  nan      nan    nan   1.010     nan                                None     -32.327     -17.422     -27.749       0.057     -15.687       0.073
Gaia DR3 1485373074493509888 211.7684932  38.5185188 16.549  2.695       2.095   8.0161  21.0348    26.67      nan      nan    7.900  nan      nan    nan   1.065     nan                                None     -25.021     -18.136     -22.262       0.033     -20.270       0.041
Gaia DR3 1554549844988260096 197.9141771  48.4527325 10.713  1.081       1.237   9.1016  21.2904    26.25      nan      nan    8.077  nan      nan    nan   7.597     nan                                None     -13.557     -29.663     -15.653       0.112     -29.883       0.139
Gaia DR3 1508856753077571584 210.5780993  46.0945839 15.704  2.587       0.193   0.5544  21.3090    25.22      nan      nan    7.398  nan      nan    nan   4.446     nan                                None     -22.529     -22.666     -22.375       0.262     -22.407       0.387
Gaia DR3 1504234646711898240 213.4673199  42.4439720 20.223  2.944       0.676   4.4126  22.2715    25.53      nan      nan    7.461  nan      nan    nan   1.068     nan                                None     -24.908     -19.474     -25.294       0.397     -18.484       0.458
Gaia DR3 1510191594552968832 206.0940102  48.0285617 11.279  1.078       0.885   3.7121  22.4308    25.41      nan      nan    7.416  nan      nan    nan   0.948     nan                                None     -19.096     -25.253     -19.619       0.012     -23.973       0.015
Gaia DR3 1589954119402047104 223.0832341  46.4835628 16.261  2.672       0.710   8.2448  22.6354    22.51      nan      nan    7.789  nan      nan    nan   0.921     nan                                None     -33.100     -19.630     -34.053       0.034     -20.302       0.043
Gaia DR3 1587939436142370432 227.4078699  47.2265890 18.785  0.796       2.631  11.1545  22.8805    21.27      nan      nan    9.471  nan      nan    nan   2.627     nan                                None     -43.776     -22.122     -47.273       0.453     -18.202       0.508
Gaia DR3 1483977553719574912 214.0337918  36.2880648 14.648  2.433       2.216  10.4641  23.4140    26.58      nan      nan    9.897  nan      nan    nan   1.081     nan                                None     -33.603     -19.775     -29.816       0.013     -22.429       0.019
Gaia DR3 1294662232899597824 221.9992110  37.4243815 16.153  2.751       1.880  12.1610  24.0745    24.41      nan      nan    9.143  nan      nan    nan   1.019     nan                                None     -37.966     -16.361     -34.894       0.029     -14.438       0.035
Gaia DR3 1510191594552968960 206.0976338  48.0273217 16.940  2.805       0.816   3.7094  24.7701    25.41      nan      nan    7.283  nan      nan    nan   1.115     nan                                None     -18.756     -24.798     -19.471       0.054     -23.770       0.066
Gaia DR3 1473794014462017024 200.8954767  36.9398664 15.481  2.479       2.691  12.2134  25.0515    28.83      nan      nan    8.462  nan      nan    nan   1.073     nan                                None     -17.010     -20.612     -16.588       0.018     -15.830       0.019
Gaia DR3 1557646752629666048 194.2468705  52.3555504 12.299  1.546       2.319  12.3714  25.2438    25.27      nan      nan    9.543  nan      nan    nan   1.101     nan                                None     -12.066     -39.272      -7.612       0.010     -37.878       0.012
Gaia DR3 1557646756925673344 194.2373911  52.3583056 17.224  3.135       2.863  12.3778  25.2857    25.27      nan      nan    9.553  nan      nan    nan   1.036     nan                                None     -12.069     -39.320      -6.681       0.059     -37.269       0.064
Gaia DR3 1504159325869759360 205.6374996  47.4809831 19.770  3.192       2.917   3.8426  26.0064    25.63      nan      nan   11.263  nan      nan    nan   1.145     nan                                None     -28.453     -37.945     -29.655       0.287     -31.124       0.362
Gaia DR3 1504234646711898112 213.4663546  42.4440695 16.623  2.764       1.337   4.4122  26.7687    25.53      nan      nan    7.202  nan      nan    nan   1.087     nan                                None     -24.043     -18.799     -25.872       0.039     -17.917       0.047
Gaia DR3 1478900764938946048 213.6670467  33.3103399 13.240  1.812       1.472  13.3535  27.0271    27.12      nan      nan    8.545  nan      nan    nan   1.073     nan                                None     -28.701     -14.664     -31.052       0.007     -13.438       0.011
Gaia DR3 1598834943538067200 228.8753974  52.0952899 14.028  2.276       2.047  12.8197  27.7435    19.91      nan      nan   10.039  nan      nan    nan  13.011     nan                                None     -47.609     -26.237     -49.769       0.188     -22.482       0.211
Gaia DR3 1475797633886063360 203.0515077  38.3460119 10.342  0.799       1.945  10.0896  29.2900    28.24      nan      nan    7.486  nan      nan    nan   1.188     nan                                None     -16.819     -18.975     -17.848       0.012     -16.083       0.013
Gaia DR3 1481277462398944640 217.4399444  36.8074295 17.441  3.496       2.634  10.7983  29.3779    25.69      nan      nan    7.571  nan      nan    nan   0.951     nan                                None     -28.226     -14.552     -26.116       0.055     -10.915       0.074
