GaiaDR3                               RA         DEC   Gmag  Bp-Rp  Voff(km/s) Sep(deg)   3D(pc) Vr(pred)  Vr(obs)    Vrerr Plx(mas)  SpT    FnuvJ  W1-W3    RUWE  XCrate                               RVsrc    PMRApred   PMDecpred        PMRA     PMRAerr       PMDec    PMDecerr
Gaia DR3 6257625719430982016 227.8493632 -17.8754537 12.604  1.932       0.000   0.0000   0.0000     1.17      nan      nan   13.691  nan      nan    nan   1.135     nan                                None     -53.558     -52.391     -53.558       0.029     -52.391       0.032
Gaia DR3 6259776231032318208 230.0221480 -15.7954614 16.119  3.051       0.289   2.9412   3.8268    -0.16      nan      nan   13.855  nan      nan    nan   1.001     nan                                None     -53.670     -53.668     -54.361       0.064     -53.184       0.057
Gaia DR3 6282125660292201728 222.8850824 -18.5164584  8.182  0.624       0.988   4.7592  10.0682     2.91      nan      nan   12.371  nan      nan    nan   0.988     nan                                None     -49.221     -45.962     -47.629       0.026     -47.989       0.022
Gaia DR3 6309848815194321152 221.2965852 -15.9981839 13.176  2.174       2.810   6.5430  10.1298     2.64      nan      nan   12.765  nan      nan    nan   1.116     nan                                None     -50.977     -47.333     -50.278       0.021     -39.804       0.020
Gaia DR3 6282113909261678976 222.9023744 -18.5171076  8.955  0.775       0.967   4.7430  10.1944     2.91      nan      nan   12.345  nan      nan    nan   0.946     nan                                None     -49.113     -45.868     -48.015       0.021     -48.133       0.018
Gaia DR3 6280784118667445248 221.7494944 -20.0637006 15.389  2.643       1.487   6.1690  11.2045     3.74      nan      nan   12.405  nan      nan    nan   1.055     nan                                None     -49.489     -45.526     -48.154       0.042     -41.873       0.037
Gaia DR3 6237921994323611520 233.4813654 -25.6513761 16.606  3.241       2.484   9.3680  11.8941     2.00      nan      nan   13.812  nan      nan    nan   1.081     nan                                None     -52.501     -54.177     -58.985       0.092     -57.379       0.059
Gaia DR3 6286226941742973568 217.8826029 -17.0142932  9.485  0.896       2.927   9.5461  12.2112     4.04      nan      nan   13.592  nan      nan    nan   1.099     nan                                None     -54.578     -49.309     -50.104       0.020     -56.402       0.017
Gaia DR3 6310398154395115776 223.0740840 -14.8219547 12.907  2.282       0.604   5.5057  12.6059     1.71      nan      nan   16.070  nan      nan    nan  18.963     nan                                None     -63.904     -60.269     -65.728       0.362     -59.345       0.282
Gaia DR3 6317271789992693760 233.8565034  -9.2869790 13.892  2.468       0.485  10.3818  13.1895    -3.44      nan      nan   14.083  nan      nan    nan   1.229     nan                                None     -53.406     -54.727     -53.185       0.025     -53.303       0.019
Gaia DR3 6261372275242850816 235.1560351 -16.7813710 11.422  1.586       2.081   7.0598  14.3717    -1.40      nan      nan   11.946  nan      nan    nan   1.554     nan                                None     -44.926     -47.452     -43.132       0.035     -42.528       0.026
Gaia DR3 6310545871205339520 223.4305589 -14.2962959 14.289  2.411       1.211   5.5524  14.5097     1.44      nan      nan   11.713  nan      nan    nan   1.554     nan                                None     -46.534     -44.039     -45.127       0.135     -46.679       0.133
Gaia DR3 6279820602884084224 219.3581134 -21.1233770    nan    nan       2.451   8.6360  14.6764     4.80      nan      nan   12.200  nan      nan    nan   1.738     nan                                None     -48.895     -43.856     -51.492       0.117     -38.112       0.169
Gaia DR3 6272004621399274880 219.1528748 -24.7632849 14.390  2.900       2.443  10.6274  15.1343     5.93      nan      nan   15.410  nan      nan    nan   1.314     nan                                None     -61.779     -54.201     -56.010       0.036     -59.650       0.037
Gaia DR3 6321590980904008832 232.4745051  -7.1703829 12.723  2.057       1.911  11.6153  15.3818    -3.68      nan      nan   14.917  nan      nan    nan   1.219     nan                                None     -57.034     -57.357     -51.558       0.022     -54.880       0.019
Gaia DR3 6241645112493471872 236.5888948 -20.8225866 16.722  3.259       1.839   8.7547  15.6751    -0.48      nan      nan   12.013  nan      nan    nan   0.914     nan                                None     -44.736     -48.250     -46.449       0.085     -52.579       0.056
Gaia DR3 6211900402384667008 225.8274312 -30.2040740 18.997  3.994       2.128  12.4653  15.9822     5.59      nan      nan   14.555  nan      nan    nan   1.068     nan                                None     -57.388     -52.631     -51.870       0.428     -49.138       0.424
Gaia DR3 6296683537840920704 214.5886861 -17.6972053 16.686  3.623       1.196  12.6255  16.0900     5.28      nan      nan   14.434  nan      nan    nan   1.182     nan                                None     -58.070     -51.201     -54.487       0.094     -51.837       0.084
Gaia DR3 6296683503481129728 214.6177842 -17.7079331 14.365  2.645       1.640  12.5972  16.1184     5.28      nan      nan   14.529  nan      nan    nan   1.276     nan                                None     -58.449     -51.541     -55.004       0.029     -55.198       0.026
Gaia DR3 6210254704058526592 232.3617133 -28.8480908  8.532  0.916       2.290  11.7250  16.2363     3.34      nan      nan   12.804  nan      nan    nan   6.953     nan                                None     -48.990     -49.383     -55.170       0.259     -49.387       0.234
Gaia DR3 6211634595449946496 226.9541524 -30.7844159 16.963  3.419       1.177  12.9345  16.4970     5.45      nan      nan   13.626  nan      nan    nan   1.009     nan                                None     -53.499     -49.645     -56.496       0.097     -48.082       0.071
Gaia DR3 6251891152117973632 231.7629864 -21.9701756 16.427  3.134       2.699   5.5042  17.0161     1.30      nan      nan   11.336  nan      nan    nan   1.291     nan                                None     -43.517     -44.193     -45.055       0.132     -37.930       0.098
Gaia DR3 6321506043629142016 232.7086277  -7.7604969  9.964  1.176       2.474  11.1667  17.1134    -3.57      nan      nan   16.122  nan      nan    nan   2.169     nan                                None     -61.559     -62.151     -54.023       0.039     -65.879       0.025
Gaia DR3 6320625261801644160 226.7282187  -8.1626042 19.267  0.914       2.467   9.7739  17.1662    -1.54      nan      nan   11.926  nan      nan    nan   1.055     nan                                None     -46.863     -45.351     -46.859       0.308     -51.553       0.247
Gaia DR3 6317353772330292224 235.1769844  -8.7267276 12.601  2.015       0.734  11.5940  17.1708    -4.03      nan      nan   12.429  nan      nan    nan   5.450     nan                                None     -46.735     -48.373     -44.974       0.105     -49.144       0.076
Gaia DR3 6229024162113742464 222.0101342 -25.0532569 16.143  2.932       1.838   8.9996  17.5630     5.16      nan      nan   11.698  nan      nan    nan   1.154     nan                                None     -46.644     -42.059     -50.984       0.064     -40.752       0.060
Gaia DR3 6303896952594438784 215.0226279 -11.1780123 12.649  2.001       0.611  14.0989  17.8075     3.20      nan      nan   13.974  nan      nan    nan   1.221     nan                                None     -56.215     -51.099     -57.687       0.020     -50.062       0.016
Gaia DR3 6251891152117295744 231.7630794 -21.9704301 16.579    nan       2.717   5.5044  17.8958     1.30      nan      nan   11.214  nan      nan    nan   0.937     nan                                None     -43.049     -43.717     -43.613       0.256     -37.319       0.139
Gaia DR3 6210724234180034944 228.6426053 -31.0380107 15.188  3.115       2.021  13.1822  18.7036     5.05      nan      nan   12.559  nan      nan    nan   1.868     nan                                None     -48.963     -46.439     -43.925       0.069     -44.633       0.060
Gaia DR3 6243834927340043776 242.7825119 -20.9805202 16.493  2.786       1.620  14.4145  18.8238    -2.17      nan      nan   13.225  nan      nan    nan   1.084     nan                                None     -46.790     -54.982     -45.563       0.076     -59.329       0.056
Gaia DR3 6312121093412301568 224.8750880 -13.3287106 15.505  2.734       2.182   5.3734  18.9088     0.67      nan      nan   11.068  nan      nan    nan   1.106     nan                                None     -43.779     -41.918     -40.948       0.047     -37.686       0.040
Gaia DR3 6258389678155901824 231.5759926 -17.7924467 12.807  1.910       2.504   3.5485  19.0541     0.01      nan      nan   10.939  nan      nan    nan   1.226     nan                                None     -42.037     -42.710     -39.502       0.020     -37.522       0.017
Gaia DR3 6219085195472258944 223.2057850 -28.9145600  8.739  0.747       0.909  11.8294  19.6656     5.95      nan      nan   11.871  nan      nan    nan   1.036     nan                                None     -47.189     -42.188     -47.090       0.018     -39.915       0.016
Gaia DR3 6219061762132706048 223.1661939 -28.9175370 13.337  2.142       0.899  11.8453  19.8219     5.97      nan      nan   11.841  nan      nan    nan   1.270     nan                                None     -47.075     -42.065     -47.070       0.018     -39.821       0.016
Gaia DR3 6210765736446062592 227.0721547 -31.7580255 19.073  0.767       0.188  13.9003  20.0668     5.71      nan      nan   12.401  nan      nan    nan   0.947     nan                                None     -48.666     -44.986     -48.596       0.357     -44.499       0.328
Gaia DR3 6296703260330865536 215.2227095 -17.4818241  8.165  0.793       2.988  12.0345  20.4179     5.02      nan      nan   17.290  nan      nan    nan   0.989     nan                                None     -69.550     -61.632     -60.260       0.034     -67.314       0.027
Gaia DR3 6211075115828222208 229.8411238 -30.6298534 16.112  3.186       2.514  12.8822  20.4335     4.60      nan      nan   11.969  nan      nan    nan   1.026     nan                                None     -46.405     -44.845     -40.504       0.064     -42.516       0.045
Gaia DR3 6335061437157266432 230.4578173  -4.8481959 12.216  1.675       2.596  13.2747  20.4663    -3.78      nan      nan   12.074  nan      nan    nan   1.278     nan                                None     -46.670     -45.872     -48.398       0.015     -52.250       0.013
Gaia DR3 6218479742525028864 220.8643791 -30.2084172  7.617  0.661       2.910  13.8757  20.7540     7.00      nan      nan   12.189  nan      nan    nan   0.948     nan                                None     -48.721     -41.963     -46.682       0.039     -49.155       0.037
Gaia DR3 4343502011295861888 241.5108850 -10.7918518 13.840  2.616       1.520  15.0019  20.9926    -5.25      nan      nan   16.278  nan      nan    nan   2.617     nan                                None     -58.269     -65.050     -61.176       0.054     -69.382       0.030
Gaia DR3 6231158657780775680 224.9069658 -23.1129791 14.679  3.115       2.923   5.9178  21.1872     3.71      nan      nan   18.921  nan      nan    nan   1.160     nan                                None     -74.835     -70.177     -63.736       0.035     -73.755       0.031
Gaia DR3 6266346019171696384 234.3535982 -13.6624330  8.182  0.880       2.590   7.5436  21.2441    -2.17      nan      nan   18.708  nan      nan    nan   9.664     nan                                None     -70.724     -73.669     -80.455       0.272     -76.766       0.204
Gaia DR3 6233545177832596864 237.6220182 -28.5984332 18.435  3.746       1.593  13.9723  21.4838     1.82      nan      nan   12.026  nan      nan    nan   1.149     nan                                None     -44.448     -48.409     -48.317       0.260     -49.568       0.163
Gaia DR3 4403696733856621184 234.0667009  -2.6763374 16.583  3.060       2.931  16.3767  22.2192    -5.60      nan      nan   12.752  nan      nan    nan   0.931     nan                                None     -48.296     -48.169     -56.061       0.068     -49.503       0.058
Gaia DR3 6209193026801107968 234.0770838 -29.5282677 17.080  3.319       1.097  12.9662  22.4449     3.09      nan      nan   11.559  nan      nan    nan   1.019     nan                                None     -43.773     -45.128     -41.485       0.123     -43.745       0.121
Gaia DR3 6322771340996783616 231.2852996  -5.4723672 19.549  0.889       1.538  12.8495  22.7209    -3.85      nan      nan   11.481  nan      nan    nan   1.004     nan                                None     -44.187     -43.776     -43.674       0.383     -47.464       0.346
Gaia DR3 6174410388769782912 211.1347357 -27.6789639 16.591  3.226       2.295  18.2338  22.8778     9.14      nan      nan   14.630  nan      nan    nan   1.065     nan                                None     -58.767     -46.637     -60.115       0.089     -39.687       0.072
Gaia DR3 6206589555065309184 232.2596218 -33.3747478 14.056  2.508       2.928  15.9961  22.9123     4.80      nan      nan   12.321  nan      nan    nan   1.244     nan                                None     -47.169     -46.641     -54.774       0.032     -46.557       0.030
Gaia DR3 4403585683183075072 235.9630591  -2.3363047 15.972  3.151       0.990  17.4596  23.4154    -6.30      nan      nan   16.278  nan      nan    nan   1.034     nan                                None     -60.886     -61.457     -61.881       0.053     -58.210       0.047
Gaia DR3 3643081665234606080 216.7770802  -3.5532773 14.418  2.598       2.175  17.9662  23.5788     0.29      nan      nan   13.083  nan      nan    nan   1.233     nan                                None     -52.588     -48.690     -58.096       0.031     -51.062       0.027
Gaia DR3 6039683483818486656 237.9454362 -31.6123715 15.838  3.293       0.768  16.4947  23.6053     2.74      nan      nan   17.018  nan      nan    nan   1.998     nan                                None     -62.741     -68.246     -61.068       0.195     -70.435       0.145
Gaia DR3 6249848190791350784 243.5106315 -15.9787000 16.639  3.560       2.512  15.0975  23.8868    -4.08      nan      nan   17.832  nan      nan    nan   1.081     nan                                None     -62.651     -73.362     -71.287       0.093     -69.540       0.071
Gaia DR3 6049456389831655040 246.0536667 -23.5006452  8.700  0.713       1.061  17.9175  24.3819    -2.16      nan      nan   12.664  nan      nan    nan   0.983     nan                                None     -43.349     -53.858     -42.300       0.025     -56.490       0.019
Gaia DR3 6321363759954228352 230.6484953  -7.2399698 14.012  2.328       1.580  10.9797  24.7424    -3.09      nan      nan   10.850  nan      nan    nan   1.209     nan                                None     -41.897     -41.563     -40.964       0.025     -45.055       0.019
Gaia DR3 4404840221654405632 241.6337929  -3.7272648 18.406  3.669       2.391  19.5561  24.9013    -7.58      nan      nan   13.596  nan      nan    nan   1.045     nan                                None     -48.615     -52.075     -53.027       0.213     -46.833       0.142
Gaia DR3 6288188539206237568 207.1897288 -22.8756562 13.437  2.637       2.549  19.9811  24.9716     9.04      nan      nan   14.405  nan      nan    nan   1.202     nan                                None     -57.499     -46.536     -53.387       0.021     -53.095       0.019
Gaia DR3 3615462654699419776 210.3418431  -9.6419911 14.130  2.249       2.643  18.8745  25.2116     4.27      nan      nan   12.836  nan      nan    nan   1.150     nan                                None     -51.513     -46.446     -57.643       0.025     -42.763       0.018
Gaia DR3 3615462551620204288 210.3338425  -9.6454414 14.168  2.271       2.972  18.8799  25.2757     4.27      nan      nan   12.809  nan      nan    nan   1.048     nan                                None     -51.405     -46.347     -58.536       0.022     -42.662       0.018
Gaia DR3 6288214858765749376 207.1562763 -22.5629334 15.203  2.752       1.356  19.9559  25.4057     8.97      nan      nan   13.595  nan      nan    nan   0.958     nan                                None     -54.265     -44.051     -58.104       0.038     -43.461       0.032
Gaia DR3 6012607593363100928 232.6727287 -37.5586385 19.124  3.504       1.248  20.1328  25.5183     5.99      nan      nan   13.708  nan      nan    nan   0.992     nan                                None     -52.353     -50.969     -52.250       0.350     -54.574       0.276
Gaia DR3 4345297960455904000 243.2357963  -9.1899255 14.543  2.682       1.282  17.2812  25.5668    -6.28      nan      nan   17.786  nan      nan    nan   1.110     nan                                None     -62.655     -70.802     -61.387       0.032     -66.164       0.025
Gaia DR3 6038364928857752832 243.7717817 -30.3214947 15.489  2.703       2.979  19.0945  25.6629     0.81      nan      nan   16.761  nan      nan    nan   1.032     nan                                None     -58.737     -70.515     -68.703       0.046     -73.902       0.033
Gaia DR3 6278432125856939008 218.7013996 -22.9244033 12.045  2.166       1.780   9.9460  25.6953     5.53      nan      nan   20.177  nan      nan    nan   1.671     nan                                None     -80.942     -71.493     -87.505       0.026     -67.716       0.024
Gaia DR3 4405885483553019520 240.8231041  -2.3085594 14.114  2.610       2.753  20.1086  25.6981    -7.78      nan      nan   15.839  nan      nan    nan   1.134     nan                                None     -57.043     -59.988     -61.511       0.025     -51.954       0.023
Gaia DR3 3644166848851715328 213.5564454  -4.7254813 12.705  2.450       1.643  19.1926  25.8548     1.72      nan      nan   16.835  nan      nan    nan   4.964     nan                                None     -67.724     -62.306     -63.340       0.102     -66.152       0.074
Gaia DR3 6035107453865772160 241.2371067 -34.8347107 14.986  2.792       2.775  20.7259  26.1098     2.99      nan      nan   13.891  nan      nan    nan   1.118     nan                                None     -49.844     -56.825     -55.023       0.034     -50.564       0.025
Gaia DR3 3615221311897170816 212.0587114  -8.9278691 15.743  2.853       2.530  17.7585  26.1296     3.49      nan      nan   12.017  nan      nan    nan   1.020     nan                                None     -48.306     -43.838     -52.451       0.052     -48.728       0.046
Gaia DR3 3644228760805375104 213.0710328  -4.5663786 19.840  3.141       1.992  19.6509  26.1887     1.83      nan      nan   12.842  nan      nan    nan   1.060     nan                                None     -51.650     -47.503     -48.841       0.646     -42.899       0.461
Gaia DR3 6321299575961441152 230.1891222  -7.9374431 13.787  3.058       2.676  10.1956  26.3394    -2.72      nan      nan   20.432  nan      nan    nan  15.907     nan                                None     -79.082     -78.340     -67.913       0.312     -75.491       0.235
Gaia DR3 3640598796180438656 213.6654594  -7.1034334 16.862  3.531       2.593  17.5247  26.5813     2.41      nan      nan   18.273  nan      nan    nan   1.006     nan                                None     -73.508     -67.310     -67.525       0.096     -75.310       0.084
Gaia DR3 4346419634117103872 238.8182458 -10.4704077 16.393  3.332       2.817  12.9510  26.7403    -4.56      nan      nan   10.831  nan      nan    nan   1.073     nan                                None     -39.662     -42.879     -45.199       0.075     -46.151       0.052
Gaia DR3 6252203310343090688 229.0338721 -22.7139451 13.362  1.980       2.682   4.9643  26.8432     2.35      nan      nan   10.116  nan      nan    nan   1.128     nan                                None     -39.367     -38.676     -37.841       0.018     -33.165       0.015
Gaia DR3 6173495285857708800 210.6884831 -30.0958754 17.617  3.633       1.294  19.8336  27.2861     9.89      nan      nan   12.480  nan      nan    nan   0.936     nan                                None     -50.106     -38.537     -52.592       0.174     -36.211       0.170
Gaia DR3 4405715883884996352 240.7464251  -2.7682743 15.454  2.724       1.871  19.7021  27.3524    -7.62      nan      nan   12.396  nan      nan    nan   1.159     nan                                None     -44.671     -47.105     -48.280       0.040     -50.404       0.030
Gaia DR3 6274467630524196480 211.6797874 -24.4779065 16.782  3.436       0.701  16.4428  27.4314     8.11      nan      nan   11.353  nan      nan    nan   1.027     nan                                None     -45.624     -37.534     -46.727       0.073     -38.798       0.063
Gaia DR3 6213743557531279744 232.4089030 -26.6889319  9.461  0.810       0.659   9.7685  27.5046     2.64      nan      nan   10.359  nan      nan    nan   1.006     nan                                None     -39.622     -40.212     -38.464       0.018     -39.358       0.015
Gaia DR3 6250759612912676608 241.7187706 -15.7989044 11.792  1.535       0.621  13.4327  27.5697    -3.64      nan      nan   10.779  nan      nan    nan   0.948     nan                                None     -38.512     -43.990     -37.788       0.017     -45.202       0.012
Gaia DR3 6288319930845689856 207.4583174 -22.2251314 14.029  2.393       1.036  19.6248  27.5754     8.79      nan      nan   12.286  nan      nan    nan   1.146     nan                                None     -49.071     -40.043     -51.752       0.028     -39.956       0.029
Gaia DR3 6006623127671951360 231.8738056 -37.7565826 14.060  2.815       2.748  20.1914  27.6312     6.25      nan      nan   17.468  nan      nan    nan   1.088     nan                                None     -67.017     -64.304     -61.503       0.022     -55.819       0.021
Gaia DR3 6274215666267735296 212.2713409 -24.7258141 19.358  0.917       1.042  16.0325  27.6418     8.00      nan      nan   11.223  nan      nan    nan   1.099     nan                                None     -45.123     -37.218     -42.668       0.473     -36.978       0.424
Gaia DR3 4427177045186152448 233.4298292   3.4522406 17.203  3.706       2.448  22.0261  27.7826    -7.28      nan      nan   15.854  nan      nan    nan   1.057     nan                                None     -60.278     -57.584     -65.638       0.095     -51.400       0.074
Gaia DR3 6208354236868173312 234.0835460 -32.0093696 16.130  3.127       2.559  15.2134  28.3156     3.88      nan      nan   10.950  nan      nan    nan   1.168     nan                                None     -41.466     -42.406     -36.539       0.073     -39.148       0.068
Gaia DR3 4131855643673923456 249.3555980 -18.2016177 20.501  2.603       2.523  20.4401  28.4085    -4.89      nan      nan   17.876  nan      nan    nan   1.133     nan                                None     -58.911     -76.026     -53.496       1.385     -68.212       0.833
Gaia DR3 6122459151552478080 209.9176392 -34.1874578 16.100  3.559       1.639  22.8530  28.9304    11.12      nan      nan   16.226  nan      nan    nan   1.087     nan                                None     -65.081     -47.067     -67.739       0.064     -42.129       0.078
Gaia DR3 1158326639345372928 223.1392252   4.8404145 15.367  2.990       2.731  23.1864  29.0162    -4.39      nan      nan   14.085  nan      nan    nan   1.116     nan                                None     -55.999     -51.451     -64.066       0.044     -50.629       0.042
Gaia DR3 6224745030361396864 227.4322062 -27.1211338 17.727  3.354       2.894   9.2537  29.2788     4.19      nan      nan   10.110  nan      nan    nan   1.003     nan                                None     -39.618     -37.652     -45.377       0.145     -39.859       0.117
Gaia DR3 6201090897413528064 228.6973620 -34.2313604 16.963  3.206       2.559  16.3734  29.4120     6.01      nan      nan   10.979  nan      nan    nan   1.030     nan                                None     -42.793     -39.905     -37.603       0.101     -42.756       0.090
Gaia DR3 6291860835027792384 205.1276135 -20.7115197 17.646  3.705       2.679  21.6140  29.5889     9.09      nan      nan   12.466  nan      nan    nan   0.970     nan                                None     -49.502     -40.510     -56.514       0.151     -41.140       0.115
Gaia DR3 6213743493110394624 232.4098655 -26.6898362 16.599  1.723       0.472   9.7697  29.6810     2.64      nan      nan   10.106  nan      nan    nan   0.860     nan                                None     -38.654     -39.231     -39.556       0.217     -39.675       0.137
Gaia DR3 6105754924229340160 220.7552624 -37.2343157 15.967  3.212       2.436  20.3377  29.7407     8.97      nan      nan   18.869  nan      nan    nan   1.081     nan                                None     -75.439     -60.978     -85.015       0.064     -59.493       0.049
Gaia DR3 6323478498771079808 219.4667642 -13.1320700  9.580  0.868       2.035   9.3644  29.7438     2.35      nan      nan   10.067  nan      nan    nan   0.988     nan                                None     -40.339     -37.271     -38.121       0.019     -40.977       0.016
Gaia DR3 6246657163230763136 239.5089959 -21.0296398 17.538  3.218       2.707  11.4337  29.8131    -1.24      nan      nan   10.240  nan      nan    nan   1.013     nan                                None     -37.290     -41.822     -37.531       0.150     -35.984       0.083
Gaia DR3 3619583899158031872 208.4794218  -7.1287660 16.046  3.025       1.891  21.7195  29.9918     4.12      nan      nan   12.368  nan      nan    nan   1.020     nan                                None     -49.497     -44.999     -54.419       0.070     -44.713       0.039
