GaiaDR3                               RA         DEC   Gmag  Bp-Rp  Voff(km/s) Sep(deg)   3D(pc) Vr(pred)  Vr(obs)    Vrerr Plx(mas)  SpT    FnuvJ  W1-W3    RUWE  XCrate                               RVsrc    PMRApred   PMDecpred        PMRA     PMRAerr       PMDec    PMDecerr
Gaia DR3 1443530266145475840 205.2043219  22.9839682 11.370  0.761       0.000   0.0000   0.0000   -25.81   -25.81     0.59    2.516  nan      nan    nan   1.452     nan                            Gaia_DR3       1.024      -7.067       1.024       0.024      -7.067       0.015
Gaia DR3 1251170668209543936 206.0640265  21.6921942 19.734  2.413       1.979   1.5169  15.5965   -25.48      nan      nan    2.592  nan      nan    nan   1.074     nan                                None       1.208      -7.603       0.258       0.485      -8.121       0.300
Gaia DR3 1250949670667738624 206.2698370  21.1711811 13.483  0.916       1.475   2.0642  16.1862   -25.34   -14.78     2.41    2.566  nan      nan    nan   1.011     nan                            Gaia_DR3       1.232      -7.655       1.343       0.019      -6.865       0.011
Gaia DR3 1250949636308000000 206.2684701  21.1700068 16.545  1.882       1.575   2.0646  22.4911   -25.34      nan      nan    2.632  nan      nan    nan   1.005     nan                                None       1.263      -7.852       0.977       0.063      -7.026       0.039
Gaia DR3 1443259236528067712 201.7763261  23.7906970 17.611  2.440       2.413   3.2480  22.7084   -26.07      nan      nan    2.501  nan      nan    nan   0.961     nan                                None       0.431      -6.817       1.681       0.114      -6.576       0.082
Gaia DR3 1248517203054400256 206.7011576  20.0657993 19.991  2.544       2.993   3.2333  22.8632   -25.05      nan      nan    2.549  nan      nan    nan   1.050     nan                                None       1.298      -7.867       0.137       0.494      -8.979       0.388
Gaia DR3 1451363113965948032 206.3125978  26.5016927 17.265  2.504       1.261   3.6588  26.0437   -26.55      nan      nan    2.484  nan      nan    nan   2.512     nan                                None       1.199      -6.144       1.133       0.212      -6.801       0.122
Gaia DR3 1250630911079495424 209.2719507  21.8265365 17.949  2.456       1.945   3.9345  27.6590   -25.37      nan      nan    2.493  nan      nan    nan   0.976     nan                                None       1.705      -7.311       1.435       0.110      -6.325       0.090
Gaia DR3 1248736834797593344 203.9243297  19.0985346 18.403  0.813       0.950   4.0648  28.3627   -24.89      nan      nan    2.502  nan      nan    nan   0.941     nan                                None       0.800      -7.928       0.493       0.408      -7.531       0.200
Gaia DR3 1448210470531008000 201.6885568  25.6440876 19.526  2.654       1.914   4.1639  29.1959   -26.48      nan      nan    2.495  nan      nan    nan   0.990     nan                                None       0.415      -6.351       0.453       0.437      -7.357       0.294
Gaia DR3 1441153976702828288 202.5159800  19.6125126 19.825  2.526       0.634   4.1997  29.3459   -25.05      nan      nan    2.546  nan      nan    nan   0.990     nan                                None       0.568      -7.943       0.477       0.514      -7.616       0.197
Gaia DR3 1251034981602646784 207.2581538  21.6702040 19.088  2.778       1.652   2.3098  29.6699   -25.43      nan      nan    2.687  nan      nan    nan   1.064     nan                                None       1.470      -7.898       1.007       0.255      -8.710       0.243
