GaiaDR3                               RA         DEC   Gmag  Bp-Rp  Voff(km/s) Sep(deg)   3D(pc) Vr(pred)  Vr(obs)    Vrerr Plx(mas)  SpT    FnuvJ  W1-W3    RUWE  XCrate                               RVsrc    PMRApred   PMDecpred        PMRA     PMRAerr       PMDec    PMDecerr
Gaia DR3 2333676738050041728   2.2716168 -27.1217327 10.916  1.980       0.000   0.0000   0.0000    19.70    19.70     0.18   42.059  nan      nan    nan   1.086     nan                            Gaia_DR3     692.224      90.067     692.224       0.027      90.067       0.026
Gaia DR3 4966732174307663360  34.4906948 -35.6041581 11.816  2.383       1.203  28.6423  13.0719    49.03    33.52     0.31   36.672  nan      nan    nan   1.493     nan                            Gaia_DR3     419.214     272.126     420.483       0.014     281.338       0.021
Gaia DR3 4966732139948504192  34.4889191 -35.6155811 10.821  2.076       1.009  28.6424  13.0934    49.03    33.09     0.16   36.613  nan      nan    nan   1.082     nan                            Gaia_DR3     418.558     271.758     420.871       0.015     279.194       0.024
Gaia DR3 2794420351160369920   5.3219504  18.7318221 14.816  3.634       2.305  45.9488  18.8122    24.91   -25.97     2.11   40.986  nan      nan    nan  12.585     nan                            Gaia_DR3     663.412     -72.536     644.698       0.564     -79.361       0.431
Gaia DR3 5173821719064667520  40.1167924  -9.7248248 14.377  2.887       2.725  39.6689  21.5861    64.42    11.37     3.32   29.717  nan      nan    nan   1.231     nan                            Gaia_DR3     300.982      69.551     284.230       0.026      66.271       0.023
Gaia DR3 6800569066650831232 315.0144110 -28.8640720 13.305  2.684       2.060  41.4874  21.7142   -37.03    -6.34     0.91   30.527  nan      nan    nan   1.222     nan                            Gaia_DR3     445.810    -131.057     450.635       0.019    -118.709       0.016
Gaia DR3 2954555801611979648  79.6524542 -28.6999191 14.219  3.439       2.029  67.0777  23.6629    71.00    22.57     1.37   54.866  nan      nan    nan   1.198     nan                            Gaia_DR3     -53.033     450.621     -37.701       0.022     432.860       0.023
 Gaia DR3 327930412432710784  34.7661923  35.3532673 11.389  2.611       1.581  69.6052  24.0939    49.46   -28.73     0.24   57.328  nan      nan    nan   1.500     nan                            Gaia_DR3     651.818    -423.556     670.532       0.042    -427.412       0.040
Gaia DR3 2590110126983850752  19.8981788  14.1910176 12.174  2.393       2.375  44.7158  24.6963    43.40    29.63     0.25   28.520  nan      nan    nan   1.626     nan                            Gaia_DR3     406.980     -65.685     410.696       0.047     -79.475       0.021
 Gaia DR3 101309452355657216  33.8539785  24.2704692  6.637  0.852       2.613  59.7475  24.7261    54.48    -2.15     0.13   38.839  nan      nan    nan   1.596     nan                            Gaia_DR3     449.455    -200.791     462.607       0.047    -183.920       0.034
Gaia DR3 3175523485214138624  65.0338275 -14.9790036 16.241  4.122       1.939  59.2465  25.5629    76.80      nan      nan   36.338  nan      nan    nan   1.004     nan                                None     122.676     157.934     136.174       0.058     151.733       0.053
Gaia DR3 3338162729799839104  83.0602554   9.8198499 10.260  2.697       1.735  86.4089  26.3582    79.39      nan      nan   77.136  nan      nan    nan   1.151     nan                                None    -152.751    -222.710    -180.328       0.025    -216.752       0.018
Gaia DR3 3404727747858610432  73.0173380  14.6816291 17.423  4.045       2.799  80.3066  28.9648    78.33      nan      nan   47.566  nan      nan    nan   0.985     nan                                None      48.216    -205.378      49.469       0.178    -177.340       0.106
