GaiaDR3                               RA         DEC   Gmag  Bp-Rp  Voff(km/s) Sep(deg)   3D(pc) Vr(pred)  Vr(obs)    Vrerr Plx(mas)  SpT    FnuvJ  W1-W3    RUWE  XCrate                               RVsrc    PMRApred   PMDecpred        PMRA     PMRAerr       PMDec    PMDecerr
Gaia DR3 4904523077718046720   0.7744875 -62.4693160 13.667  0.935       0.000   0.0000   0.0000    19.81    19.81     2.37    1.944  nan      nan    nan   1.036     nan                            Gaia_DR3       2.791       4.876       2.791       0.013       4.876       0.013
Gaia DR3 6487440485908615424 359.5844275 -63.2692328 19.955  2.557       4.694   0.9666   9.1072    19.58      nan      nan    1.934  nan      nan    nan   1.064     nan                                None       2.943       4.910       4.686       0.347       4.122       0.370
Gaia DR3 4905571938795181824   0.5218201 -61.4319060 18.605  2.518       2.930   1.0442  10.4833    20.01      nan      nan    1.962  nan      nan    nan   0.936     nan                                None       2.853       4.762       1.673       0.183       5.039       0.146
Gaia DR3 4905585583907279616   1.2230792 -61.4404515 12.928  0.789       4.925   1.0503  13.3276    20.05    -2.14     1.76    1.981  nan      nan    nan   2.003     nan                            Gaia_DR3       2.779       4.838       2.468       0.029       6.871       0.029
Gaia DR3 6488053708454742784 359.3095931 -61.2008530 17.878  2.379       4.888   1.4446  13.6952    19.98      nan      nan    1.928  nan      nan    nan   1.041     nan                                None       2.972       4.592       1.228       0.097       3.641       0.103
Gaia DR3 6486010575331744768 358.0395694 -63.2223761 18.562  2.779       4.027   1.4576  14.1132    19.50      nan      nan    1.965  nan      nan    nan   1.118     nan                                None       3.207       4.907       1.786       0.162       5.780       0.173
Gaia DR3 6487565697090674432 357.8944546 -62.2360078 19.034  2.783       4.474   1.3565  14.3176    19.69      nan      nan    1.973  nan      nan    nan   1.053     nan                                None       3.242       4.781       1.832       0.201       3.566       0.231
Gaia DR3 4905704846558992896   2.4467164 -60.9284142 19.334  2.670       1.204   1.7328  18.2844    20.22      nan      nan    1.909  nan      nan    nan   1.047     nan                                None       2.508       4.640       2.024       0.258       4.660       0.245
Gaia DR3 4901069271175924864   0.8566304 -64.5116163 20.237  1.916       4.564   2.0426  18.5833    19.38      nan      nan    1.934  nan      nan    nan   0.950     nan                                None       2.765       5.139       4.372       0.547       6.077       0.587
Gaia DR3 6488031335968653312 359.0976490 -61.3424662 19.415  2.658       3.157   1.3759  19.5089    19.94      nan      nan    2.003  nan      nan    nan   1.075     nan                                None       3.119       4.782       2.211       0.272       5.759       0.292
Gaia DR3 4905929524888295936   0.8268242 -60.2185590 18.220  2.541       1.935   2.2509  21.0672    20.27      nan      nan    1.968  nan      nan    nan   1.056     nan                                None       2.818       4.613       2.028       0.153       4.473       0.124
Gaia DR3 6487763918420764800 357.5408294 -61.9153114 16.267  1.768       4.906   1.6068  21.8300    19.73      nan      nan    2.009  nan      nan    nan   0.996     nan                                None       3.350       4.802       4.139       0.037       2.880       0.041
Gaia DR3 4905772019847857792   3.0569956 -60.3919704 13.338  0.843       2.308   2.3463  21.8350    20.36     4.24     1.67    1.924  nan      nan    nan   1.094     nan                            Gaia_DR3       2.442       4.622       3.130       0.013       5.256       0.013
Gaia DR3 4900343898444888320   2.8156882 -64.7652154 16.229  1.702       3.746   2.4683  22.2143    19.42      nan      nan    1.952  nan      nan    nan   0.933     nan                                None       2.512       5.305       1.180       0.035       6.081       0.041
Gaia DR3 4904461638209958016   1.4691666 -62.8276016 20.224  2.124       4.745   0.4798  22.9067    19.78      nan      nan    1.863  nan      nan    nan   1.115     nan                                None       2.580       4.749       3.406       0.531       3.079       0.579
Gaia DR3 6488175341928137984 359.8208952 -60.7396479 11.492  0.644       4.610   1.7881  23.6540    20.11    39.42     3.18    2.013  nan      nan    nan   2.935     nan                            Gaia_DR3       3.029       4.750       1.256       0.044       5.577       0.054
Gaia DR3 4905957012678968704   1.3573834 -59.9949372 14.103  0.965       4.739   2.4902  23.6624    20.34     3.67     3.22    1.917  nan      nan    nan   0.936     nan                            Gaia_DR3       2.671       4.482       4.403       0.015       3.666       0.015
Gaia DR3 4900274152471481984   0.1216929 -65.1194549 17.542  2.140       1.764   2.6657  23.9349    19.21      nan      nan    1.943  nan      nan    nan   2.230     nan                                None       2.882       5.216       3.604       0.144       5.186       0.173
Gaia DR3 4904648658266373760   3.5009298 -61.7702878 18.301  2.722       4.865   1.4538  24.6409    20.10      nan      nan    1.869  nan      nan    nan   1.001     nan                                None       2.310       4.696       3.987       0.114       3.768       0.127
Gaia DR3 6488353565891150592 356.4151267 -60.6278224 18.992  2.533       3.168   2.7746  25.1792    19.90      nan      nan    1.960  nan      nan    nan   1.014     nan                                None       3.426       4.445       4.730       0.202       4.565       0.212
Gaia DR3 4901955198375554688   6.8032176 -61.7157286 12.359  0.716       4.236   2.9194  26.5059    20.25    10.72     1.06    1.931  nan      nan    nan   1.201     nan                            Gaia_DR3       1.914       4.955       1.281       0.014       3.351       0.014
Gaia DR3 4900034665094601088   2.5183123 -65.3054486 13.453  0.939       4.728   2.9379  27.4675    19.28    40.50     1.79    1.976  nan      nan    nan   1.045     nan                            Gaia_DR3       2.586       5.434       4.007       0.014       6.798       0.014
Gaia DR3 4900588337918631168   6.7902049 -64.0234715 13.572  0.837       2.930   3.1205  28.9860    19.75     1.80     2.27    1.919  nan      nan    nan   1.044     nan                            Gaia_DR3       1.904       5.249       3.089       0.012       5.254       0.012
Gaia DR3 6486354374578434304 354.6846445 -64.2615967 18.700  2.569       3.736   3.2638  29.3205    19.07      nan      nan    1.942  nan      nan    nan   1.079     nan                                None       3.628       4.815       2.948       0.157       3.445       0.200
Gaia DR3 4900538688096700800   6.7163545 -64.1182108 19.608  2.744       2.785   3.1366  29.6915    19.72      nan      nan    1.983  nan      nan    nan   1.452     nan                                None       1.979       5.437       3.143       0.423       5.417       0.411
Gaia DR3 6485238030974082944 359.1359132 -65.7523264 12.726  0.723       3.977   3.3598  30.4454    19.02    26.08     1.60    1.963  nan      nan    nan   0.979     nan                            Gaia_DR3       3.051       5.311       4.691       0.014       5.452       0.016
Gaia DR3 4905585618267012608   1.2497524 -61.4354421 11.530  0.687       3.036   1.0577  30.5498    20.05    -2.52     0.54    2.061  nan      nan    nan   3.463     nan                            Gaia_DR3       2.887       5.034       2.318       0.045       6.223       0.045
Gaia DR3 6488607789299376896 355.2858936 -61.2067086 19.788  2.227       1.611   2.8805  30.6237    19.71      nan      nan    1.886  nan      nan    nan   1.015     nan                                None       3.445       4.298       4.079       0.329       4.388       0.389
Gaia DR3 6487672693315628544 357.6692663 -61.7755668 13.430  0.895       4.158   1.6090  31.1178    19.77    36.69     1.86    1.846  nan      nan    nan   1.123     nan                            Gaia_DR3       3.062       4.400       4.558       0.012       5.016       0.013
Gaia DR3 4905711301894113152   2.6563067 -60.7438521 18.299  2.715       4.636   1.9435  31.2975    20.27      nan      nan    2.049  nan      nan    nan   0.995     nan                                None       2.660       4.959       2.021       0.138       3.062       0.132
Gaia DR3 6486940242476534272 354.0113518 -62.4537487 12.439  0.821       3.944   3.1255  32.4597    19.38    23.95     0.83    2.011  nan      nan    nan   1.044     nan                            Gaia_DR3       3.851       4.689       2.246       0.012       5.158       0.014
Gaia DR3 4900498036230540288   5.2737342 -64.6977992 18.858  2.717       4.126   2.9941  33.0104    19.54      nan      nan    2.022  nan      nan    nan   0.955     nan                                None       2.235       5.579       2.955       0.155       3.975       0.174
Gaia DR3 6486507726386500224 353.9424632 -63.4637408 18.775  2.633       2.627   3.2587  33.1757    19.18      nan      nan    1.889  nan      nan    nan   0.983     nan                                None       3.628       4.537       4.425       0.194       3.860       0.210
Gaia DR3 4900983268751447168   8.2238806 -62.7449032 15.081  1.322       4.028   3.4365  35.1178    20.08      nan      nan    2.013  nan      nan    nan   0.957     nan                                None       1.781       5.361       2.883       0.025       6.668       0.024
Gaia DR3 6488533885798186880 356.2689896 -59.3909592 16.853  1.828       4.532   3.7755  35.7638    20.12      nan      nan    1.906  nan      nan    nan   1.022     nan                                None       3.350       4.139       5.169       0.054       4.084       0.053
Gaia DR3 6486161689461111424 355.5085320 -62.9355296 19.360  2.528       2.353   2.4589  36.1902    19.39      nan      nan    1.843  nan      nan    nan   1.053     nan                                None       3.338       4.440       3.231       0.277       5.348       0.421
Gaia DR3 6494440462262528640 358.7422187 -58.7278941 16.654  1.957       4.937   3.8717  36.4755    20.42      nan      nan    1.992  nan      nan    nan   1.023     nan                                None       3.151       4.351       1.171       0.047       4.963       0.053
Gaia DR3 4900529750269677568   7.2939850 -64.1361281 19.737  2.459       3.849   3.3679  36.8004    19.74      nan      nan    1.871  nan      nan    nan   0.996     nan                                None       1.786       5.147       1.324       0.301       3.701       0.318
Gaia DR3 4918263567154783360   2.1112656 -58.8297869 18.791  2.334       4.420   3.6978  37.1114    20.61      nan      nan    1.887  nan      nan    nan   0.938     nan                                None       2.525       4.275       0.798       0.139       3.946       0.155
Gaia DR3 6488789556611754752 353.9285426 -60.2777372 18.016  2.044       4.958   3.9416  37.2379    19.78      nan      nan    1.905  nan      nan    nan   0.969     nan                                None       3.660       4.139       1.681       0.088       4.361       0.098
Gaia DR3 4707818587786813440   3.5174908 -66.2338917 19.403  2.776       4.582   3.9464  37.3905    19.11      nan      nan    1.904  nan      nan    nan   1.025     nan                                None       2.352       5.399       4.174       0.277       5.153       0.250
Gaia DR3 4708299525340797312   7.3513206 -64.7269606 15.786  1.589       4.809   3.6915  37.8737    19.61      nan      nan    1.881  nan      nan    nan   1.312     nan                                None       1.787       5.257       0.202       0.049       6.316       0.042
Gaia DR3 4708264134810397184   6.0496759 -65.1397664 13.996  1.001       1.807   3.5409  38.4821    19.47    -5.03     2.12    2.034  nan      nan    nan   1.032     nan                            Gaia_DR3       2.130       5.703       2.783       0.014       5.286       0.015
Gaia DR3 6488544468597646592 356.0590216 -59.3941821 16.177  1.720       1.404   3.8327  39.0272    20.10      nan      nan    2.021  nan      nan    nan   1.036     nan                                None       3.582       4.379       4.142       0.040       4.168       0.040
Gaia DR3 4900312841536440448   2.1344404 -64.6947346 17.847  2.211       0.587   2.3061  39.1036    19.40      nan      nan    1.828  nan      nan    nan   0.962     nan                                None       2.443       4.932       2.630       0.081       4.804       0.088
Gaia DR3 6494571952685688832 356.1954235 -58.7287918 20.121  2.376       4.122   4.3616  39.1576    20.23      nan      nan    1.956  nan      nan    nan   1.049     nan                                None       3.448       4.149       4.925       0.515       3.307       0.493
Gaia DR3 6390270836565178880 352.7583533 -64.9109678 18.562  2.438       3.728   4.3062  39.4105    18.80      nan      nan    1.980  nan      nan    nan   0.973     nan                                None       3.962       4.882       3.735       0.140       3.343       0.161
Gaia DR3 6487133451581641856 353.7151471 -61.5588263 11.604  0.732       1.315   3.4335  39.5428    19.53    47.68     0.53    2.046  nan      nan    nan   1.602     nan                            Gaia_DR3       3.961       4.622       3.400       0.023       4.536       0.025
Gaia DR3 6487911596575420800 356.9038454 -61.2653274 20.165  2.355       1.596   2.1859  39.8193    19.82      nan      nan    1.822  nan      nan    nan   1.029     nan                                None       3.122       4.240       2.869       0.403       3.682       0.528
