GaiaDR3                               RA         DEC   Gmag  Bp-Rp  Voff(km/s) Sep(deg)   3D(pc) Vr(pred)  Vr(obs)    Vrerr Plx(mas)  SpT    FnuvJ  W1-W3    RUWE  XCrate                               RVsrc    PMRApred   PMDecpred        PMRA     PMRAerr       PMDec    PMDecerr
Gaia DR3 4919770108539385472   6.6136034 -56.3442786 14.531  1.557       0.000   0.0000   0.0000     7.63     7.63     3.44    3.078  nan      nan    nan   1.036     nan                            Gaia_DR3      42.571       8.223      42.571       0.016       8.223       0.017
Gaia DR3 4918887544299519488   5.4568585 -57.1588871 14.237  1.227       4.745   1.0323   9.6744     6.73    -6.44     2.93    3.153  nan      nan    nan   1.075     nan                            Gaia_DR3      43.802       7.754      46.548       0.014       6.202       0.017
Gaia DR3 4923404819103518464   5.0206628 -53.9689989 19.452  2.764       4.815   2.5435  15.2447     7.07      nan      nan    3.129  nan      nan    nan   1.028     nan                                None      43.528       7.167      46.436       0.220       5.888       0.248
Gaia DR3 4921384840148411776   7.7577430 -55.2829558 17.022  2.291       4.179   1.2408  16.7633     8.60      nan      nan    3.230  nan      nan    nan   0.969     nan                                None      44.464       9.263      45.296       0.046      11.984       0.055
Gaia DR3 4924415888765041152   4.4353621 -53.2336655 16.407  2.218       3.078   3.3542  19.6733     6.80      nan      nan    3.036  nan      nan    nan   1.029     nan                                None      42.317       6.549      40.427       0.033       7.106       0.038
Gaia DR3 4921795683836355328  10.7912154 -53.3905526 17.425  2.648       4.495   3.8070  22.0030    11.09      nan      nan    3.127  nan      nan    nan   0.998     nan                                None      42.420      10.591      41.258       0.060      13.316       0.076
Gaia DR3 4908280108948813696  11.3752702 -56.5524914 20.273  2.417       3.201   2.6394  22.0262    10.55      nan      nan    2.935  nan      nan    nan   1.078     nan                                None      39.695      10.643      38.555       0.457      12.263       0.505
Gaia DR3 4923769925683390336   3.6922314 -54.0543741 17.966  2.652       2.027   2.8320  24.8771     6.15      nan      nan    2.911  nan      nan    nan   1.009     nan                                None      40.675       5.913      41.797       0.075       5.376       0.091
Gaia DR3 4908605903693051776  14.3353893 -55.6046577 19.638  2.668       4.199   4.3812  25.3885    12.69      nan      nan    3.139  nan      nan    nan   0.998     nan                                None      41.706      13.060      39.244       0.257      11.772       0.295
Gaia DR3 4906364171283169024   8.1013424 -58.6619924 18.128  2.502       4.403   2.4515  25.8633     7.99      nan      nan    2.887  nan      nan    nan   0.977     nan                                None      39.680       8.776      38.883       0.113      11.335       0.119
Gaia DR3 4907738943070912128  14.9052135 -56.6556009 11.622  0.710       4.782   4.5842  25.9760    12.67    21.55     0.90    3.095  nan      nan    nan   2.971     nan                            Gaia_DR3      40.968      13.368      39.962       0.042      16.321       0.047
Gaia DR3 4906364175578582528   8.0917340 -58.6683809 13.982  1.155       4.165   2.4559  27.6021     7.98    -5.93     2.28    2.870  nan      nan    nan   1.047     nan                            Gaia_DR3      39.452       8.720      39.022       0.016      11.204       0.015
Gaia DR3 4920032204623407232   5.1761808 -55.3806850 13.419  1.274       2.588   1.2566  28.2076     6.90    10.61     4.72    3.361  nan      nan    nan   1.000     nan                            Gaia_DR3      46.736       7.925      48.560       0.010       8.111       0.011
Gaia DR3 4907637925439876736  14.0746834 -56.9204012 19.380  2.466       2.109   4.1418  28.6856    12.08      nan      nan    2.937  nan      nan    nan   1.024     nan                                None      39.083      12.246      38.032       0.270      11.471       0.265
Gaia DR3 4925975923966174848   8.7587256 -51.6838334 17.590  2.406       2.471   4.8273  29.7639    10.14      nan      nan    2.981  nan      nan    nan   1.097     nan                                None      40.848       8.752      39.299       0.074       8.866       0.087
Gaia DR3 4924872701484491776  10.5413876 -52.8711290 19.142    nan       4.834   4.1504  30.5664    11.07      nan      nan    2.911  nan      nan    nan   0.970     nan                                None      39.541       9.659      39.066       0.295       6.732       0.345
Gaia DR3 4904628592178752256   4.3772677 -61.7024620 11.511  0.632       3.624   5.4796  31.2119     5.19    -2.69     0.62    3.060  nan      nan    nan   0.908     nan                            Gaia_DR3      42.657       7.137      40.394       0.013       7.722       0.015
Gaia DR3 4903309693621430528  10.2988742 -61.5221993 18.058  2.430       2.671   5.5140  31.4901     8.45      nan      nan    3.053  nan      nan    nan   1.101     nan                                None      41.530      10.935      43.242       0.115      11.086       0.105
Gaia DR3 4913814049756191488  16.3845399 -55.5297272 18.549  2.764       2.248   5.5282  31.7405    13.98      nan      nan    3.043  nan      nan    nan   0.993     nan                                None      39.863      13.832      39.626       0.126      15.255       0.161
Gaia DR3 4904628596474239616   4.3712759 -61.7000534 11.516  0.635       3.018   5.4779  32.1180     5.19    -2.67     0.80    3.014  nan      nan    nan   0.840     nan                            Gaia_DR3      42.025       7.027      40.178       0.013       7.543       0.015
Gaia DR3 4921411473241771392   8.3158442 -54.8654736 15.933  2.186       3.786   1.7638  32.7383     9.07      nan      nan    2.810  nan      nan    nan   1.023     nan                                None      38.584       8.328      39.181       0.032      10.489       0.034
Gaia DR3 4924746700029387904   8.5297424 -53.4945120 18.158  2.638       4.202   3.0548  32.7488     9.55      nan      nan    3.371  nan      nan    nan   1.070     nan                                None      46.250       9.974      49.028       0.093       8.878       0.117
Gaia DR3 4972244782012337536   2.9270948 -52.3689610 12.500  1.014       4.320   4.5171  33.4235     5.89    -1.05     5.51    3.307  nan      nan    nan   1.030     nan                            Gaia_DR3      46.309       6.099      45.569       0.008       9.018       0.011
Gaia DR3 4920784270577262336  12.8619217 -55.2890594 12.818  0.951       4.365   3.6642  33.5126    11.87     9.25     1.48    2.853  nan      nan    nan   1.122     nan                            Gaia_DR3      38.255      11.022      35.709       0.013      11.661       0.013
Gaia DR3 4907790276519993472  15.3128832 -56.1643925 11.196  0.742       3.970   4.8326  33.7379    13.09    25.25     0.37    2.912  nan      nan    nan   0.997     nan                            Gaia_DR3      38.434      12.736      37.430       0.013      10.516       0.016
Gaia DR3 4904842932522271232   2.6214165 -61.8555854 16.713  1.721       4.617   5.8776  33.7609     4.20      nan      nan    3.150  nan      nan    nan   1.030     nan                                None      44.149       6.168      44.647       0.058       9.193       0.064
Gaia DR3 4921953704271344768  11.8473898 -53.5716719 19.937  2.410       2.548   4.0867  34.7258    11.74      nan      nan    3.354  nan      nan    nan   0.989     nan                                None      45.238      12.057      46.898       0.287      11.357       0.405
Gaia DR3 4905557168403739648   0.9125579 -61.6231533 18.879  2.537       2.552   6.0361  34.9996     3.30      nan      nan    3.024  nan      nan    nan   1.018     nan                                None      42.552       4.795      42.721       0.174       6.414       0.177
Gaia DR3 6497585306036163200 355.7169298 -55.3800611 15.196  1.795       2.833   6.1838  35.1899     0.65   -37.89     9.51    3.061  nan      nan    nan   1.004     nan                            Gaia_DR3      43.375       1.366      44.311       0.019       2.936       0.023
Gaia DR3 4919549209781318528   3.9144044 -56.2725600 17.409  2.386       2.025   1.4989  35.2449     5.92      nan      nan    2.786  nan      nan    nan   1.558     nan                                None      38.894       5.919      38.268       0.098       4.908       0.102
Gaia DR3 6495085871291716224 357.6591424 -57.3534949 17.740  2.751       3.976   4.9957  37.1249     1.80      nan      nan    3.338  nan      nan    nan   0.987     nan                                None      47.218       2.853      44.492       0.099       3.481       0.101
Gaia DR3 6495527707463553536 354.8043150 -57.7535287 12.615  0.936       4.013   6.5670  37.4946    -0.01   -48.01     1.04    3.051  nan      nan    nan   1.851     nan                            Gaia_DR3      43.245       0.795      40.740       0.020       0.175       0.021
Gaia DR3 4902251791637183488  10.4382628 -62.7594082 20.071  2.558       4.586   6.6986  38.3249     8.15      nan      nan    3.155  nan      nan    nan   1.032     nan                                None      42.885      11.512      40.614       0.455      13.549       0.505
Gaia DR3 4922350456171949056  13.6441037 -51.9754225 10.667  0.748       1.877   5.9969  38.3322    13.44    -6.10     0.33    3.276  nan      nan    nan   0.996     nan                            Gaia_DR3      43.714      12.631      43.538       0.010      13.915       0.011
Gaia DR3 4974277018801079552   8.4076405 -50.3903788 19.161  2.599       2.061   6.0488  38.4203    10.20      nan      nan    3.272  nan      nan    nan   0.999     nan                                None      44.911       9.235      44.301       0.146      10.519       0.195
Gaia DR3 6488354390524851200 356.3452316 -60.5487070 17.572  2.576       2.734   6.8102  38.7960     0.81      nan      nan    3.057  nan      nan    nan   0.992     nan                                None      43.293       1.809      43.248       0.086       3.570       0.091
Gaia DR3 6494872570332056576 358.6691230 -57.8304810 19.005  2.769       4.703   4.5621  38.9790     2.39      nan      nan    2.833  nan      nan    nan   1.017     nan                                None      40.020       3.028      42.780       0.175       3.545       0.206
Gaia DR3 4926424108096732672  11.6267182 -50.4933728 19.635  0.116       3.496   6.5655  39.0953    12.49      nan      nan    2.986  nan      nan    nan   1.008     nan                                None      40.322      10.201      42.203       0.240       9.060       0.286
Gaia DR3 4903814339393575296  11.6026043 -59.5907225 20.125  2.445       4.449   4.1860  39.6051     9.75      nan      nan    3.421  nan      nan    nan   0.980     nan                                None      46.212      12.951      46.809       0.506      16.104       0.517
Gaia DR3 6488354012567730048 356.4249656 -60.5946958 14.204  1.294       4.455   6.8033  39.6070     0.86    23.41     3.77    3.193  nan      nan    nan   9.409     nan                            Gaia_DR3      45.218       1.945      43.292       0.146      -0.354       0.159
Gaia DR3 6521870219359929472 358.4030635 -51.9576740 17.169  2.339       3.655   6.5009  39.6284     2.71      nan      nan    2.963  nan      nan    nan   0.961     nan                                None      41.873       2.844      43.261       0.042       4.656       0.058
Gaia DR3 4910200199850255744  19.2281177 -57.8917748 14.838  1.691       3.599   7.0100  39.6669    14.70   -19.32     6.06    3.113  nan      nan    nan   2.672     nan                            Gaia_DR3      39.896      16.214      39.444       0.057      13.896       0.061
Gaia DR3 6496154940191407232 354.6971338 -55.3340684 17.871  2.815       4.921   6.7583  39.9980    -0.03      nan      nan    2.991  nan      nan    nan   0.994     nan                                None      42.394       0.714      44.279       0.082      -1.751       0.097
