GaiaDR3                               RA         DEC   Gmag  Bp-Rp  Voff(km/s) Sep(deg)   3D(pc) Vr(pred)  Vr(obs)    Vrerr Plx(mas)  SpT    FnuvJ  W1-W3    RUWE  XCrate                               RVsrc    PMRApred   PMDecpred        PMRA     PMRAerr       PMDec    PMDecerr
Gaia DR3 1014520826353577088 129.8823723  47.3519040 10.419  0.864       0.000   0.0000   0.0000    14.70    14.70     0.21    4.075  nan      nan    nan   1.125     nan                            Gaia_DR3     -24.060     -26.218     -24.060       0.016     -26.218       0.017
 Gaia DR3 918635299218507904 128.9827100  47.2330143 18.410  3.289       2.249   0.6217   2.7978    15.06      nan      nan    4.061  nan      nan    nan   1.030     nan                                None     -23.539     -26.376     -24.878       0.187     -27.759       0.203
Gaia DR3 1013931797359869440 133.5136906  47.3995882 18.919  3.207       2.718   2.4593  11.0118    13.43      nan      nan    4.133  nan      nan    nan   1.056     nan                                None     -26.142     -25.423     -25.933       0.227     -27.782       0.216
 Gaia DR3 917245001124271488 131.2935860  45.0372621 14.781  2.036       0.385   2.5122  11.8945    15.43    30.44     5.51    4.165  nan      nan    nan   1.739     nan                            Gaia_DR3     -25.286     -25.820     -24.950       0.047     -25.782       0.054
Gaia DR3 1015383530664786048 130.2633707  49.9770035 17.464  2.683       0.815   2.6371  12.3118    13.17      nan      nan    3.999  nan      nan    nan   1.240     nan                                None     -23.794     -26.151     -23.408       0.122     -26.719       0.106
Gaia DR3 1015036600387164544 132.2629130  48.6940389 17.080  2.523       1.350   2.0822  16.1515    13.20      nan      nan    3.865  nan      nan    nan   0.973     nan                                None     -23.900     -24.414     -23.261       0.070     -25.310       0.065
Gaia DR3 1011007233868981888 134.4348422  47.3189995 13.669  1.515       2.459   3.0850  18.8085    13.14      nan      nan    4.317  nan      nan    nan   4.202     nan                                None     -27.749     -26.211     -28.702       0.071     -28.235       0.067
 Gaia DR3 929902239681807232 122.8508432  47.3586797 11.935  0.851       2.974   4.7619  20.8719    16.85    73.57     1.23    4.015  nan      nan    nan   1.259     nan                            Gaia_DR3     -20.167     -27.813     -20.499       0.017     -25.319       0.015
 Gaia DR3 928424216880594176 124.7349446  44.6295493 18.289  3.090       0.791   4.4929  21.1402    17.83      nan      nan    4.240  nan      nan    nan   1.031     nan                                None     -22.334     -28.120     -22.903       0.177     -27.701       0.139
 Gaia DR3 913883729655459072 132.3895956  43.1742947 18.047  2.960       1.676   4.5344  21.4350    15.97      nan      nan    4.246  nan      nan    nan   0.957     nan                                None     -26.315     -25.517     -27.097       0.143     -24.237       0.125
Gaia DR3 1009983485464166144 134.1434038  44.2946033 17.349  2.585       2.352   4.2607  21.7258    14.75      nan      nan    4.294  nan      nan    nan   1.032     nan                                None     -27.460     -25.503     -25.335       0.093     -25.376       0.084
 Gaia DR3 917415047469733120 129.2287256  44.8407402 18.442  2.979       1.619   2.5517  21.8363    16.25      nan      nan    4.420  nan      nan    nan   1.114     nan                                None     -25.750     -28.018     -26.884       0.161     -29.012       0.143
Gaia DR3 1009764678354110080 135.7700051  45.3255964 18.609  3.087       2.265   4.5402  21.8684    13.63      nan      nan    3.927  nan      nan    nan   1.082     nan                                None     -25.814     -23.025     -26.777       0.199     -21.417       0.198
 Gaia DR3 918018404475323392 126.4374003  45.4091067 17.214  2.540       2.069   3.0691  22.0955    16.87      nan      nan    3.805  nan      nan    nan   1.066     nan                                None     -20.863     -24.995     -20.815       0.094     -23.336       0.082
Gaia DR3 1009470936950859008 136.0214496  44.3821376 19.036  3.292       1.087   5.2026  23.5854    13.99      nan      nan    3.965  nan      nan    nan   1.126     nan                                None     -26.174     -22.980     -25.337       0.330     -22.625       0.307
 Gaia DR3 915932429054637824 126.7693093  42.2585207 18.425  3.297       2.993   5.5505  24.6638    18.44      nan      nan    4.210  nan      nan    nan   0.986     nan                                None     -23.256     -26.698     -21.561       0.184     -28.743       0.135
 Gaia DR3 918688217510345856 128.0769573  47.3708562 13.743  1.358       1.815   1.2231  24.7065    15.28    16.07     2.09    3.711  nan      nan    nan   0.991     nan                            Gaia_DR3     -21.099     -24.377     -20.071       0.015     -25.356       0.013
 Gaia DR3 913473646176074112 129.8439291  41.9365453 14.330  1.725       2.708   5.4154  24.7611    17.53   -45.60     3.77    4.245  nan      nan    nan   4.349     nan                            Gaia_DR3     -25.047     -25.962     -27.468       0.071     -25.840       0.064
 Gaia DR3 916401061526410880 126.2419501  44.2794761 16.937  2.582       2.203   3.9837  24.8087    17.54      nan      nan    3.805  nan      nan    nan   1.275     nan                                None     -20.768     -24.771     -19.716       0.093     -26.190       0.071
 Gaia DR3 918420516493639808 129.6891850  46.7590807 18.525  2.756       2.179   0.6073  25.4931    15.08      nan      nan    3.694  nan      nan    nan   0.942     nan                                None     -21.722     -23.697     -22.169       0.169     -25.334       0.158
 Gaia DR3 918184430731458432 129.2239965  45.4529516 18.569  3.008       2.719   1.9525  25.9657    15.93      nan      nan    3.706  nan      nan    nan   1.078     nan                                None     -21.588     -23.628     -20.831       0.201     -25.612       0.178
 Gaia DR3 911954945741063552 129.6524410  41.3660886 17.794  2.760       0.962   5.9881  26.5735    17.88      nan      nan    4.221  nan      nan    nan   1.058     nan                                None     -24.803     -25.708     -25.119       0.133     -24.912       0.102
 Gaia DR3 929296782436491520 121.4652876  45.2550017 18.014  2.920       2.888   6.1775  27.2212    18.44      nan      nan    4.213  nan      nan    nan   1.032     nan                                None     -20.392     -28.975     -22.916       0.135     -28.516       0.110
 Gaia DR3 916472216248843264 125.9377183  44.6933648 17.578  2.638       1.747   3.8162  27.8391    17.41      nan      nan    3.740  nan      nan    nan   1.113     nan                                None     -20.270     -24.523     -21.480       0.115     -25.181       0.092
Gaia DR3 1013502708652757248 133.1703759  46.6803289 18.018  2.691       2.231   2.3400  27.9573    13.92      nan      nan    3.686  nan      nan    nan   1.020     nan                                None     -23.172     -22.642     -21.867       0.122     -21.500       0.125
 Gaia DR3 916427033192620288 125.8781015  44.2305099 19.210  3.129       1.763   4.1868  28.0345    17.68      nan      nan    4.481  nan      nan    nan   1.128     nan                                None     -24.252     -29.265     -23.449       0.322     -27.806       0.278
 Gaia DR3 931968389533007488 124.1816530  49.0692555 16.889  2.728       2.831   4.1677  28.1611    15.50      nan      nan    3.752  nan      nan    nan   0.988     nan                                None     -19.495     -26.043     -21.334       0.075     -24.765       0.058
 Gaia DR3 932397199068021376 120.6501163  46.1286218 18.411  2.813       1.995   6.4400  28.2201    18.17      nan      nan    4.208  nan      nan    nan   1.446     nan                                None     -19.912     -29.396     -18.403       0.297     -30.322       0.220
 Gaia DR3 933345497782603904 120.4090533  49.2233216 12.720  1.076       1.061   6.5703  28.4520    16.42    29.61     1.07    4.181  nan      nan    nan   1.062     nan                            Gaia_DR3     -19.645     -30.089     -18.789       0.013     -29.715       0.011
 Gaia DR3 928991259938230272 121.5303393  44.4885440 16.895  2.584       2.685   6.4728  28.8632    18.86      nan      nan    3.967  nan      nan    nan   0.898     nan                                None     -19.237     -27.061     -20.114       0.080     -29.129       0.054
Gaia DR3 1011643198265825920 139.4208859  46.9118102 16.737  2.457       1.345   6.5000  29.5156    11.46      nan      nan    4.276  nan      nan    nan   0.990     nan                                None     -29.741     -24.060     -30.132       0.055     -25.208       0.044
 Gaia DR3 916119754052763904 127.1739967  43.4319181 17.127  2.481       2.630   4.3563  29.7889    17.68      nan      nan    3.732  nan      nan    nan   0.944     nan                                None     -20.807     -23.863     -18.982       0.081     -22.887       0.073
Gaia DR3 1029519676786525824 131.1925964  53.2905393 16.409  2.462       2.710   5.9970  29.8131    11.08      nan      nan    4.370  nan      nan    nan   1.019     nan                                None     -26.477     -28.887     -28.743       0.049     -29.934       0.050
