GaiaDR3                               RA         DEC   Gmag  Bp-Rp  Voff(km/s) Sep(deg)   3D(pc) Vr(pred)  Vr(obs)    Vrerr Plx(mas)  SpT    FnuvJ  W1-W3    RUWE  XCrate                               RVsrc    PMRApred   PMDecpred        PMRA     PMRAerr       PMDec    PMDecerr
Gaia DR3 3598004677793811584 184.0545152  -3.5530887 12.529  0.871       0.000   0.0000   0.0000   -11.71   -11.71     1.27    3.206  nan      nan    nan   1.123     nan                            Gaia_DR3     -16.127       0.613     -16.127       0.018       0.613       0.015
Gaia DR3 3697660765307331840 184.0024208  -1.0338189 19.229  2.695       2.870   2.5198  13.8607   -11.63      nan      nan    3.189  nan      nan    nan   1.105     nan                                None     -16.046       0.956     -14.738       0.467       2.374       0.357
Gaia DR3 3601403852350210048 181.7860151  -2.5677900 17.843  2.445       2.187   2.4702  17.6090   -10.74      nan      nan    3.331  nan      nan    nan   0.999     nan                                None     -17.064       0.808     -15.725       0.184       0.057       0.122
Gaia DR3 3695578844336101760 187.0727669  -1.1778170 16.815  2.346       1.627   3.8386  20.8847   -12.90      nan      nan    3.218  nan      nan    nan   0.968     nan                                None     -15.748       0.927     -14.658       0.080       0.754       0.058
Gaia DR3 3694786233891119616 186.2809060  -1.6687301 16.585  2.260       0.407   2.9149  21.1690   -12.59      nan      nan    3.072  nan      nan    nan   1.037     nan                                None     -15.148       0.819     -15.248       0.080       1.063       0.056
Gaia DR3 3699712355221538688 185.5667988   0.1463979 12.352  0.833       2.000   3.9963  23.3691   -12.25   -39.75     2.87    3.128  nan      nan    nan   2.912     nan                            Gaia_DR3     -15.525       1.096     -14.770       0.046       0.015       0.035
Gaia DR3 3599148131230724736 179.6861239  -4.5925321 19.629  2.503       2.787   4.4796  24.4540    -9.88      nan      nan    3.238  nan      nan    nan   0.990     nan                                None     -16.847       0.575     -15.158       0.491       1.453       0.294
Gaia DR3 3595774146658687232 180.3605803  -6.1815693 14.658  1.460       2.052   4.5225  24.7845   -10.18    -4.41     4.19    3.185  nan      nan    nan   1.191     nan                            Gaia_DR3     -16.489       0.361     -15.112       0.037       0.383       0.018
Gaia DR3 3602539269905429120 180.6113073  -1.2242146 17.189  2.808       1.614   4.1542  24.8152   -10.21      nan      nan    3.324  nan      nan    nan   1.051     nan                                None     -17.181       0.991     -18.044       0.116       1.723       0.061
Gaia DR3 3601045652078296576 179.3721802  -3.0742857 19.892  3.010       1.612   4.6989  25.5927    -9.72      nan      nan    3.232  nan      nan    nan   0.966     nan                                None     -16.851       0.757     -17.946       0.675       0.853       0.304
Gaia DR3 3584112279657886336 183.0601853  -7.1914717 12.543  0.790       2.591   3.7706  25.9650   -11.33    -1.92     2.42    3.057  nan      nan    nan   3.389     nan                            Gaia_DR3     -15.504       0.138     -16.403       0.066      -1.269       0.050
Gaia DR3 3582229533497913088 183.9855809  -8.5317078 18.711  2.708       2.504   4.9791  27.0755   -11.71      nan      nan    3.213  nan      nan    nan   0.988     nan                                None     -16.170      -0.074     -16.127       0.278       1.622       0.208
Gaia DR3 3583919792106913536 185.1834570  -7.3871610 18.563  2.848       1.951   3.9953  28.0368   -12.20      nan      nan    3.041  nan      nan    nan   1.033     nan                                None     -15.146       0.040     -15.590       0.246      -1.130       0.220
Gaia DR3 3700906351833375872 184.0196017   1.6490639 18.871  2.613       2.721   5.2023  28.8406   -11.56      nan      nan    3.162  nan      nan    nan   0.972     nan                                None     -15.909       1.310     -17.494       0.315       2.193       0.258
Gaia DR3 3680719906758942464 187.9288406  -5.0878544 17.312  2.461       2.345   4.1569  29.1834   -13.30      nan      nan    3.417  nan      nan    nan   0.985     nan                                None     -16.584       0.326     -15.046       0.110      -0.374       0.078
Gaia DR3 3679725948247381248 187.7516244  -6.4413215 11.593  0.789       1.768   4.6802  29.8419   -13.24   -20.86     0.70    3.387  nan      nan    nan   1.038     nan                            Gaia_DR3     -16.464       0.104     -17.344       0.024       1.010       0.019
