GaiaDR3                               RA         DEC   Gmag  Bp-Rp  Voff(km/s) Sep(deg)   3D(pc) Vr(pred)  Vr(obs)    Vrerr Plx(mas)  SpT    FnuvJ  W1-W3    RUWE  XCrate                               RVsrc    PMRApred   PMDecpred        PMRA     PMRAerr       PMDec    PMDecerr
Gaia DR3 4393265392168829056 258.8314800   4.9605753 12.997  3.230       0.000   0.0000   0.0000    20.91    20.91     0.65   68.299  nan      nan    nan   1.009     nan                            Gaia_DR3     580.202    -749.713     580.202       0.059    -749.713       0.047
Gaia DR3 4071372539860350464 281.4909750 -28.9327009 11.373  2.795       2.808  40.2905  12.1575    58.24   -33.15     0.88   53.207  nan      nan    nan  19.563     nan                            Gaia_DR3     307.590    -280.328     307.227       0.714    -248.839       0.589
Gaia DR3 6758930664392303232 289.2697606 -30.3230941 15.398  3.823       1.766  45.7509  16.8266    61.72      nan      nan   42.781  nan      nan    nan   1.215     nan                                None     197.542    -197.309     183.531       0.066    -189.739       0.052
 Gaia DR3 881250430700478080 119.6669458  32.7885223 20.881  2.862       2.358 125.9329  22.7955   -65.34      nan      nan   91.929  nan      nan    nan   1.137     nan                                None    -269.688    -337.900    -224.440       2.868    -331.532       1.816
Gaia DR3 3987041475434695936 159.0373943  19.3901500 15.078  4.092       1.522  97.5361  24.0243   -58.11      nan      nan   58.060  nan      nan    nan   0.983     nan                                None     221.787    -399.158     228.859       0.054    -381.929       0.067
Gaia DR3 6261419038847838848 234.0908149 -17.3265695 16.298  3.234       2.039  33.0705  26.6088    20.77      nan      nan   26.560  nan      nan    nan   1.104     nan                                None     264.309    -257.346     275.717       0.086    -256.909       0.063
Gaia DR3 1893988497733997440 335.1676634  28.5953876 13.442  2.760       2.714  75.6396  27.8971    15.66   -20.31     1.23   36.162  nan      nan    nan   1.108     nan                            Gaia_DR3    -115.173    -499.829    -131.623       0.019    -487.282       0.018
Gaia DR3 6898779158932900096 318.5580655  -7.0486108 12.987  2.924       2.794  60.8018  28.0443    53.33   -22.26     1.45   31.148  nan      nan    nan   3.069     nan                            Gaia_DR3     -10.331    -287.928     -20.223       0.090    -303.380       0.053
Gaia DR3 4188546733786020608 298.8563328 -13.2699371 17.387  4.578       1.918  43.7239  29.9920    55.57      nan      nan   25.764  nan      nan    nan   1.580     nan                                None      79.072    -208.159      72.936       0.248    -199.738       0.144
