GaiaDR3                               RA         DEC   Gmag  Bp-Rp  Voff(km/s) Sep(deg)   3D(pc) Vr(pred)  Vr(obs)    Vrerr Plx(mas)  SpT    FnuvJ  W1-W3    RUWE  XCrate                               RVsrc    PMRApred   PMDecpred        PMRA     PMRAerr       PMDec    PMDecerr
Gaia DR3 3719927426253118848 201.9626519   9.0306427  9.665  0.736       0.000   0.0000   0.0000     3.43     3.43     0.19    4.420  nan      nan    nan   0.857     nan                            Gaia_DR3     -23.655      -7.627     -23.655       0.019      -7.627       0.007
Gaia DR3 3731831593833168384 201.3846858   8.7448002 17.295  2.603       2.213   0.6386   4.2230     3.73      nan      nan    4.487  nan      nan    nan   1.028     nan                                None     -23.971      -7.764     -25.994       0.110      -8.300       0.055
Gaia DR3 3733125890817761408 200.8520944  10.9353971 18.522  3.125       2.382   2.1964   8.7230     3.64      nan      nan    4.404  nan      nan    nan   1.172     nan                                None     -23.486      -7.789     -23.578       0.280      -5.579       0.182
Gaia DR3 3719555482085068416 203.1138334   7.8706174 14.999  2.000       1.738   1.6255  11.3381     3.09     2.36     3.62    4.246  nan      nan    nan   1.069     nan                            Gaia_DR3     -22.805      -7.201     -21.284       0.034      -7.528       0.018
Gaia DR3 3738016419754449024 202.6115232   9.9972072 17.060  2.620       1.334   1.1592  12.0534     3.01      nan      nan    4.213  nan      nan    nan   1.101     nan                                None     -22.594      -7.276     -22.830       0.109      -8.437       0.051
Gaia DR3 3732712753619926528 197.3236769   9.4336857 14.784  1.774       1.635   4.5965  18.1995     5.38     5.89     4.86    4.403  nan      nan    nan   1.021     nan                            Gaia_DR3     -23.140      -7.931     -21.704       0.035      -7.440       0.034
Gaia DR3 3732712753619926400 197.3210856   9.4339574 16.710  2.371       2.560   4.5991  18.4406     5.39      nan      nan    4.500  nan      nan    nan   0.936     nan                                None     -23.646      -8.105     -21.393       0.087      -7.201       0.081
Gaia DR3 3716339307494728960 200.2731861   4.5688107 14.008  1.598       2.128   4.7666  19.4572     4.80   -10.63     2.74    4.339  nan      nan    nan   0.978     nan                            Gaia_DR3     -23.086      -7.274     -23.870       0.031      -9.056       0.019
Gaia DR3 3721196979931100672 206.4019674   6.6796004 17.418  2.371       2.606   4.9864  21.0033     1.80      nan      nan    4.296  nan      nan    nan   0.988     nan                                None     -23.252      -7.071     -21.272       0.110      -8.355       0.079
Gaia DR3 3717405417161610880 200.4468721   6.0363442 17.875  2.633       2.409   3.3501  23.0698     4.52      nan      nan    4.085  nan      nan    nan   1.013     nan                                None     -21.752      -6.946     -23.428       0.153      -8.170       0.103
Gaia DR3 3715686919142289536 199.9422750   3.4480007 12.994  1.251       0.992   5.9326  23.4180     5.10    16.39     1.19    4.467  nan      nan    nan   1.014     nan                            Gaia_DR3     -23.741      -7.409     -23.740       0.021      -8.343       0.017
Gaia DR3 3743170822890797952 201.3676431  14.1038571 18.424  2.997       0.367   5.1066  23.5451     2.95      nan      nan    4.691  nan      nan    nan   0.976     nan                                None     -25.059      -8.427     -25.114       0.181      -8.787       0.067
Gaia DR3 3737636156234542720 197.2097220  12.9797939 18.361  2.798       0.784   6.1117  24.1543     4.89      nan      nan    4.410  nan      nan    nan   1.097     nan                                None     -23.164      -8.249     -23.676       0.218      -8.767       0.230
Gaia DR3 3729124153824980864 197.7390974   5.5309906 11.437  0.754       2.902   5.4584  24.4199     5.77   -11.62     0.78    4.223  nan      nan    nan   1.372     nan                            Gaia_DR3     -22.237      -7.247     -19.674       0.032      -6.925       0.030
Gaia DR3 3722027699620602752 207.1569390   8.3822529 15.247  1.966       2.836   5.1751  24.8634     1.23   -26.69     4.62    4.175  nan      nan    nan   1.105     nan                            Gaia_DR3     -22.625      -6.872     -24.102       0.037      -8.884       0.026
Gaia DR3 3729800765793063424 199.2553711   7.4311307 16.650  2.502       1.151   3.1204  24.8908     4.84      nan      nan    4.039  nan      nan    nan   0.927     nan                                None     -21.408      -7.018     -21.528       0.088      -7.990       0.063
Gaia DR3 3732287448777730176 201.4815218  10.4592783 15.758  2.218       2.888   1.5053  24.9897     3.44      nan      nan    3.993  nan      nan    nan   1.005     nan                                None     -21.336      -6.993     -22.614       0.047      -4.924       0.019
Gaia DR3 3739439462679321472 200.9135093  11.9207377 16.606  2.669       2.979   3.0687  25.3932     3.47      nan      nan    4.911  nan      nan    nan   1.198     nan                                None     -26.193      -8.743     -26.202       0.101     -11.827       0.038
Gaia DR3 3713136911159441920 202.6484027   4.2278348 14.894  1.996       1.561   4.8508  25.8288     3.80   -13.91     5.87    4.805  nan      nan    nan   2.466     nan                            Gaia_DR3     -25.775      -7.949     -24.625       0.082      -6.863       0.042
Gaia DR3 3737455393946741760 196.9689736  12.5273873 15.239  1.971       2.812   6.0235  26.1179     5.07   -11.11     4.99    4.670  nan      nan    nan   1.105     nan                            Gaia_DR3     -24.500      -8.718     -23.067       0.046      -6.349       0.052
Gaia DR3 3711800553560306688 204.4601596   2.7826856 19.603  3.185       1.828   6.7233  26.6617     3.19      nan      nan    4.511  nan      nan    nan   1.058     nan                                None     -24.315      -7.331     -24.646       0.445      -5.625       0.361
Gaia DR3 3719469720177683072 202.6818070   7.7954465 17.446  2.658       0.850   1.4254  27.0575     3.29      nan      nan    3.958  nan      nan    nan   1.089     nan                                None     -21.231      -6.730     -21.916       0.115      -6.545       0.063
Gaia DR3 3726797754723825664 208.4959480  10.4273209 18.756  3.113       2.877   6.5888  27.2133     0.36      nan      nan    4.293  nan      nan    nan   0.890     nan                                None     -23.311      -7.004     -22.707       0.238      -9.536       0.170
Gaia DR3 3730673365708392064 196.9975638   7.3634911 19.502  2.751       2.037   5.1892  27.2648     5.83      nan      nan    4.109  nan      nan    nan   1.056     nan                                None     -21.561      -7.244     -21.958       0.575      -5.524       0.537
Gaia DR3 3728735991860203392 207.7886386  13.0474983 12.809  1.189       2.316   6.9869  27.6602     0.32    19.61     9.79    4.399  nan      nan    nan   2.202     nan                            Gaia_DR3     -23.863      -7.251     -24.193       0.038      -9.373       0.031
Gaia DR3 3733057622312622592 199.6221332  10.6165679 19.170    nan       1.486   2.7988  28.0723     4.22      nan      nan    3.971  nan      nan    nan   0.997     nan                                None     -21.079      -7.090     -20.764       0.693      -5.886       1.227
Gaia DR3 3720515733693257472 208.1451129   6.8935716 10.286  0.719       1.642   6.4847  28.1450     1.00    -7.21     0.22    4.226  nan      nan    nan   0.913     nan                            Gaia_DR3     -22.938      -6.879     -24.152       0.017      -7.695       0.011
Gaia DR3 3736486238871223936 199.5905808  11.9992751 19.697  3.201       2.604   3.7750  28.6695     4.03      nan      nan    3.996  nan      nan    nan   0.979     nan                                None     -21.205      -7.219     -19.044       0.571      -7.592       0.479
Gaia DR3 3745257253579951488 202.0848778  16.3567565  9.654  0.585       2.856   7.3271  28.8564     2.31    -9.86     3.00    4.457  nan      nan    nan   1.050     nan                            Gaia_DR3     -23.863      -8.025     -26.293       0.026      -6.887       0.010
Gaia DR3 3744998387310514688 203.3846068  15.9121985 16.037  2.365       0.120   7.0200  29.0781     1.82      nan      nan    4.282  nan      nan    nan   0.918     nan                                None     -23.014      -7.551     -23.121       0.053      -7.569       0.031
Gaia DR3 3729098796337744256 197.1356879   5.7098632 14.808  2.000       2.496   5.8255  29.5680     6.01     3.85     5.90    4.843  nan      nan    nan   1.177     nan                            Gaia_DR3     -25.429      -8.356     -26.670       0.033      -6.130       0.030
Gaia DR3 3715514948651387520 200.1940439   2.9104981 19.142  3.122       2.478   6.3677  29.6085     5.07      nan      nan    4.157  nan      nan    nan   1.236     nan                                None     -22.110      -6.846     -22.547       0.597      -8.972       0.377
Gaia DR3 3665787263247599616 207.4195100   4.0582932 16.858  2.556       2.325   7.3549  29.8605     1.70      nan      nan    4.317  nan      nan    nan   1.059     nan                                None     -23.405      -6.993     -22.089       0.087      -8.650       0.065
