GaiaDR3                               RA         DEC   Gmag  Bp-Rp  Voff(km/s) Sep(deg)   3D(pc) Vr(pred)  Vr(obs)    Vrerr Plx(mas)  SpT    FnuvJ  W1-W3    RUWE  XCrate                               RVsrc    PMRApred   PMDecpred        PMRA     PMRAerr       PMDec    PMDecerr
 Gaia DR3 474143193821024256  56.3369915  60.3509164  7.891  0.715       0.000   0.0000   0.0000   -14.60      nan      nan   12.701  nan      nan    nan   1.003     nan                                None     -55.038      -4.837     -55.038       0.024      -4.837       0.019
 Gaia DR3 445550359582985728  58.1055618  56.2050574 16.736  3.142       2.736   4.2485   5.8911   -14.78      nan      nan   12.603  nan      nan    nan   1.155     nan                                None     -54.124      -6.198     -48.031       0.090     -10.165       0.076
 Gaia DR3 467419164816997376  43.7926653  63.2446316 18.182  4.000       2.237   6.5821  12.3668   -12.60      nan      nan   14.336  nan      nan    nan   1.053     nan                                None     -64.349     -15.635     -71.101       0.145     -15.988       0.145
 Gaia DR3 465045280556997888  39.1389290  59.6486485 11.657  1.646       2.086   8.6030  13.5537   -11.38      nan      nan   14.057  nan      nan    nan   3.026     nan                                None     -63.146     -22.072     -66.702       0.035     -17.015       0.038
 Gaia DR3 466239148328228736  45.4554588  61.4957546 12.701  1.836       1.227   5.4038  13.8802   -12.73      nan      nan   11.097  nan      nan    nan   1.190     nan                                None     -49.719     -11.728     -52.524       0.014     -12.334       0.014
 Gaia DR3 513924692750666752  34.4643358  62.7494614 16.351  2.993       2.693  10.6363  14.5586   -10.97      nan      nan   13.073  nan      nan    nan   1.012     nan                                None     -58.376     -23.048     -50.981       0.030     -22.431       0.047
 Gaia DR3 285781493176712576  76.5361079  61.9308703 15.733  2.847       2.401   9.8348  14.6151   -17.82      nan      nan   12.005  nan      nan    nan   1.006     nan                                None     -43.879      11.522     -45.012       0.033       5.551       0.031
 Gaia DR3 441989591169457920  53.0985081  50.2821985 18.557  3.771       2.432  10.2328  15.2832   -13.31      nan      nan   14.022  nan      nan    nan   1.047     nan                                None     -61.606     -15.467     -58.652       0.190     -22.020       0.189
 Gaia DR3 444988165538865408  55.7704397  54.6870156 15.712  2.684       2.984   5.6720  16.6530   -14.23      nan      nan   15.718  nan      nan    nan   1.033     nan                                None     -68.290     -11.283     -67.909       0.038     -21.162       0.037
 Gaia DR3 445955220377362944  48.1210319  52.1988367  9.692  1.130       2.614   9.3257  17.1173   -12.36      nan      nan   15.088  nan      nan    nan   5.747     nan                                None     -67.279     -19.804     -60.924       0.073     -14.443       0.082
 Gaia DR3 541725187117160960  43.4344433  69.1013429  8.788  0.849       2.792  10.2936  17.6706   -13.02      nan      nan   11.344  nan      nan    nan   0.986     nan                                None     -50.933      -9.528     -46.468       0.011     -14.490       0.015
 Gaia DR3 460218531890854528  45.9586953  56.8792707 15.829  2.924       2.535   6.4129  18.6665   -12.39      nan      nan   10.559  nan      nan    nan   1.020     nan                                None     -47.275     -13.058     -41.893       0.037     -11.367       0.037
 Gaia DR3 476784942299478656  63.0036116  64.3020407 19.389  3.581       0.573   5.0144  19.6081   -15.71      nan      nan   10.332  nan      nan    nan   1.046     nan                                None     -43.036       2.876     -44.234       0.219       2.522       0.261
 Gaia DR3 497578081573872896  72.6165181  71.3504777 16.511  2.999       2.411  12.7646  20.0007   -16.44      nan      nan   11.540  nan      nan    nan   2.749     nan                                None     -44.142      15.226     -46.636       0.077      20.535       0.100
 Gaia DR3 259584112520891392  74.5069708  50.6305493 18.903  2.961       2.373  14.0707  21.1611   -17.97      nan      nan   11.711  nan      nan    nan   1.004     nan                                None     -43.860       1.211     -38.004       0.309       1.021       0.298
 Gaia DR3 500877509809176832  69.9121921  72.8681513 17.225  3.374       2.975  13.5515  21.3362   -16.02      nan      nan   11.460  nan      nan    nan   0.966     nan                                None     -45.065      14.163     -39.836       0.058       9.232       0.066
 Gaia DR3 288157400365323520  89.5733478  65.9182971 12.128  1.692       2.515  15.7905  21.5216   -18.92      nan      nan   12.853  nan      nan    nan   1.219     nan                                None     -38.184      24.549     -32.323       0.009      21.074       0.011
 Gaia DR3 271351124620246272  63.6786137  49.9731250 10.806  1.394       1.560  11.1770  21.7023   -15.69      nan      nan   16.179  nan      nan    nan   0.961     nan                                None     -67.068      -8.296     -62.703       0.016     -11.337       0.012
 Gaia DR3 550231318307293440  67.9123563  75.2452006 13.900  2.328       2.667  15.4552  22.4314   -15.59      nan      nan   11.930  nan      nan    nan   1.380     nan                                None     -47.791      14.804     -43.354       0.050       9.774       0.058
 Gaia DR3 408158099423377920  28.4720199  53.1224434 15.101  2.704       1.649  16.7381  23.0009    -8.10      nan      nan   13.979  nan      nan    nan   1.174     nan                                None     -61.344     -34.891     -57.724       0.033     -31.648       0.030
 Gaia DR3 238515481166547456  53.0270683  43.4881160 15.292  2.794       2.851  16.9807  23.1272   -12.58      nan      nan   12.856  nan      nan    nan   1.213     nan                                None     -56.501     -18.401     -48.789       0.038     -18.853       0.034
 Gaia DR3 550231322604761088  67.9129597  75.2450286 13.944  2.307       1.947  15.4551  23.7672   -15.59      nan      nan   11.487  nan      nan    nan   1.349     nan                                None     -46.017      14.255     -41.473       0.060      12.995       0.075
 Gaia DR3 547157947086346880  35.8664836  74.7709733 15.911  3.033       2.034  16.2007  24.3257   -12.61      nan      nan   11.620  nan      nan    nan   1.295     nan                                None     -52.020     -13.210     -51.933       0.041     -18.192       0.047
 Gaia DR3 252415605943069568  68.6522758  43.2069896 13.010  2.149       2.292  18.6893  25.2844   -16.52      nan      nan   13.113  nan      nan    nan  12.093     nan                                None     -52.177      -8.623     -57.105       0.221     -12.606       0.173
 Gaia DR3 510948486569945088  19.8161271  61.6937762  8.307  0.590       2.070  17.5099  25.6218    -8.31      nan      nan   11.786  nan      nan    nan   0.999     nan                                None     -49.406     -32.824     -46.050       0.015     -28.927       0.020
 Gaia DR3 227290601315969408  61.1721779  40.9574068 12.917  1.870       2.983  19.6216  26.4826   -14.46      nan      nan   13.212  nan      nan    nan   0.925     nan                                None     -55.721     -15.129     -54.891       0.024      -6.864       0.013
 Gaia DR3 447495876685458688  46.2841277  55.1038499 15.669  2.554       1.192   7.4913  26.6404   -12.27      nan      nan    9.743  nan      nan    nan   1.106     nan                                None     -43.596     -12.628     -45.287       0.033     -14.399       0.040
 Gaia DR3 254540996281098624  72.3714008  45.9364087 16.138  2.848       2.653  17.2276  26.6835   -17.48      nan      nan   11.341  nan      nan    nan   1.072     nan                                None     -43.498      -3.501     -40.524       0.060      -9.103       0.051
 Gaia DR3 558693881351128832  30.5246588  73.9494013 10.310  1.208       2.510  16.6004  26.8872   -11.98      nan      nan   16.469  nan      nan    nan   4.573     nan                                None     -72.795     -25.917     -64.362       0.065     -28.112       0.069
 Gaia DR3 250157797470566144  59.5059106  49.8996213 15.928  3.137       1.422  10.6041  27.3664   -14.75      nan      nan   18.460  nan      nan    nan   1.643     nan                                None     -78.654     -13.868     -83.846       0.073     -15.784       0.058
 Gaia DR3 237564880343847168  52.0329249  40.2363566 13.280  2.189       1.664  20.2913  27.4202   -11.90      nan      nan   14.022  nan      nan    nan   1.032     nan                                None     -61.843     -22.839     -61.489       0.021     -27.746       0.016
 Gaia DR3 288000548158980608  87.3211845  65.0720171 14.031  2.285       0.904  14.7926  27.9171   -18.81      nan      nan   10.472  nan      nan    nan   1.114     nan                                None     -32.474      18.248     -33.610       0.013      19.889       0.014
 Gaia DR3 253805118064636288  68.1659947  45.7607143 15.226  2.494       1.434  16.1734  28.0594   -16.53      nan      nan   10.739  nan      nan    nan   1.085     nan                                None     -42.921      -5.648     -44.291       0.037      -8.592       0.022
 Gaia DR3 439692470861567872  46.6837071  50.2781764 13.430  1.969       2.509  11.4466  28.8788   -11.80      nan      nan    9.857  nan      nan    nan   1.597     nan                                None     -44.078     -14.641     -41.182       0.068     -18.977       0.063
 Gaia DR3 203560937069785088  71.1883586  41.7510073 18.586  0.547       2.132  20.7006  29.0780   -17.05      nan      nan   12.184  nan      nan    nan   0.969     nan                                None     -47.309      -7.677     -49.468       0.273      -2.644       0.193
 Gaia DR3 997809280404484480  96.6074426  56.2851934  5.488  0.303       2.369  21.1866  29.3339   -21.06      nan      nan   12.416  nan      nan    nan   1.044     nan                                None     -31.481      18.583     -26.232       0.062      21.881       0.075
 Gaia DR3 356979681438220928  27.8886612  47.6414120 15.512  3.140       2.234  20.7313  29.7140    -6.79      nan      nan   15.791  nan      nan    nan   1.078     nan                                None     -69.132     -42.330     -72.922       0.046     -35.930       0.036
Gaia DR3 1100455356647349632 101.9733423  63.9687788 11.250  1.508       2.819  21.1394  29.9468   -20.38      nan      nan   15.646  nan      nan    nan   1.411     nan                                None     -34.067      35.605     -36.191       0.016      26.553       0.018
