GaiaDR3                               RA         DEC   Gmag  Bp-Rp  Voff(km/s) Sep(deg)   3D(pc) Vr(pred)  Vr(obs)    Vrerr Plx(mas)  SpT    FnuvJ  W1-W3    RUWE  XCrate                               RVsrc    PMRApred   PMDecpred        PMRA     PMRAerr       PMDec    PMDecerr
 Gaia DR3 382111248777193216   7.0539376  42.0613441 12.512  0.912       0.000   0.0000   0.0000    -9.33    -9.33     0.97    2.686  nan      nan    nan   0.941     nan                            Gaia_DR3       0.866      -6.773       0.866       0.010      -6.773       0.010
 Gaia DR3 382596996695298944   6.3300933  43.1798195 16.002  1.944       1.709   1.2388   8.0851    -9.58      nan      nan    2.693  nan      nan    nan   3.291     nan                                None       0.876      -6.677      -0.015       0.112      -6.294       0.069
 Gaia DR3 381825173891299584   7.8294063  41.3018078 14.554  1.372       4.428   0.9551   8.8314    -9.16    12.73     4.24    2.642  nan      nan    nan   1.007     nan                            Gaia_DR3       0.844      -6.738      -1.251       0.021      -8.038       0.019
 Gaia DR3 385128209901120000   4.9243588  42.2443227 16.080  2.157       2.925   1.5893  10.3919    -9.42      nan      nan    2.696  nan      nan    nan   1.019     nan                                None       0.891      -6.758       2.437       0.046      -7.371       0.027
 Gaia DR3 382438868882292352   8.3177998  43.3511233 17.869  2.403       3.777   1.5893  11.2158    -9.58      nan      nan    2.656  nan      nan    nan   1.015     nan                                None       0.843      -6.590      -0.349       0.103      -8.338       0.099
 Gaia DR3 382085517629549440   5.9476677  42.0991936 16.905  1.141       3.576   0.8219  11.8889    -9.36      nan      nan    2.612  nan      nan    nan   2.435     nan                                None       0.853      -6.572       2.090       0.147      -5.039       0.091
 Gaia DR3 382411484170527104   8.1807636  43.1224404 19.380  2.860       2.402   1.3469  12.6343    -9.53      nan      nan    2.755  nan      nan    nan   0.993     nan                                None       0.876      -6.855      -0.518       0.270      -6.809       0.272
 Gaia DR3 388439251729320832   8.5820423  43.6238481 10.617  0.532       2.841   1.9226  12.7040    -9.63   -22.60     1.33    2.671  nan      nan    nan   1.555     nan                            Gaia_DR3       0.845      -6.605       1.989       0.027      -5.486       0.025
 Gaia DR3 381982399757708672   6.2784176  41.4539951 18.021  2.874       4.419   0.8388  13.5055    -9.22      nan      nan    2.600  nan      nan    nan   1.002     nan                                None       0.846      -6.603       0.283       0.107      -4.247       0.110
 Gaia DR3 383804123023486592   4.0852730  42.2658754 13.554  0.946       3.174   2.2098  14.5349    -9.44   -11.42     2.48    2.672  nan      nan    nan   8.710     nan                            Gaia_DR3       0.892      -6.687       0.951       0.106      -4.900       0.074
 Gaia DR3 381358225053549056  10.1020833  42.0100293 12.711  0.839       3.775   2.2644  15.2335    -9.26    10.45     1.41    2.660  nan      nan    nan   0.900     nan                            Gaia_DR3       0.824      -6.742      -0.744       0.011      -8.164       0.010
 Gaia DR3 387716254113823744   8.9929799  43.7622083 13.068  0.960       4.798   2.2157  15.5647    -9.65   -46.18     1.59    2.646  nan      nan    nan   2.069     nan                            Gaia_DR3       0.832      -6.534       0.185       0.024      -9.131       0.024
 Gaia DR3 383702791858159744   3.9584260  41.9551123 19.662  2.718       4.972   2.3024  15.8131    -9.37      nan      nan    2.726  nan      nan    nan   1.004     nan                                None       0.911      -6.851      -0.027       0.291      -4.152       0.206
 Gaia DR3 381415193493007104   9.2749851  41.5065309 15.694  1.925       3.365   1.7465  15.9946    -9.17      nan      nan    2.772  nan      nan    nan   1.042     nan                                None       0.869      -7.063       0.674       0.038      -5.107       0.038
 Gaia DR3 380852582841235072   7.8868316  39.9586684 19.163  2.564       1.986   2.1946  16.8348    -8.87      nan      nan    2.625  nan      nan    nan   0.994     nan                                None       0.838      -6.812       0.715       0.298      -7.904       0.215
 Gaia DR3 381439382747819776   9.3642398  41.5952882 19.810  2.516       3.000   1.7834  16.9219    -9.19      nan      nan    2.601  nan      nan    nan   1.026     nan                                None       0.814      -6.623       0.430       0.443      -5.023       0.399
 Gaia DR3 383855868789342592   3.8841968  42.8296429 16.976  2.173       4.046   2.4618  16.9627    -9.56      nan      nan    2.648  nan      nan    nan   1.682     nan                                None       0.886      -6.575      -0.622       0.378      -4.893       0.200
 Gaia DR3 381055923772893312   8.2450165  40.8736802 19.160  2.978       4.704   1.4856  17.2654    -9.06      nan      nan    2.795  nan      nan    nan   1.244     nan                                None       0.888      -7.171       3.080       0.372      -5.477       0.353
 Gaia DR3 379377008172386688   6.4590531  39.3635957 14.005  1.252       4.429   2.7352  17.7646    -8.77   -15.85     2.65    2.691  nan      nan    nan   1.046     nan                            Gaia_DR3       0.874      -7.020      -1.603       0.016      -7.439       0.016
 Gaia DR3 387417633627686144  10.6865405  42.7562068 19.023  2.849       4.817   2.7704  18.0389    -9.41      nan      nan    2.699  nan      nan    nan   1.069     nan                                None       0.830      -6.776      -1.873       0.240      -7.234       0.218
 Gaia DR3 387332382820516096  10.7496277  42.2013653 17.469  2.652       4.293   2.7441  18.1030    -9.29      nan      nan    2.713  nan      nan    nan   1.468     nan                                None       0.833      -6.863       2.987       0.152      -8.042       0.095
 Gaia DR3 380822453646279552   8.8817777  40.5307514 15.169  1.556       3.356   2.0562  18.3227    -8.98      nan      nan    2.782  nan      nan    nan   0.995     nan                                None       0.876      -7.176       0.375       0.027      -5.273       0.024
 Gaia DR3 387380765628358272  10.5942467  42.3029548 11.938  0.781       3.722   2.6343  18.5866    -9.32   -10.62     0.80    2.743  nan      nan    nan   0.978     nan                            Gaia_DR3       0.844      -6.929       0.720       0.016      -4.780       0.012
 Gaia DR3 388762473789469440   7.3279647  44.9181955 16.637  1.365       1.494   2.8638  18.7600    -9.91      nan      nan    2.672  nan      nan    nan   4.319     nan                                None       0.859      -6.469       1.697       0.246      -6.391       0.170
 Gaia DR3 383069580536400512   3.6685104  40.7485133 17.910  1.230       4.771   2.8582  18.7877    -9.13      nan      nan    2.711  nan      nan    nan   4.583     nan                                None       0.909      -6.921       0.076       0.307      -4.325       0.222
 Gaia DR3 380812759905188352   9.3715989  40.6293543 19.320  2.595       4.817   2.2533  19.1201    -8.99      nan      nan    2.602  nan      nan    nan   1.034     nan                                None       0.814      -6.709      -1.816       0.364      -6.459       0.259
 Gaia DR3 380037054451481344   6.1624817  39.4098486 18.084  2.441       3.611   2.7361  19.1759    -8.79      nan      nan    2.743  nan      nan    nan   0.980     nan                                None       0.894      -7.149       1.177       0.130      -5.080       0.116
 Gaia DR3 385408031314264832   3.7910690  43.6848248 18.359  2.669       4.636   2.8899  19.2764    -9.73      nan      nan    2.658  nan      nan    nan   0.974     nan                                None       0.890      -6.517       3.488       0.130      -6.572       0.117
 Gaia DR3 382044011064044288   6.1876601  41.7736995 16.549  1.807       2.236   0.7059  19.4661    -9.29      nan      nan    2.557  nan      nan    nan   4.516     nan                                None       0.833      -6.463       0.306       0.220      -5.379       0.134
 Gaia DR3 383423722063287680   4.3784499  40.9752189 19.751  2.490       4.350   2.2786  19.6084    -9.16      nan      nan    2.785  nan      nan    nan   1.010     nan                                None       0.926      -7.096       3.409       0.343      -6.499       0.228
 Gaia DR3 382674954644225408   7.2168076  43.7267060 19.225  2.695       2.475   1.6696  19.8334    -9.67      nan      nan    2.813  nan      nan    nan   1.087     nan                                None       0.905      -6.930      -0.308       0.300      -6.104       0.190
 Gaia DR3 380094813171014144   5.2993497  39.7119081 19.578  2.670       2.658   2.6979  20.0420    -8.87      nan      nan    2.762  nan      nan    nan   0.989     nan                                None       0.909      -7.162       0.222       0.297      -8.549       0.257
 Gaia DR3 382298066969436544   8.1746000  42.5332956 19.040    nan       4.421   0.9538  20.0577    -9.41      nan      nan    2.832  nan      nan    nan   1.059     nan                                None       0.900      -7.106       3.467       0.679      -7.721       0.288
 Gaia DR3 381699485968204160   6.8942416  40.5768090 11.104  0.739       3.617   1.4894  20.8270    -9.03   -27.12     0.46    2.827  nan      nan    nan   7.068     nan                            Gaia_DR3       0.913      -7.269       0.892       0.126      -9.424       0.111
 Gaia DR3 387588225432997120  10.2999602  44.0344225 19.916  2.732       2.447   3.0850  20.9916    -9.68      nan      nan    2.646  nan      nan    nan   1.097     nan                                None       0.818      -6.520       1.590       0.418      -7.645       0.453
 Gaia DR3 387771740796281216  10.0038131  43.9690946 19.448  2.279       1.309   2.8792  21.3035    -9.67      nan      nan    2.766  nan      nan    nan   1.032     nan                                None       0.858      -6.819       0.336       0.317      -6.263       0.297
 Gaia DR3 385287188114081280   4.7022301  43.3096258 16.415  1.366       4.806   2.1321  21.4952    -9.64      nan      nan    2.812  nan      nan    nan   7.508     nan                                None       0.932      -6.943       2.766       0.268      -4.762       0.227
 Gaia DR3 369272388941714304  11.4544737  41.4149265 16.911  2.155       3.259   3.3463  21.8576    -9.11      nan      nan    2.708  nan      nan    nan   1.063     nan                                None       0.823      -6.931       2.351       0.063      -7.993       0.054
 Gaia DR3 382989346251917696   3.9012504  40.1387793 19.572  2.686       3.500   3.0558  21.9428    -8.99      nan      nan    2.624  nan      nan    nan   0.987     nan                                None       0.878      -6.755       2.097       0.358      -8.259       0.200
 Gaia DR3 385128102525998208   5.0480824  42.9963377 19.801  2.299       1.115   1.7490  22.2412    -9.57      nan      nan    2.833  nan      nan    nan   0.981     nan                                None       0.935      -7.029       0.587       0.331      -6.462       0.228
 Gaia DR3 383726328280075392   3.0199887  41.5938378 18.418  2.783       3.296   3.0418  22.2574    -9.32      nan      nan    2.766  nan      nan    nan   0.978     nan                                None       0.934      -6.977       0.097       0.142      -5.247       0.137
 Gaia DR3 368588840598678144   9.0515559  39.3022349 16.805  2.155       3.796   3.1474  22.3551    -8.71      nan      nan    2.626  nan      nan    nan   1.023     nan                                None       0.825      -6.882       2.922       0.064      -6.731       0.052
 Gaia DR3 368551693426742144   8.8435840  38.9235884 18.057  2.540       3.468   3.4200  22.3813    -8.63      nan      nan    2.711  nan      nan    nan   0.997     nan                                None       0.855      -7.136       1.227       0.117      -5.188       0.129
 Gaia DR3 385851413672276480   4.7025270  44.9443169 19.325  2.565       2.415   3.3493  22.4369    -9.97      nan      nan    2.652  nan      nan    nan   0.934     nan                                None       0.879      -6.389      -0.442       0.261      -6.113       0.186
 Gaia DR3 380889072883531648   7.9602387  40.1139407 19.315  2.802       1.067   2.0637  22.4556    -8.90      nan      nan    2.825  nan      nan    nan   0.986     nan                                None       0.901      -7.317       0.300       0.259      -7.524       0.266
 Gaia DR3 383916200193088640   3.0942054  42.9488926 19.663  2.765       4.325   3.0508  23.2051    -9.60      nan      nan    2.780  nan      nan    nan   1.036     nan                                None       0.938      -6.882      -0.444       0.358      -4.757       0.244
 Gaia DR3 388946229669591424   6.4618450  45.6577025 12.965  0.812       1.242   3.6216  23.5616   -10.08   -62.58    10.45    2.681  nan      nan    nan  23.906     nan                            Gaia_DR3       0.871      -6.409       1.125       0.356      -7.063       0.286
 Gaia DR3 388173612295604480   9.8590388  44.5596722 18.428  2.846       3.827   3.2257  23.5748    -9.79      nan      nan    2.614  nan      nan    nan   1.015     nan                                None       0.813      -6.390       0.012       0.182      -4.438       0.149
 Gaia DR3 368655670290245248  10.2812516  39.6122866  9.171  1.298       1.224   3.4578  23.7392    -8.75    -9.72     0.14    2.748  nan      nan    nan   1.187     nan                            Gaia_DR3       0.850      -7.185       1.215       0.013      -6.578       0.012
 Gaia DR3 388543018137112704   7.9603140  44.3551599 19.692  2.726       2.413   2.3870  23.8208    -9.79      nan      nan    2.564  nan      nan    nan   0.976     nan                                None       0.817      -6.267       0.045       0.352      -5.216       0.274
 Gaia DR3 385482248349758336   4.3271750  43.5332311 17.179  2.466       1.740   2.4836  23.9780    -9.69      nan      nan    2.566  nan      nan    nan   1.076     nan                                None       0.854      -6.311       1.571       0.069      -5.702       0.051
 Gaia DR3 382965947269959936   3.3342216  39.7519518 17.914  2.759       3.455   3.6376  23.9936    -8.92      nan      nan    2.661  nan      nan    nan   0.995     nan                                None       0.896      -6.880       2.192       0.088      -5.439       0.068
 Gaia DR3 385653359845953664   5.2112243  44.0446134 19.821  2.527       2.469   2.3970  24.0893    -9.78      nan      nan    2.828  nan      nan    nan   1.057     nan                                None       0.932      -6.914       1.440       0.358      -8.296       0.276
 Gaia DR3 379342266181988096   7.1960295  39.3974224 19.650  2.606       4.674   2.6661  24.1999    -8.77      nan      nan    2.817  nan      nan    nan   1.008     nan                                None       0.907      -7.355      -0.216       0.386      -9.894       0.348
 Gaia DR3 368630926983451776  10.2918348  39.3191854 17.719  2.427       4.514   3.6800  24.2439    -8.69      nan      nan    2.722  nan      nan    nan   1.008     nan                                None       0.841      -7.142       0.383       0.095      -4.593       0.081
 Gaia DR3 387509816510526592  11.0651600  43.4485620 17.853  2.520       4.425   3.2551  24.2836    -9.55      nan      nan    2.780  nan      nan    nan   0.993     nan                                None       0.850      -6.917      -1.635       0.114      -7.660       0.098
 Gaia DR3 381210954916103296   9.1615457  41.0296838 19.452  2.561       3.369   1.8847  24.4488    -9.08      nan      nan    2.543  nan      nan    nan   1.024     nan                                None       0.798      -6.521       0.307       0.258      -4.783       0.253
 Gaia DR3 369272393236610560  11.4566213  41.4152479 13.163  0.921       3.482   3.3478  24.5274    -9.11    17.53     1.81    2.611  nan      nan    nan   1.004     nan                            Gaia_DR3       0.794      -6.683       2.225       0.012      -7.958       0.010
 Gaia DR3 383723098464457856   3.2738626  41.5509968 18.749  2.640       2.213   2.8633  24.5623    -9.30      nan      nan    2.578  nan      nan    nan   1.032     nan                                None       0.868      -6.509       1.937       0.178      -7.061       0.153
 Gaia DR3 382468796214520576   7.6412120  43.4132831 19.853  2.527       4.949   1.4191  24.6134    -9.60      nan      nan    2.532  nan      nan    nan   1.057     nan                                None       0.810      -6.270       2.696       0.413      -8.120       0.454
 Gaia DR3 388189525150632704  10.3440565  44.6509235 19.507  2.893       4.269   3.5248  24.6763    -9.80      nan      nan    2.626  nan      nan    nan   1.144     nan                                None       0.811      -6.415       2.962       0.365      -5.435       0.293
 Gaia DR3 368965212877470976  11.5279189  40.2957264 10.322  0.443       3.132   3.8015  24.7114    -8.87    12.21     1.23    2.701  nan      nan    nan   1.262     nan                            Gaia_DR3       0.820      -7.014       1.728       0.019      -5.479       0.017
 Gaia DR3 379063402544506240   7.8609695  38.6367851 19.601  0.177       3.428   3.4793  24.8620    -8.59      nan      nan    2.769  nan      nan    nan   1.004     nan                                None       0.884      -7.302      -1.085       0.460      -6.944       0.323
 Gaia DR3 388836037989266688   6.5231917  45.3453408 19.775    nan       2.606   3.3063  24.9022   -10.01      nan      nan    2.785  nan      nan    nan   0.988     nan                                None       0.904      -6.691      -0.620       0.583      -6.552       0.436
 Gaia DR3 387947800095847296  10.7558818  43.9920459 19.821  2.428       2.482   3.3238  25.1578    -9.66      nan      nan    2.600  nan      nan    nan   1.083     nan                                None       0.799      -6.417      -0.321       0.471      -5.644       0.356
 Gaia DR3 385555056633852288   3.4217308  43.9623235 17.801  2.717       1.118   3.2656  25.2382    -9.80      nan      nan    2.595  nan      nan    nan   1.011     nan                                None       0.872      -6.333       0.776       0.104      -6.936       0.079
 Gaia DR3 382872012040617600   3.0658401  39.5751224 16.987  2.209       0.932   3.9095  25.3816    -8.89      nan      nan    2.691  nan      nan    nan   1.025     nan                                None       0.908      -6.970       1.406       0.055      -6.793       0.039
 Gaia DR3 388271709347657728   9.6946202  45.3591912 13.162  0.988       3.800   3.8099  25.4297    -9.96    16.97     1.60    2.650  nan      nan    nan   1.065     nan                            Gaia_DR3       0.826      -6.398       1.812       0.015      -4.518       0.012
 Gaia DR3 368996415815376896  11.7695003  40.4661098 16.670  2.149       1.970   3.8863  25.4533    -8.91      nan      nan    2.668  nan      nan    nan   1.039     nan                                None       0.808      -6.916       1.791       0.057      -6.406       0.046
 Gaia DR3 368637803226415488  10.4853754  39.3922895 17.369  2.416       4.659   3.7258  25.6503    -8.70      nan      nan    2.632  nan      nan    nan   1.018     nan                                None       0.811      -6.901      -1.740       0.092      -7.316       0.068
 Gaia DR3 384550480963357440   2.4801758  42.5968457 19.229  2.684       2.158   3.4230  25.7941    -9.54      nan      nan    2.600  nan      nan    nan   0.982     nan                                None       0.883      -6.460       0.987       0.242      -7.638       0.193
 Gaia DR3 375422889480059264  11.8202106  42.3937390 19.406  2.915       3.566   3.5445  26.0219    -9.31      nan      nan    2.606  nan      nan    nan   1.046     nan                                None       0.788      -6.587       1.460       0.260      -8.428       0.237
 Gaia DR3 383233613927332480   2.7646261  40.4455306 13.062  0.978       2.368   3.6063  26.0414    -9.08    -6.17     1.68    2.612  nan      nan    nan   1.022     nan                            Gaia_DR3       0.884      -6.685       0.543       0.012      -7.944       0.009
 Gaia DR3 368430167327120384  10.5738611  39.0669945 12.881  0.895       4.879   4.0138  26.1645    -8.63   -12.66     1.50    2.710  nan      nan    nan   1.068     nan                            Gaia_DR3       0.834      -7.136      -1.818       0.015      -7.993       0.012
 Gaia DR3 384534950362557184   2.6483669  42.3767197 19.010  2.585       4.644   3.2775  26.1896    -9.49      nan      nan    2.585  nan      nan    nan   1.061     nan                                None       0.876      -6.444       0.640       0.230      -3.925       0.176
 Gaia DR3 384635555675640832   2.8447128  42.6279443 17.605  2.439       4.981   3.1619  26.2556    -9.54      nan      nan    2.814  nan      nan    nan   0.994     nan                                None       0.952      -6.995       3.725       0.084      -8.017       0.064
 Gaia DR3 379305505556892288   6.8346325  38.9343413 19.683  2.819       2.124   3.1314  26.3399    -8.67      nan      nan    2.817  nan      nan    nan   1.080     nan                                None       0.911      -7.393       0.128       0.401      -6.404       0.372
 Gaia DR3 388972927183999744   6.8141270  46.0882771 17.931  2.833       4.003   4.0306  26.4470   -10.16      nan      nan    2.721  nan      nan    nan   0.955     nan                                None       0.880      -6.465      -1.340       0.112      -5.879       0.079
 Gaia DR3 379695656090489856   4.8027204  39.0732925 18.261  2.950       3.070   3.4425  26.6126    -8.75      nan      nan    2.590  nan      nan    nan   1.052     nan                                None       0.858      -6.768       0.268       0.126      -5.198       0.113
 Gaia DR3 375462433245056640  12.0846990  42.8972366 16.994  2.189       4.829   3.8026  26.6322    -9.41      nan      nan    2.622  nan      nan    nan   1.085     nan                                None       0.790      -6.583      -1.665       0.080      -5.537       0.056
 Gaia DR3 375363133600070656  12.5534618  42.3084904 19.889  2.386       1.659   4.0818  26.7138    -9.28      nan      nan    2.669  nan      nan    nan   1.023     nan                                None       0.798      -6.760       0.111       0.356      -6.128       0.375
 Gaia DR3 384112295516505088   2.3679342  41.5492406 17.022  2.249       2.212   3.5299  26.7164    -9.32      nan      nan    2.795  nan      nan    nan   2.738     nan                                None       0.950      -7.045       1.979       0.146      -6.245       0.113
 Gaia DR3 378921913437683200   7.2490314  37.9558064 16.177  2.076       1.932   4.1083  26.8238    -8.45      nan      nan    2.673  nan      nan    nan   0.995     nan                                None       0.860      -7.100       0.156       0.045      -6.269       0.038
 Gaia DR3 384601062794860416   2.1456185  42.6961973 17.418  2.103       1.433   3.6804  26.8505    -9.57      nan      nan    2.784  nan      nan    nan   3.297     nan                                None       0.948      -6.904       0.432       0.226      -6.240       0.189
 Gaia DR3 383746737964760576   2.9003656  41.9463580 14.897  1.704       2.043   3.0884  27.1143    -9.39     1.79     5.16    2.564  nan      nan    nan   1.056     nan                            Gaia_DR3       0.867      -6.435       0.188       0.021      -5.563       0.017
 Gaia DR3 375471710374454144  11.7666012  42.9291164 19.659  2.380       4.973   3.5810  27.1805    -9.43      nan      nan    2.593  nan      nan    nan   1.046     nan                                None       0.785      -6.506       2.716       0.428      -4.592       0.311
 Gaia DR3 384717645387575296   2.1678727  43.4018418 14.103  1.223       1.562   3.8304  27.1892    -9.71    -8.41     3.05    2.774  nan      nan    nan   1.327     nan                            Gaia_DR3       0.945      -6.812       0.032       0.022      -6.787       0.016
 Gaia DR3 375332793952923776  11.5788499  42.1996155 17.561  2.351       3.945   3.3582  27.2314    -9.28      nan      nan    2.578  nan      nan    nan   1.064     nan                                None       0.782      -6.530       0.680       0.118      -8.672       0.078
 Gaia DR3 385466103567019776   3.1478296  43.8127542 18.779  0.373       4.550   3.3528  27.2616    -9.77      nan      nan    2.577  nan      nan    nan   1.111     nan                                None       0.869      -6.300      -0.771       0.264      -8.149       0.308
 Gaia DR3 378932388862166144   7.2546134  38.0794563 18.147  2.852       3.044   3.9848  27.2989    -8.48      nan      nan    2.758  nan      nan    nan   0.944     nan                                None       0.887      -7.315       0.394       0.117      -5.615       0.127
 Gaia DR3 378849689267675392   5.4348557  38.2478612 19.125  2.569       2.992   4.0090  27.4018    -8.55      nan      nan    2.632  nan      nan    nan   0.991     nan                                None       0.865      -6.952       2.400       0.227      -6.319       0.233
 Gaia DR3 389060235281391744   8.7564309  45.8353741 12.631  0.948       2.329   3.9678  27.4831   -10.07   -24.57     0.74    2.764  nan      nan    nan   2.109     nan                            Gaia_DR3       0.872      -6.615       0.192       0.026      -7.789       0.020
 Gaia DR3 374998237474838528  12.4451849  40.8381868 13.761  1.096       3.989   4.2211  27.4921    -8.97    18.76     2.90    2.710  nan      nan    nan   3.390     nan                            Gaia_DR3       0.812      -6.997      -0.588       0.047      -5.199       0.041
 Gaia DR3 387835860363760384   9.0910455  44.4956144 10.645  0.537       4.499   2.8502  27.5034    -9.80   -11.87     0.66    2.845  nan      nan    nan   0.860     nan                            Gaia_DR3       0.894      -6.952       3.528       0.020      -6.366       0.018
 Gaia DR3 389311057074638080   7.0620239  46.3292011 18.801  3.065       4.312   4.2679  27.7252   -10.20      nan      nan    2.702  nan      nan    nan   1.060     nan                                None       0.871      -6.398       2.042       0.186      -4.238       0.140
 Gaia DR3 383144450406431616   2.3610616  40.2903669 16.164  1.182       3.243   3.9506  27.9129    -9.06      nan      nan    2.775  nan      nan    nan   6.842     nan                                None       0.943      -7.114       1.021       0.244      -5.218       0.201
 Gaia DR3 375196832467592448  12.8743894  42.3357726 17.964  2.680       3.185   4.3198  28.1055    -9.28      nan      nan    2.708  nan      nan    nan   1.005     nan                                None       0.806      -6.860       0.894       0.105      -8.676       0.091
 Gaia DR3 381157014418086272  10.0953251  40.7764891 19.326  2.986       3.393   2.6175  28.2954    -9.00      nan      nan    2.535  nan      nan    nan   1.062     nan                                None       0.786      -6.530       2.155       0.283      -5.342       0.252
 Gaia DR3 382522328687507840   7.5285009  44.0230663 18.214  2.805       3.741   1.9921  28.4593    -9.73      nan      nan    2.884  nan      nan    nan   0.987     nan                                None       0.925      -7.079      -0.173       0.111      -5.087       0.103
 Gaia DR3 389098095415986560   8.0405392  45.9739585 17.748  2.487       2.703   3.9763  28.5469   -10.11      nan      nan    2.784  nan      nan    nan   0.969     nan                                None       0.887      -6.641       0.328       0.115      -8.125       0.077
 Gaia DR3 375893789695485696  11.9051206  43.7266383 19.534  2.704       2.625   3.9240  28.7564    -9.59      nan      nan    2.599  nan      nan    nan   1.038     nan                                None       0.785      -6.450       0.836       0.352      -5.012       0.287
 Gaia DR3 388378091394724992   9.7485882  45.8311007 17.409  2.480       4.916   4.2391  28.8199   -10.05      nan      nan    2.757  nan      nan    nan   0.961     nan                                None       0.859      -6.610       3.560       0.074      -5.678       0.077
 Gaia DR3 389103494191728000   7.7318007  46.1066249 16.996  2.370       0.942   4.0744  28.9412   -10.14      nan      nan    2.781  nan      nan    nan   1.066     nan                                None       0.889      -6.616       1.310       0.081      -6.258       0.053
 Gaia DR3 383205507661601152   2.3282842  40.6293337 12.524  0.885       4.003   3.8252  29.0129    -9.13   -52.58     0.86    2.588  nan      nan    nan   1.007     nan                            Gaia_DR3       0.880      -6.604      -1.083       0.010      -7.560       0.009
 Gaia DR3 385581414850797056   3.0835639  44.3389819 16.416  2.058       4.235   3.6822  29.0848    -9.88      nan      nan    2.577  nan      nan    nan   0.999     nan                                None       0.869      -6.250       2.128       0.047      -8.176       0.040
 Gaia DR3 368638417406509312  10.5174558  39.4492994 17.087  2.275       4.407   3.7015  29.1485    -8.71      nan      nan    2.577  nan      nan    nan   1.033     nan                                None       0.794      -6.755       2.823       0.065      -8.027       0.060
 Gaia DR3 389218869895805184   8.5041873  46.4286065 18.490  2.699       2.394   4.4889  29.1868   -10.19      nan      nan    2.682  nan      nan    nan   0.989     nan                                None       0.849      -6.356       2.191       0.135      -6.180       0.105
 Gaia DR3 383205469005320960   2.3105173  40.6266342 17.737  2.509       4.527   3.8386  29.2724    -9.13      nan      nan    2.585  nan      nan    nan   1.033     nan                                None       0.879      -6.598      -1.493       0.087      -7.277       0.075
 Gaia DR3 366892014984626176   7.5265326  37.6031324 19.058  2.777       2.219   4.4729  29.3195    -8.37      nan      nan    2.665  nan      nan    nan   0.998     nan                                None       0.854      -7.112       1.738       0.243      -6.233       0.217
 Gaia DR3 382404028107196800   8.1998754  42.9852744 19.605  2.799       3.728   1.2517  29.3500    -9.50      nan      nan    2.498  nan      nan    nan   1.046     nan                                None       0.794      -6.228       2.626       0.341      -6.933       0.338
 Gaia DR3 378939432609230208   6.7439681  37.7548475 18.154  2.193       3.973   4.3130  29.5301    -8.42      nan      nan    2.764  nan      nan    nan   2.498     nan                                None       0.894      -7.355       3.017       0.315      -6.432       0.295
 Gaia DR3 384037077752651648   1.0678359  41.3692924 18.504  2.857       2.822   4.5207  29.6415    -9.31      nan      nan    2.664  nan      nan    nan   1.517     nan                                None       0.918      -6.720       0.932       0.212      -5.135       0.190
 Gaia DR3 386298326495821568   2.1773185  44.4480619 19.470  2.773       3.212   4.2779  29.6461    -9.92      nan      nan    2.771  nan      nan    nan   1.005     nan                                None       0.944      -6.699       1.299       0.309      -8.542       0.219
 Gaia DR3 384061163929279232   1.1437460  41.4385875 18.044  2.615       4.965   4.4522  29.6504    -9.33      nan      nan    2.647  nan      nan    nan   0.967     nan                                None       0.911      -6.670      -0.085       0.101      -9.255       0.079
 Gaia DR3 379695518651506560   4.7768494  39.0364918 19.731  2.265       2.627   3.4844  29.7450    -8.74      nan      nan    2.558  nan      nan    nan   0.989     nan                                None       0.847      -6.686      -0.568       0.294      -6.622       0.223
 Gaia DR3 385279491532736384   4.9840649  43.3514589 19.293  2.744       4.891   1.9944  30.1131    -9.64      nan      nan    2.505  nan      nan    nan   1.028     nan                                None       0.828      -6.183       3.267       0.234      -7.030       0.172
 Gaia DR3 388322115084107136  10.1818827  45.5115660 18.109  2.717       3.449   4.1227  30.1149    -9.98      nan      nan    2.597  nan      nan    nan   1.024     nan                                None       0.804      -6.260      -0.161       0.135      -4.637       0.120
 Gaia DR3 384117037160521600   2.6505283  41.6939031 13.119  0.921       3.452   3.2988  30.1286    -9.35    -7.79     1.68    2.546  nan      nan    nan   1.092     nan                            Gaia_DR3       0.863      -6.408       0.020       0.010      -8.057       0.009
 Gaia DR3 383999488198792960   1.6702204  41.2364476 19.890  2.182       4.666   4.1058  30.1949    -9.27      nan      nan    2.594  nan      nan    nan   0.976     nan                                None       0.888      -6.560       0.001       0.329      -4.167       0.274
 Gaia DR3 383227978930297344   2.0685266  40.9656502 15.297  1.669       1.793   3.8899  30.2370    -9.21      nan      nan    2.577  nan      nan    nan   0.940     nan                                None       0.879      -6.545       0.381       0.023      -7.383       0.021
 Gaia DR3 380263210248789632   6.1072764  40.7265522 17.913  2.860       1.043   1.5119  30.2494    -9.07      nan      nan    2.911  nan      nan    nan   0.991     nan                                None       0.949      -7.461       0.425       0.116      -7.094       0.103
 Gaia DR3 388949253326511360   6.3194764  45.7895559 15.580  1.743       1.873   3.7655  30.4233   -10.11      nan      nan    2.830  nan      nan    nan   1.048     nan                                None       0.921      -6.750      -0.173       0.030      -6.520       0.022
 Gaia DR3 385670574074008704   5.5557025  44.2128373 12.451  0.929       3.355   2.4132  30.4817    -9.81    -6.60     0.79    2.892  nan      nan    nan   2.148     nan                            Gaia_DR3       0.949      -7.056       0.742       0.026      -9.091       0.017
 Gaia DR3 368245724251301376   9.4106182  37.7511635 17.536  2.491       3.929   4.6734  30.5765    -8.36      nan      nan    2.724  nan      nan    nan   0.984     nan                                None       0.852      -7.273      -0.027       0.098      -9.351       0.084
 Gaia DR3 388179011070558720   9.8159093  44.6815676 13.053  0.985       2.002   3.3005  30.5886    -9.82   -33.06     1.33    2.542  nan      nan    nan   0.920     nan                            Gaia_DR3       0.791      -6.200       1.676       0.014      -6.806       0.012
 Gaia DR3 376031847124331392  12.4079228  44.7353556 19.738  2.568       3.785   4.7190  30.6338    -9.78      nan      nan    2.690  nan      nan    nan   1.048     nan                                None       0.807      -6.583       1.887       0.412      -4.729       0.299
 Gaia DR3 386132991730377728   3.2821235  45.7553813 16.259  1.673       3.151   4.5847  30.7769   -10.16      nan      nan    2.753  nan      nan    nan   6.764     nan                                None       0.927      -6.536      -0.039       0.215      -4.983       0.220
 Gaia DR3 386287090859646208   1.6225954  44.4286503 10.305  0.497       4.456   4.6090  30.8516    -9.93     0.70     0.32    2.641  nan      nan    nan   0.876     nan                            Gaia_DR3       0.905      -6.381      -1.395       0.013      -5.450       0.011
 Gaia DR3 376019507683395840  12.4565687  44.4312793 18.798  2.420       4.773   4.5924  30.9447    -9.72      nan      nan    2.636  nan      nan    nan   1.094     nan                                None       0.790      -6.480      -1.862       0.217      -6.417       0.158
 Gaia DR3 388895613477336832   7.5752457  45.5540175 15.973  1.408       4.104   3.5129  30.9980   -10.04      nan      nan    2.547  nan      nan    nan  12.073     nan                                None       0.816      -6.111      -1.351       0.382      -6.511       0.283
 Gaia DR3 389185304727341696   9.1357915  46.5519128 19.200  2.298       4.290   4.7308  31.1979   -10.20      nan      nan    2.736  nan      nan    nan   1.171     nan                                None       0.859      -6.479       3.324       0.281      -6.702       0.210
 Gaia DR3 382422066971165568   8.5912058  43.2175715 14.409  1.345       1.680   1.6173  31.2717    -9.54     7.85     3.52    2.918  nan      nan    nan   0.912     nan                            Gaia_DR3       0.923      -7.258       1.473       0.018      -6.383       0.018
 Gaia DR3 368471600875901952   9.0949927  38.3458245 18.397  2.021       4.553   4.0289  31.3149    -8.50      nan      nan    2.574  nan      nan    nan   1.604     nan                                None       0.808      -6.822       0.976       0.276      -4.358       0.220
 Gaia DR3 384422525298064640   0.8515110  42.8437259 15.989  2.040       3.775   4.6416  31.5797    -9.62      nan      nan    2.766  nan      nan    nan   1.138     nan                                None       0.954      -6.831      -0.676       0.039      -5.351       0.032
 Gaia DR3 388270407974480000   9.6749432  45.3561744 15.653  1.754       0.959   3.8002  31.6088    -9.96      nan      nan    2.556  nan      nan    nan   1.162     nan                                None       0.797      -6.172       0.280       0.043      -6.163       0.033
 Gaia DR3 387388187331811968  10.4191911  42.5279720 17.357  2.436       4.146   2.5324  31.6649    -9.37      nan      nan    2.507  nan      nan    nan   0.976     nan                                None       0.773      -6.311      -0.108       0.080      -4.305       0.066
 Gaia DR3 378502381032201600   6.4228261  37.2344356 16.703  2.188       4.078   4.8513  31.8921    -8.31      nan      nan    2.734  nan      nan    nan   1.859     nan                                None       0.888      -7.315      -1.414       0.098      -7.783       0.092
 Gaia DR3 385779017706183424   5.6177001  44.7837051  9.662  0.816       2.510   2.9152  32.0505    -9.92    -8.64     6.27    2.515  nan      nan    nan   1.047     nan                            Gaia_DR3       0.825      -6.084      -0.450       0.012      -6.467       0.010
 Gaia DR3 383953587885713920   1.2924014  40.6592986 19.216  2.653       2.767   4.5449  32.1635    -9.16      nan      nan    2.791  nan      nan    nan   1.106     nan                                None       0.959      -7.109       2.582       0.267      -7.239       0.230
 Gaia DR3 380349629287816064   4.4850356  40.1264059 19.718  0.033       2.335   2.7369  32.3371    -8.98      nan      nan    2.900  nan      nan    nan   1.046     nan                                None       0.964      -7.473      -0.110       0.436      -6.533       0.216
 Gaia DR3 387790810450514432   9.6652081  44.2411498 18.398  2.703       4.599   2.8946  32.4638    -9.73      nan      nan    2.511  nan      nan    nan   0.979     nan                                None       0.783      -6.164       2.415       0.170      -4.358       0.164
 Gaia DR3 389350089738131840   7.0453354  46.9353765 19.379  2.769       3.988   4.8740  32.4685   -10.32      nan      nan    2.644  nan      nan    nan   0.986     nan                                None       0.852      -6.199       0.155       0.271      -8.310       0.202
 Gaia DR3 391945250712935680   4.9960338  46.2130296 16.663  2.193       4.924   4.4061  32.4979   -10.21      nan      nan    2.587  nan      nan    nan   0.962     nan                                None       0.855      -6.114      -1.182       0.054      -7.865       0.040
 Gaia DR3 375229474217882880  11.6660907  41.4277194 18.960  2.807       4.835   3.4986  32.5350    -9.11      nan      nan    2.871  nan      nan    nan   1.015     nan                                None       0.870      -7.350       1.480       0.208     -10.212       0.171
 Gaia DR3 388203814506210944  10.1304772  45.0025480 19.096  2.880       2.348   3.6907  32.5424    -9.88      nan      nan    2.861  nan      nan    nan   1.000     nan                                None       0.886      -6.951       0.485       0.242      -8.309       0.222
 Gaia DR3 385880859970522240   5.0645385  45.3795225 17.647  2.264       3.813   3.6160  32.5931   -10.05      nan      nan    2.866  nan      nan    nan   1.001     nan                                None       0.946      -6.865       0.101       0.093      -9.008       0.075
 Gaia DR3 375741984076324224  13.5161739  43.7267261 18.279  2.733       3.315   5.0170  32.6072    -9.56      nan      nan    2.683  nan      nan    nan   1.030     nan                                None       0.791      -6.674      -1.053       0.202      -6.336       0.124
 Gaia DR3 389042501360253568   9.0885787  45.6185889 17.988  1.815       4.188   3.8477  32.6490   -10.02      nan      nan    2.854  nan      nan    nan   2.422     nan                                None       0.897      -6.856      -1.502       0.349      -6.083       0.343
 Gaia DR3 383325457505942912   2.4597720  41.0979218 19.591  2.614       1.708   3.5686  32.7452    -9.23      nan      nan    2.534  nan      nan    nan   1.043     nan                                None       0.860      -6.427      -0.034       0.267      -6.246       0.221
 Gaia DR3 388160250653585664  10.0684793  44.4497395 17.543  2.561       4.715   3.2437  32.7852    -9.77      nan      nan    2.520  nan      nan    nan   1.048     nan                                None       0.781      -6.172       3.272       0.099      -5.906       0.098
 Gaia DR3 383849645381109376   3.6212243  42.6256341 19.029  2.741       3.220   2.5990  32.9759    -9.52      nan      nan    2.499  nan      nan    nan   1.004     nan                                None       0.838      -6.218       2.358       0.198      -5.466       0.160
 Gaia DR3 392069186289698560   5.3871144  46.8782791 13.566  1.070       4.026   4.9613  33.0229   -10.34   -41.66     1.95    2.644  nan      nan    nan   1.561     nan                            Gaia_DR3       0.870      -6.188      -1.096       0.023      -5.105       0.018
 Gaia DR3 368797266771961600  11.6807585  39.6511155 17.660  2.543       2.232   4.2482  33.0334    -8.73      nan      nan    2.568  nan      nan    nan   0.970     nan                                None       0.778      -6.723       1.935       0.108      -6.373       0.077
 Gaia DR3 392244760257139200   4.6643487  46.8416815 18.637  2.986       4.630   5.0749  33.0859   -10.34      nan      nan    2.674  nan      nan    nan   0.946     nan                                None       0.887      -6.253       2.512       0.160      -8.294       0.146
 Gaia DR3 384957854316837248   1.1714206  43.9976519 18.422  2.372       3.529   4.7145  33.1268    -9.85      nan      nan    2.791  nan      nan    nan   0.940     nan                                None       0.960      -6.781       2.715       0.147      -5.672       0.117
 Gaia DR3 381011462271577088   8.4513611  40.9857245 18.463  2.574       3.780   1.5005  33.1660    -9.08      nan      nan    2.937  nan      nan    nan   0.948     nan                                None       0.931      -7.529       1.583       0.155      -5.281       0.150
 Gaia DR3 386311902887824128   1.6600389  44.5826120 14.366  1.282       3.758   4.6627  33.2677    -9.96   -10.40     4.22    2.598  nan      nan    nan  12.545     nan                            Gaia_DR3       0.890      -6.263      -0.388       0.220      -4.649       0.148
 Gaia DR3 375598227226062208  13.4035480  42.7967370 19.837  2.237       2.115   4.7429  33.3453    -9.37      nan      nan    2.605  nan      nan    nan   1.103     nan                                None       0.769      -6.564       0.518       0.660      -7.698       0.342
 Gaia DR3 383236775021433600   2.7836461  40.5749422 19.900  2.572       4.249   3.5344  33.6169    -9.11      nan      nan    2.882  nan      nan    nan   0.992     nan                                None       0.975      -7.365       2.204       0.364      -9.636       0.294
 Gaia DR3 379747504936605568   3.9352464  38.4606761 18.505  2.221       3.066   4.3154  33.6653    -8.63      nan      nan    2.565  nan      nan    nan   1.570     nan                                None       0.857      -6.743       0.540       0.195      -5.116       0.155
 Gaia DR3 384443970071009280   0.2197423  42.5440924 16.221  1.124       2.424   5.0762  33.7579    -9.57      nan      nan    2.644  nan      nan    nan   4.971     nan                                None       0.918      -6.551       1.858       0.195      -7.522       0.158
 Gaia DR3 392447757591195776   5.3873865  47.0565040 18.233  2.700       3.442   5.1340  33.8572   -10.37      nan      nan    2.654  nan      nan    nan   1.004     nan                                None       0.873      -6.192       1.780       0.120      -4.494       0.111
 Gaia DR3 384952253681023744   1.4566590  43.8255271  8.908  1.208       1.517   4.4598  33.8712    -9.81    -8.20     0.14    2.829  nan      nan    nan   1.008     nan                            Gaia_DR3       0.970      -6.893       1.857       0.013      -7.072       0.011
 Gaia DR3 379225928402805632   5.9823521  38.6668046 13.562  0.949       3.721   3.4913  33.9390    -8.63   -48.52     1.82    2.888  nan      nan    nan   8.861     nan                            Gaia_DR3       0.943      -7.594       0.867       0.105      -9.858       0.098
 Gaia DR3 383065727949575936   3.5847747  40.5646326 18.194  2.790       3.422   3.0046  34.0843    -9.09      nan      nan    2.502  nan      nan    nan   0.965     nan                                None       0.840      -6.402       1.317       0.105      -4.662       0.089
 Gaia DR3 368053687673828864  12.5247348  39.1734656 12.782  0.867       4.639   5.0565  34.1017    -8.61    -5.60     1.54    2.766  nan      nan    nan   0.966     nan                            Gaia_DR3       0.828      -7.292      -0.273       0.013      -9.763       0.011
 Gaia DR3 386169722290762624   3.2911828  46.1668279 16.707  2.057       4.206   4.9132  34.1267   -10.24      nan      nan    2.611  nan      nan    nan   2.563     nan                                None       0.879      -6.157       3.193       0.135      -6.110       0.111
 Gaia DR3 382919978235340032   2.8284075  39.7951291 19.373  2.944       3.212   3.9143  34.1638    -8.94      nan      nan    2.869  nan      nan    nan   1.014     nan                                None       0.971      -7.407      -0.569       0.252      -8.592       0.181
Gaia DR3 2881040289514475776   1.5414384  38.8838640 17.266  2.283       3.831   5.2594  34.2148    -8.78      nan      nan    2.680  nan      nan    nan   1.001     nan                                None       0.918      -6.984       0.967       0.061      -4.821       0.050
 Gaia DR3 386843512463479424   1.9078091  45.8210532 16.989  2.385       1.676   5.2766  34.3607   -10.20      nan      nan    2.719  nan      nan    nan   1.063     nan                                None       0.929      -6.432       1.369       0.076      -5.579       0.054
 Gaia DR3 367571581888697600  11.2578826  37.9996508 11.690  0.779       2.490   5.1811  34.7780    -8.38   -11.50     0.43    2.764  nan      nan    nan   1.158     nan                            Gaia_DR3       0.843      -7.376       2.119       0.016      -8.066       0.012
 Gaia DR3 388734504962186368   7.0962845  44.7880541 15.474  1.791       3.296   2.7269  34.8246    -9.89      nan      nan    2.925  nan      nan    nan   1.031     nan                                None       0.943      -7.094       0.205       0.029      -5.200       0.019
 Gaia DR3 389327760202402816   7.6550801  46.6018025 18.254  1.651       4.401   4.5607  34.8274   -10.24      nan      nan    2.568  nan      nan    nan   2.119     nan                                None       0.822      -6.060      -1.504       0.214      -6.578       0.169
 Gaia DR3 367023715861212800   8.6311505  38.3426974 19.495  2.747       3.627   3.9087  34.8369    -8.51      nan      nan    2.530  nan      nan    nan   1.064     nan                                None       0.800      -6.703       0.060       0.342      -8.490       0.291
 Gaia DR3 389028654384183936   8.6376154  45.5929037 19.554  2.377       4.798   3.7116  34.8995   -10.02      nan      nan    2.888  nan      nan    nan   0.999     nan                                None       0.913      -6.936      -0.832       0.338      -4.593       0.251
Gaia DR3 2881127696393254400   0.9609824  39.4099101 18.303  3.240       0.923   5.3220  34.9310    -8.90      nan      nan    2.660  nan      nan    nan   1.003     nan                                None       0.917      -6.882       0.960       0.120      -6.366       0.108
 Gaia DR3 381033693022277248   8.5468006  40.9634025 19.265  2.702       1.308   1.5668  34.9568    -9.07      nan      nan    2.953  nan      nan    nan   0.996     nan                                None       0.934      -7.571       0.122       0.266      -7.621       0.259
 Gaia DR3 392517370421418368   6.2475641  47.4351251 17.605  2.502       4.031   5.4041  35.2274   -10.43      nan      nan    2.724  nan      nan    nan   0.992     nan                                None       0.887      -6.326       2.784       0.085      -7.651       0.086
 Gaia DR3 388075480882496384  11.6069336  45.0769514 13.516  1.026       4.552   4.4681  35.2496    -9.87    -9.67     2.14    2.556  nan      nan    nan   0.941     nan                            Gaia_DR3       0.776      -6.217       1.140       0.014      -3.791       0.012
 Gaia DR3 389875209618488704  10.0520271  46.4111742 18.636  2.733       1.201   4.8504  35.5864   -10.16      nan      nan    2.580  nan      nan    nan   1.034     nan                                None       0.800      -6.133       0.402       0.200      -6.651       0.187
 Gaia DR3 388817891750281472   6.2377015  45.2373238 17.809  3.050       1.831   3.2304  35.6152   -10.00      nan      nan    2.916  nan      nan    nan   1.034     nan                                None       0.950      -7.014       0.203       0.103      -7.857       0.074
 Gaia DR3 388814352697118080   6.3570160  45.0797886 18.791  2.596       4.171   3.0604  35.6226    -9.96      nan      nan    2.492  nan      nan    nan   0.952     nan                                None       0.810      -6.009       2.270       0.218      -7.643       0.139
 Gaia DR3 379248086138493056   5.9097219  38.8218466 18.476  2.746       4.307   3.3544  35.6365    -8.67      nan      nan    2.501  nan      nan    nan   1.032     nan                                None       0.818      -6.564      -0.949       0.137      -5.138       0.143
 Gaia DR3 383346485666641408   3.0812190  41.4500860 19.856  2.570       4.567   3.0257  35.6653    -9.29      nan      nan    2.491  nan      nan    nan   0.998     nan                                None       0.840      -6.294       2.502       0.400      -4.566       0.295
 Gaia DR3 382623797292699776   6.1030091  43.5646409 19.320  2.788       4.395   1.6572  35.6840    -9.66      nan      nan    2.462  nan      nan    nan   0.942     nan                                None       0.803      -6.070      -0.463       0.227      -4.172       0.146
 Gaia DR3 380674294454199808   8.4655901  39.8261447 16.889  2.106       2.731   2.4764  35.7435    -8.83      nan      nan    2.941  nan      nan    nan   0.997     nan                                None       0.932      -7.651      -0.753       0.062      -7.827       0.054
 Gaia DR3 367893227694604672  11.8939515  38.1283915 19.891  2.309       2.210   5.3997  35.8278    -8.39      nan      nan    2.645  nan      nan    nan   0.946     nan                                None       0.799      -7.053      -0.395       0.502      -7.358       0.321
 Gaia DR3 386511528671970048   1.4739676  44.9360441 18.621  2.674       4.702   4.9627  35.9430   -10.03      nan      nan    2.585  nan      nan    nan   0.923     nan                                None       0.887      -6.195       0.057       0.158      -8.620       0.138
 Gaia DR3 389781854209140608  11.5916115  46.4520174 18.420  2.667       1.790   5.4606  35.9530   -10.14      nan      nan    2.744  nan      nan    nan   0.946     nan                                None       0.833      -6.534       0.977       0.147      -7.559       0.141
 Gaia DR3 382616474369778176   6.0686182  43.4564647 19.478  2.637       3.704   1.5715  35.9840    -9.64      nan      nan    2.459  nan      nan    nan   1.263     nan                                None       0.802      -6.072      -0.964       0.328      -5.318       0.231
 Gaia DR3 378607624910873856   4.6814813  36.8337223 14.218  1.201       1.627   5.5387  35.9944    -8.26   -37.25     2.12    2.683  nan      nan    nan   0.980     nan                            Gaia_DR3       0.890      -7.197       0.278       0.017      -6.509       0.019
 Gaia DR3 386650071432809856   1.4790771  45.6405094 19.202  2.829       3.140   5.3803  36.1750   -10.17      nan      nan    2.631  nan      nan    nan   0.967     nan                                None       0.902      -6.236      -0.498       0.294      -7.271       0.247
 Gaia DR3 388591190492703104   8.6359299  44.6355448 12.993  0.999       1.954   2.8194  36.1834    -9.83    -5.18     2.15    2.936  nan      nan    nan   1.108     nan                            Gaia_DR3       0.928      -7.154      -0.190       0.023      -6.692       0.018
 Gaia DR3 382134274098677504   6.4497342  42.3979497 13.573  1.010       3.100   0.5599  36.1958    -9.42    -7.51     1.86    2.449  nan      nan    nan   0.990     nan                            Gaia_DR3       0.796      -6.142       2.281       0.011      -6.739       0.009
Gaia DR3 2881969853580043264   0.1397725  40.0772659 18.997  2.918       3.568   5.5754  36.2011    -9.06      nan      nan    2.711  nan      nan    nan   1.029     nan                                None       0.942      -6.944       2.976       0.186      -6.809       0.150
 Gaia DR3 375747893951997440  13.6860303  43.8182744 19.806  2.572       2.960   5.1614  36.2233    -9.57      nan      nan    2.802  nan      nan    nan   1.070     nan                                None       0.824      -6.961      -0.422       0.443      -8.187       0.351
 Gaia DR3 375522390987985920  13.6332517  42.5453062 12.622  0.877       2.908   4.8888  36.2619    -9.31      nan      nan    2.830  nan      nan    nan   1.017     nan                                None       0.833      -7.156       0.350       0.013      -5.490       0.010
 Gaia DR3 386415355766515840   1.8487737  44.9967477 18.493  3.112       4.153   4.7794  36.4591   -10.04      nan      nan    2.843  nan      nan    nan   0.890     nan                                None       0.971      -6.810       1.431       0.135      -9.256       0.117
 Gaia DR3 367918099850853888  12.0318114  38.5178280 17.759  2.586       2.499   5.1919  36.5649    -8.48      nan      nan    2.805  nan      nan    nan   1.016     nan                                None       0.846      -7.448      -0.517       0.099      -6.876       0.079
 Gaia DR3 392082101253658880   4.8472544  46.9577183 17.737  2.655       4.221   5.1425  36.5727   -10.36      nan      nan    2.811  nan      nan    nan   0.986     nan                                None       0.930      -6.563       2.931       0.082      -5.061       0.075
 Gaia DR3 386197347520465792   2.6736307  43.7765174 13.636  1.079       4.799   3.6368  36.6852    -9.77   -42.11     1.72    2.503  nan      nan    nan   1.003     nan                            Gaia_DR3       0.848      -6.116      -1.661       0.012      -5.775       0.011
 Gaia DR3 390743312708175616   9.0072500  47.3907324 11.078  0.712       2.882   5.5066  36.6982   -10.37      nan      nan    2.761  nan      nan    nan   5.004     nan                                None       0.868      -6.450       1.613       0.069      -4.946       0.050
 Gaia DR3 379180122575619968   6.2892201  38.5434568 18.202  2.543       3.072   3.5659  36.7054    -8.60      nan      nan    2.915  nan      nan    nan   0.958     nan                                None       0.949      -7.680      -0.939       0.128      -7.672       0.127
 Gaia DR3 387723985053454976   9.1195366  43.9213865 19.897  2.402       1.500   2.3962  36.7424    -9.68      nan      nan    2.468  nan      nan    nan   1.000     nan                                None       0.775      -6.081       1.463       0.399      -5.712       0.359
 Gaia DR3 385396903055227136   3.7272897  43.3772683 16.795  1.958       1.784   2.7755  36.7606    -9.67      nan      nan    2.943  nan      nan    nan   6.496     nan                                None       0.986      -7.247       2.029       0.350      -6.878       0.260
Gaia DR3 2882242051427293312 359.6521601  40.9750127 19.496  2.610       3.375   5.6456  36.7702    -9.26      nan      nan    2.675  nan      nan    nan   1.026     nan                                None       0.934      -6.768       0.721       0.234      -4.877       0.250
Gaia DR3 2877678841950302080   2.6706196  37.4944241 19.896  2.394       3.402   5.6731  36.7999    -8.45      nan      nan    2.698  nan      nan    nan   0.963     nan                                None       0.914      -7.161      -0.395       0.369      -5.737       0.242
 Gaia DR3 384436956387818624   0.5788425  42.6182362 18.372  2.559       4.995   4.8172  36.8479    -9.58      nan      nan    2.845  nan      nan    nan   0.995     nan                                None       0.984      -7.047       1.674       0.147      -4.131       0.126
 Gaia DR3 375538269482843776  14.0807547  42.6324660 19.198  2.736       1.972   5.2231  36.8723    -9.32      nan      nan    2.808  nan      nan    nan   1.052     nan                                None       0.820      -7.095       0.180       0.248      -8.071       0.175
 Gaia DR3 375303317592604160  11.5542302  41.8804944 17.804  2.675       4.430   3.3504  36.8803    -9.21      nan      nan    2.925  nan      nan    nan   1.134     nan                                None       0.888      -7.442      -0.889       0.138      -9.517       0.097
 Gaia DR3 391970333322598528   5.8818115  46.3022703 15.840  2.470       1.898   4.3233  36.8894   -10.21      nan      nan    2.531  nan      nan    nan   1.082     nan                                None       0.828      -5.983       1.710       0.031      -6.480       0.025
 Gaia DR3 373883809425155840  13.7233266  39.4639819 17.847  2.530       4.784   5.6778  36.9169    -8.65      nan      nan    2.681  nan      nan    nan   1.009     nan                                None       0.788      -7.054      -1.858       0.122      -7.610       0.075
 Gaia DR3 384975171626282240   0.8610672  44.2129993 14.680  1.380       4.221   5.0033  36.9838    -9.90   -41.16     4.41    2.574  nan      nan    nan   0.983     nan                            Gaia_DR3       0.888      -6.230       0.554       0.018      -8.495       0.016
 Gaia DR3 392269636706026112   4.0237506  47.2572076 18.131  2.481       1.402   5.6240  36.9876   -10.43      nan      nan    2.744  nan      nan    nan   1.026     nan                                None       0.917      -6.367       1.511       0.128      -6.920       0.128
Gaia DR3 1921629189265012864 359.9303879  42.5430415 19.381  2.629       4.689   5.2890  37.0547    -9.58      nan      nan    2.804  nan      nan    nan   1.195     nan                                None       0.976      -6.943       2.286       0.407      -9.385       0.462
 Gaia DR3 377625722372395264  13.2148187  45.4828153 19.992  0.156       3.195   5.6095  37.0814    -9.92      nan      nan    2.648  nan      nan    nan   1.033     nan                                None       0.784      -6.417      -0.809       0.388      -5.615       0.370
Gaia DR3 2881126871759515520   0.9063151  39.3953460 19.024  2.912       2.441   5.3656  37.0875    -8.90      nan      nan    2.795  nan      nan    nan   1.013     nan                                None       0.964      -7.231       1.523       0.171      -8.556       0.172
 Gaia DR3 375822252720399104  12.5950885  43.2653560 16.881  2.262       0.577   4.2479  37.1514    -9.48      nan      nan    2.524  nan      nan    nan   1.011     nan                                None       0.755      -6.311       0.529       0.054      -6.519       0.049
 Gaia DR3 374271627791718400  14.5845395  41.0441103 13.544  1.016       2.765   5.7246  37.1712    -8.98     3.91     2.06    2.687  nan      nan    nan   1.022     nan                            Gaia_DR3       0.779      -6.940      -0.058       0.017      -8.264       0.011
 Gaia DR3 390986888892275584   7.5360300  47.6064792 15.632  1.704       4.743   5.5556  37.2289   -10.44      nan      nan    2.633  nan      nan    nan   1.003     nan                                None       0.844      -6.111      -0.293       0.033      -3.737       0.023
 Gaia DR3 368240879528207872   9.4684527  37.6227369 16.817  2.317       1.858   4.8096  37.2565    -8.33      nan      nan    2.852  nan      nan    nan   0.988     nan                                None       0.891      -7.628       1.138       0.055      -6.538       0.053
 Gaia DR3 375213844834010240  11.9138233  41.2682288 12.098  0.796       0.747   3.7156  37.4631    -9.07    -8.26     0.47    2.917  nan      nan    nan   0.915     nan                            Gaia_DR3       0.881      -7.485       0.444       0.010      -7.626       0.009
 Gaia DR3 367007017027509632   8.1157236  38.2377413 12.267  0.988       4.614   3.9087  37.5205    -8.49   -28.14     0.81    2.909  nan      nan    nan   1.232     nan                            Gaia_DR3       0.926      -7.711      -0.003       0.012      -5.038       0.013
Gaia DR3 1922668227752373120 359.3816373  43.2818386 17.458  2.603       3.051   5.7693  37.5398    -9.74      nan      nan    2.722  nan      nan    nan   0.967     nan                                None       0.952      -6.663      -0.428       0.067      -7.740       0.059
 Gaia DR3 385042374977401600   0.3507529  44.5148549 13.994  1.181       4.456   5.4591  37.5703    -9.97   -14.66     2.57    2.610  nan      nan    nan   0.962     nan                            Gaia_DR3       0.905      -6.284       1.011       0.014      -3.834       0.013
 Gaia DR3 387835654204633472   9.0024136  44.4879899 17.506  2.735       4.623   2.8107  37.6024    -9.80      nan      nan    2.950  nan      nan    nan   1.021     nan                                None       0.928      -7.209       3.218       0.108      -5.470       0.087
 Gaia DR3 367310997633804032  11.8313181  37.5574913 18.996  2.700       2.982   5.8076  37.6683    -8.27      nan      nan    2.701  nan      nan    nan   1.042     nan                                None       0.817      -7.249      -0.160       0.207      -5.861       0.164
 Gaia DR3 376420898146870400  14.7741008  43.3101181 12.420  0.812       3.941   5.8084  37.6802    -9.45   -21.62     1.06    2.705  nan      nan    nan   1.046     nan                            Gaia_DR3       0.782      -6.780      -1.393       0.014      -6.211       0.010
 Gaia DR3 390714656682225024   8.9682614  47.0847168 19.734  2.568       4.417   5.2047  37.6998   -10.31      nan      nan    2.581  nan      nan    nan   1.030     nan                                None       0.812      -6.057       2.705       0.305      -4.578       0.255
 Gaia DR3 382223433322707456   6.2779583  43.0610316 18.383  2.613       2.732   1.1515  37.7266    -9.56      nan      nan    2.444  nan      nan    nan   1.020     nan                                None       0.795      -6.070       1.624       0.182      -4.932       0.106
 Gaia DR3 382302907398132480   7.9633115  42.7058726 18.539  2.820       4.386   0.9309  37.7451    -9.45      nan      nan    2.985  nan      nan    nan   1.014     nan                                None       0.952      -7.471       0.223       0.159     -10.134       0.159
Gaia DR3 2881040353938536576   1.5260426  38.8944038 19.844  2.660       3.969   5.2621  37.7960    -8.78      nan      nan    2.821  nan      nan    nan   1.006     nan                                None       0.967      -7.352       0.863       0.354      -4.994       0.256
 Gaia DR3 368503147411347584   9.6977225  38.8225792 12.816  0.896       3.626   3.8124  37.8692    -8.59     0.22     1.26    2.917  nan      nan    nan   0.915     nan                            Gaia_DR3       0.909      -7.695      -0.727       0.010      -9.211       0.010
 Gaia DR3 383238664809074816   2.9960936  40.5456444 17.207  2.404       4.576   3.4039  37.9037    -9.10      nan      nan    2.485  nan      nan    nan   1.022     nan                                None       0.839      -6.355       1.228       0.064      -3.990       0.050
 Gaia DR3 384623362264829952   1.5560517  43.0403698 14.047  1.490       4.865   4.1660  38.0854    -9.65    -5.80     2.10    2.512  nan      nan    nan   7.141     nan                            Gaia_DR3       0.861      -6.193       3.253       0.082      -7.148       0.068
 Gaia DR3 368025680191286784  11.8283069  39.2761822 19.432  2.701       1.633   4.5672  38.0969    -8.65      nan      nan    2.532  nan      nan    nan   0.987     nan                                None       0.766      -6.660       0.936       0.278      -5.805       0.243
 Gaia DR3 386506683948674688   1.1496156  44.8489980 18.542  2.940       3.777   5.1108  38.1121   -10.02      nan      nan    2.841  nan      nan    nan   0.999     nan                                None       0.978      -6.814       1.016       0.173      -4.552       0.131
Gaia DR3 1921857372286467200 359.1334359  42.6952128 19.327  2.822       3.039   5.8830  38.1713    -9.63      nan      nan    2.693  nan      nan    nan   1.000     nan                                None       0.944      -6.645       2.216       0.249      -5.480       0.213
 Gaia DR3 389569888984030592  11.7502776  45.3278559 19.158  2.797       3.526   4.7101  38.2276    -9.92      nan      nan    2.538  nan      nan    nan   1.095     nan                                None       0.768      -6.151       2.655       0.292      -6.187       0.249
 Gaia DR3 390999597697651200   7.3453544  47.8687230 18.782  2.993       1.611   5.8110  38.3462   -10.49      nan      nan    2.753  nan      nan    nan   0.955     nan                                None       0.884      -6.360       1.748       0.177      -6.003       0.151
 Gaia DR3 381292628013479552  10.5672124  41.7538322 19.686  2.392       3.706   2.6325  38.5038    -9.20      nan      nan    2.461  nan      nan    nan   1.049     nan                                None       0.758      -6.262      -0.954       0.327      -7.139       0.321
 Gaia DR3 368918827231015808  12.5016245  40.1834824 19.512  2.340       3.661   4.5119  38.5196    -8.83      nan      nan    2.524  nan      nan    nan   1.022     nan                                None       0.756      -6.573      -0.958       0.318      -5.646       0.248
 Gaia DR3 386798466846649984   2.7636571  45.8801116 12.441  0.797       1.563   4.9093  38.6108   -10.19   -11.49     2.95    2.546  nan      nan    nan   0.960     nan                            Gaia_DR3       0.862      -6.027       1.370       0.010      -6.695       0.009
 Gaia DR3 386886427776442880   1.6215077  46.4764713 17.720  2.970       1.966   5.8814  38.6919   -10.33      nan      nan    2.749  nan      nan    nan   0.991     nan                                None       0.941      -6.430       1.557       0.104      -7.389       0.083
 Gaia DR3 378956887356493056   6.5288675  37.9190926 18.164  2.492       3.391   4.1617  38.7177    -8.46      nan      nan    2.506  nan      nan    nan   0.981     nan                                None       0.813      -6.654      -0.874       0.141      -7.257       0.128
 Gaia DR3 377612734390502912  13.3742204  45.3902147 18.549  2.168       2.803   5.6489  38.8448    -9.90      nan      nan    2.797  nan      nan    nan   2.378     nan                                None       0.826      -6.788      -0.824       0.325      -6.869       0.284
 Gaia DR3 383248285535601024   2.7161998  40.5775474  8.949  0.156       2.216   3.5792  38.8448    -9.11    -6.37     2.71    2.938  nan      nan    nan   2.434     nan                            Gaia_DR3       0.995      -7.506       0.970       0.040      -6.134       0.031
 Gaia DR3 384589685424544128   1.5590078  42.6596535 19.518  2.500       4.188   4.1034  38.8501    -9.57      nan      nan    2.503  nan      nan    nan   0.985     nan                                None       0.858      -6.204      -0.796       0.282      -7.669       0.209
 Gaia DR3 367338902036543232  10.6658920  36.8046234 14.306  1.526       4.168   5.9496  39.0721    -8.12     5.30     2.91    2.746  nan      nan    nan  13.671     nan                            Gaia_DR3       0.844      -7.424       2.269       0.196      -5.476       0.178
 Gaia DR3 380856706009742080   7.6268184  39.8403379 19.672  2.495       4.090   2.2627  39.1548    -8.85      nan      nan    2.449  nan      nan    nan   0.974     nan                                None       0.784      -6.363       2.187       0.367      -4.785       0.336
 Gaia DR3 367811726396380032  13.8145330  38.8777071 16.105  1.903       2.448   6.0459  39.2463    -8.52      nan      nan    2.714  nan      nan    nan   1.330     nan                                None       0.796      -7.191       0.534       0.053      -5.816       0.040
 Gaia DR3 374171782687453184  12.8480135  40.2119877 19.208  2.466       4.587   4.7382  39.2690    -8.83      nan      nan    2.529  nan      nan    nan   1.712     nan                                None       0.753      -6.585      -1.500       0.484      -7.535       0.329
 Gaia DR3 368283897920739200   9.9965822  38.1419114 17.739  2.680       4.747   4.5190  39.3072    -8.44      nan      nan    2.517  nan      nan    nan   0.981     nan                                None       0.781      -6.696       2.300       0.102      -4.686       0.077
Gaia DR3 1921627844937653632 359.8526056  42.4712059 17.569  2.539       1.614   5.3433  39.3659    -9.57      nan      nan    2.569  nan      nan    nan   1.022     nan                                None       0.895      -6.367       0.104       0.075      -6.739       0.071
 Gaia DR3 380350247763941248   4.6274157  40.0995714 19.250  2.670       4.788   2.6819  39.3961    -8.97      nan      nan    2.456  nan      nan    nan   1.028     nan                                None       0.815      -6.332      -1.507       0.280      -5.465       0.148
 Gaia DR3 367630096523297152  12.4124297  37.5872310 18.673  2.821       4.805   6.0764  39.4789    -8.26      nan      nan    2.719  nan      nan    nan   1.015     nan                                None       0.815      -7.301      -0.242       0.161      -4.757       0.132
Gaia DR3 1922628709757074432 359.0745139  43.0064207 19.113  2.931       3.509   5.9529  39.4796    -9.69      nan      nan    2.642  nan      nan    nan   1.029     nan                                None       0.927      -6.490       1.347       0.245      -8.399       0.209
 Gaia DR3 374061487927543296  14.9730966  40.7480890 17.977  2.774       1.913   6.0808  39.4829    -8.91      nan      nan    2.687  nan      nan    nan   2.108     nan                                None       0.774      -6.969      -0.235       0.214      -6.574       0.154
 Gaia DR3 378110645654118400  12.6839037  46.5004620 19.838  2.800       3.579   5.9928  39.5049   -10.13      nan      nan    2.650  nan      nan    nan   1.034     nan                                None       0.791      -6.317      -0.976       0.451      -7.253       0.341
 Gaia DR3 379661502510066944   4.3295473  38.6178109 18.189  2.311       2.697   4.0207  39.5629    -8.66      nan      nan    2.493  nan      nan    nan   1.016     nan                                None       0.830      -6.546       1.952       0.112      -5.679       0.090
Gaia DR3 2877629089048991744   2.0351600  37.3320369 14.288  1.338       4.139   6.1032  39.6060    -8.43    10.12     2.95    2.691  nan      nan    nan   1.005     nan                            Gaia_DR3       0.918      -7.151       2.423       0.026      -5.349       0.014
 Gaia DR3 375178278208377600  13.2580266  42.1025755 19.813  2.481       2.234   4.6038  39.6960    -9.23      nan      nan    2.518  nan      nan    nan   0.972     nan                                None       0.745      -6.401       0.597       0.387      -7.578       0.276
 Gaia DR3 368529187797676800   8.7287647  38.5996010 18.738  2.928       1.601   3.6895  39.7152    -8.56      nan      nan    2.943  nan      nan    nan   1.004     nan                                None       0.929      -7.773      -0.052       0.196      -7.927       0.176
 Gaia DR3 384070406700454784   1.4067766  41.6114898 16.791  2.141       2.368   4.2306  39.7207    -9.36      nan      nan    2.500  nan      nan    nan   0.986     nan                                None       0.858      -6.288       1.169       0.057      -5.080       0.044
 Gaia DR3 389164860685470336   8.5271645  46.2853619 13.742  1.192       3.259   4.3539  39.7289   -10.16     1.21     2.05    2.913  nan      nan    nan   1.356     nan                            Gaia_DR3       0.922      -6.920       0.573       0.016      -4.949       0.013
Gaia DR3 2876579433401397248   4.7185569  36.3690464 16.536  2.084       1.498   5.9723  39.7747    -8.15      nan      nan    2.637  nan      nan    nan   1.043     nan                                None       0.874      -7.109       1.305       0.047      -6.397       0.050
 Gaia DR3 379010419827762560   7.8260547  38.2009550 17.257  2.197       1.633   3.9052  39.7872    -8.49      nan      nan    2.487  nan      nan    nan   1.004     nan                                None       0.794      -6.593       0.387       0.071      -7.346       0.070
Gaia DR3 2881750780184603776   0.1253912  38.9410611 18.746  2.760       3.370   6.1201  39.8309    -8.82      nan      nan    2.677  nan      nan    nan   1.011     nan                                None       0.930      -6.959       0.778       0.184      -8.855       0.142
Gaia DR3 2880994311888605184   0.2921830  38.7505457 19.407  2.681       4.779   6.1185  39.8312    -8.77      nan      nan    2.727  nan      nan    nan   1.043     nan                                None       0.946      -7.108       3.679       0.258      -7.393       0.217
 Gaia DR3 385796094496097024   5.3260070  44.8991066 19.149  2.812       2.956   3.1022  39.8378    -9.95      nan      nan    2.964  nan      nan    nan   1.069     nan                                None       0.976      -7.156       0.455       0.216      -8.928       0.175
 Gaia DR3 384381877728637952   0.9245951  42.3084249 18.574  2.936       1.996   4.5475  39.8869    -9.51      nan      nan    2.905  nan      nan    nan   0.998     nan                                None       1.002      -7.230       0.525       0.145      -6.104       0.124
 Gaia DR3 366185200805828736   7.6441303  36.0657374 19.172  2.526       4.797   6.0130  39.9119    -8.02      nan      nan    2.765  nan      nan    nan   0.976     nan                                None       0.885      -7.507       3.156       0.229      -9.137       0.226
 Gaia DR3 384881262164289408   0.0055354  43.7410404 17.890  1.900       3.470   5.4274  39.9660    -9.82      nan      nan    2.843  nan      nan    nan   3.107     nan                                None       0.989      -6.921       1.119       0.291      -8.997       0.249
 Gaia DR3 376457216390558848  14.8092262  43.7713319 18.983  2.730       2.174   5.9288  39.9816    -9.55      nan      nan    2.783  nan      nan    nan   1.022     nan                                None       0.804      -6.930       2.052       0.222      -6.665       0.191
