GaiaDR3                               RA         DEC   Gmag  Bp-Rp  Voff(km/s) Sep(deg)   3D(pc) Vr(pred)  Vr(obs)    Vrerr Plx(mas)  SpT    FnuvJ  W1-W3    RUWE  XCrate                               RVsrc    PMRApred   PMDecpred        PMRA     PMRAerr       PMDec    PMDecerr
Gaia DR3 2549096011101118080  11.2564300   0.5931841 12.815  1.082       0.000   0.0000   0.0000    26.63    26.63    19.22    4.049  nan      nan    nan   0.963     nan                            Gaia_DR3      25.938     -18.067      25.938       0.021     -18.067       0.019
Gaia DR3 2549096006807487872  11.2577515   0.5942133 17.446  2.548       1.006   0.0017   2.5259    26.63      nan      nan    4.091  nan      nan    nan   1.058     nan                                None      26.205     -18.254      25.660       0.120     -17.580       0.117
Gaia DR3 2530458185203086848   9.8123187  -1.3139144 18.364  2.786       4.004   2.3921  14.8942    26.54      nan      nan    3.884  nan      nan    nan   0.997     nan                                None      25.423     -16.607      22.886       0.215     -18.684       0.182
Gaia DR3 2553593009363650688   8.8816819   3.0604659 17.806  2.630       3.780   3.4235  14.9262    24.41      nan      nan    4.019  nan      nan    nan   0.961     nan                                None      26.664     -18.829      24.795       0.155     -16.228       0.116
Gaia DR3 2549875324326977408  13.4522440   2.7874555 14.674  1.813       3.584   3.1035  15.5560    26.94     9.88     8.08    3.929  nan      nan    nan  10.326     nan                            Gaia_DR3      24.293     -18.406      21.549       0.363     -17.275       0.412
Gaia DR3 2539281250619927040  14.2531742   2.4737107 18.733  2.857       3.800   3.5369  16.1829    27.47      nan      nan    3.969  nan      nan    nan   1.078     nan                                None      24.214     -18.487      21.472       0.311     -16.879       0.259
Gaia DR3 2544115940686338432   9.2320893   0.8148052 18.236  3.113       2.017   2.0363  16.5993    25.45      nan      nan    4.297  nan      nan    nan   0.915     nan                                None      28.368     -19.252      26.605       0.207     -18.773       0.130
Gaia DR3 2536085760592431488  14.0073104  -0.1671287 19.353  3.055       2.197   2.8540  18.3149    28.33      nan      nan    4.291  nan      nan    nan   1.005     nan                                None      26.285     -18.818      25.848       0.474     -16.880       0.443
Gaia DR3 2536416129476365952  15.2699244  -0.0933193 18.248  2.852       4.403   4.0717  18.5432    28.94      nan      nan    3.963  nan      nan    nan   0.997     nan                                None      23.749     -17.409      26.935       0.189     -19.248       0.175
Gaia DR3 2554158364498429952  10.0206667   4.1241081 18.244  2.716       4.188   3.7405  18.5825    24.61      nan      nan    3.911  nan      nan    nan   0.977     nan                                None      25.523     -18.730      28.788       0.205     -19.856       0.145
Gaia DR3 2532646041543888512  15.0673068  -1.9732893 18.573  2.938       4.251   4.5940  20.1928    29.50      nan      nan    4.131  nan      nan    nan   1.065     nan                                None      24.845     -17.313      21.218       0.224     -16.576       0.233
Gaia DR3 2546967975065972224   6.5910038   1.0880071 14.833  1.798       3.317   4.6911  20.4774    23.88    22.91     3.05    4.008  nan      nan    nan   5.988     nan                            Gaia_DR3      27.433     -18.035      29.948       0.142     -19.270       0.135
Gaia DR3 2540837270027732096   7.3916436  -2.2129129 13.101  1.187       4.233   4.7754  21.4883    25.52    22.68     1.01    3.963  nan      nan    nan   1.055     nan                            Gaia_DR3      26.838     -16.638      27.294       0.020     -13.131       0.016
Gaia DR3 2542556317802422528   9.1334327  -0.8106485 19.779  2.580       4.212   2.5451  21.6692    25.99      nan      nan    4.386  nan      nan    nan   1.074     nan                                None      28.992     -18.973      25.124       0.518     -19.417       0.457
Gaia DR3 2540926158671554688   6.9082487  -2.3043245 11.245  0.743       3.161   5.2244  22.4988    25.28     9.41     0.43    4.054  nan      nan    nan   1.768     nan                            Gaia_DR3      27.631     -16.994      30.061       0.042     -15.812       0.035
Gaia DR3 2554523612812658560   9.0651958   5.2640327 15.391  2.102       4.906   5.1578  23.0354    23.64     4.35     4.95    4.170  nan      nan    nan   1.043     nan                            Gaia_DR3      27.594     -20.356      28.754       0.039     -16.201       0.029
Gaia DR3 2553010474358815744  13.9724092   5.2325429 17.704 -0.061       2.014   5.3737  23.2863    26.23      nan      nan    4.113  nan      nan    nan   1.590     nan                                None      25.210     -20.269      26.450       0.227     -19.040       0.156
Gaia DR3 2541881939216976896   6.1013144  -1.5288053 19.637  2.775       1.631   5.5743  24.0271    24.56      nan      nan    4.046  nan      nan    nan   1.073     nan                                None      27.870     -17.263      27.803       0.477     -18.653       0.423
Gaia DR3 2550043480886482688  12.5371580   2.6634027 11.909  0.902       0.442   2.4340  24.2204    26.52     8.14     0.70    4.447  nan      nan    nan   1.194     nan                            Gaia_DR3      27.912     -20.757      27.562       0.026     -20.981       0.024
Gaia DR3 2537427164777820160  14.4393026   0.9522761 17.340  2.577       3.713   3.2028  24.3404    28.14      nan      nan    3.751  nan      nan    nan   1.002     nan                                None      22.808     -16.888      19.931       0.131     -17.469       0.108
Gaia DR3 2551101176712745984   9.8879339   3.5623695 16.175  2.346       2.568   3.2689  24.7328    24.76      nan      nan    4.421  nan      nan    nan   1.025     nan                                None      28.905     -20.940      31.125       0.061     -20.046       0.044
Gaia DR3 2553565762090697216   8.3237442   2.7447355 19.266  3.059       4.801   3.6361  24.9353    24.23      nan      nan    4.404  nan      nan    nan   1.091     nan                                None      29.450     -20.495      33.202       0.444     -18.087       0.297
Gaia DR3 2543466064890896384   7.1678651  -0.5767909 16.160  2.362       4.666   4.2526  24.9465    24.82      nan      nan    3.799  nan      nan    nan   0.984     nan                                None      25.807     -16.530      28.359       0.067     -19.260       0.044
Gaia DR3 2551495970106589440  15.0251317   3.6740378 15.692  2.222       2.271   4.8654  24.9712    27.38      nan      nan    3.851  nan      nan    nan   1.009     nan                                None      23.182     -18.421      25.024       0.050     -18.358       0.035
Gaia DR3 2544496857041528576   8.1011873   1.9984097 13.443  1.207       3.737   3.4532  25.6757    24.39   -31.47     1.35    4.433  nan      nan    nan   6.552     nan                            Gaia_DR3      29.735     -20.328      32.912       0.133     -21.777       0.110
Gaia DR3 2548690355734293376   5.8885252   3.4078713 19.857  2.734       2.435   6.0577  26.2380    22.60      nan      nan    4.123  nan      nan    nan   1.107     nan                                None      28.480     -19.359      30.397       0.559     -18.463       0.445
Gaia DR3 2539861041140590336  16.2110279   3.7733256 17.077  2.437       2.856   5.8838  26.3430    27.93      nan      nan    4.195  nan      nan    nan   0.959     nan                                None      24.720     -20.143      22.200       0.123     -19.968       0.073
Gaia DR3 2532419237206209664  15.9058756  -2.0487905 18.309  3.299       4.392   5.3470  26.5684    29.94      nan      nan    3.859  nan      nan    nan   1.085     nan                                None      22.864     -16.130      19.391       0.271     -16.968       0.270
Gaia DR3 2551076059744101504  10.9330557   3.7716252 11.313  0.824       1.724   3.1948  26.5911    25.24    14.08     0.40    4.468  nan      nan    nan   1.233     nan                            Gaia_DR3      28.761     -21.285      28.867       0.034     -22.906       0.028
Gaia DR3 2552088022758347136  15.7053344   4.8344924 14.747  1.727       2.327   6.1423  26.7701    27.26   -18.55     4.56    4.003  nan      nan    nan   6.170     nan                            Gaia_DR3      23.803     -19.634      21.919       0.216     -20.188       0.136
Gaia DR3 2524156510403256704  11.3889995  -5.5014828 17.117  2.542       2.689   6.0961  26.8378    28.79      nan      nan    3.980  nan      nan    nan   0.960     nan                                None      25.441     -15.278      23.327       0.142     -14.490       0.095
Gaia DR3 2540873966228368640   7.6975545  -1.8461680 18.083  2.743       2.245   4.3142  27.1885    25.57      nan      nan    4.417  nan      nan    nan   0.999     nan                                None      29.790     -18.691      30.430       0.161     -16.701       0.145
Gaia DR3 2540309641884300544   6.3576565  -3.0943207 14.934  1.789       4.892   6.1299  27.3119    25.24      nan      nan    4.194  nan      nan    nan   2.090     nan                                None      28.795     -17.288      25.871       0.131     -20.475       0.065
Gaia DR3 2524204133000574080  10.8914220  -5.4874723 16.499  2.378       2.293   6.0916  28.4722    28.52      nan      nan    3.896  nan      nan    nan   0.971     nan                                None      25.094     -14.981      24.664       0.102     -16.815       0.073
Gaia DR3 2553487116944923520  13.8474734   6.6316640 13.988  1.395       1.629   6.5684  28.6891    25.59   -18.26     2.65    4.161  nan      nan    nan   2.708     nan                            Gaia_DR3      25.561     -21.058      26.983       0.071     -20.915       0.049
Gaia DR3 2524027523945491328  10.8459312  -6.0962863 10.642  0.827       1.314   6.7020  29.3167    28.69     8.68     0.24    4.169  nan      nan    nan   0.937     nan                            Gaia_DR3      26.870     -15.765      27.704       0.022     -14.966       0.020
Gaia DR3 2543497160454041600   6.4736561  -0.6784612 14.181  1.765       3.705   4.9488  29.7104    24.46    20.29     2.51    4.438  nan      nan    nan   4.498     nan                            Gaia_DR3      30.424     -19.272      28.588       0.105     -22.212       0.077
Gaia DR3 2530521377057869184  11.4141197  -1.6747633 17.428  3.003       3.893   2.2734  29.9099    27.53      nan      nan    3.636  nan      nan    nan   1.082     nan                                None      23.234     -15.400      21.950       0.124     -18.094       0.136
Gaia DR3 2555870888218334208  10.8684937   5.2869268 18.574  2.903       3.263   4.7097  30.1729    24.60      nan      nan    3.725  nan      nan    nan   0.959     nan                                None      24.002     -18.261      22.527       0.220     -20.356       0.215
Gaia DR3 2531971731678233472  17.2715647  -2.1594069 19.665  2.408       4.621   6.6140  30.1928    30.64      nan      nan    3.915  nan      nan    nan   0.981     nan                                None      22.615     -16.296      21.125       0.469     -12.786       0.354
Gaia DR3 2531980699569936896  17.5447504  -2.1889999 18.477  2.802       2.412   6.8752  30.2266    30.78      nan      nan    3.976  nan      nan    nan   0.989     nan                                None      22.851     -16.535      21.784       0.221     -14.817       0.160
Gaia DR3 2547569339206404864   7.5627790   2.3128502 18.892  2.934       2.878   4.0731  30.4139    23.97      nan      nan    3.688  nan      nan    nan   0.961     nan                                None      24.917     -17.004      26.892       0.303     -18.057       0.216
Gaia DR3 2538264168004462976  17.1901059   1.8978518 18.777  2.736       3.831   6.0739  30.5756    29.13      nan      nan    3.825  nan      nan    nan   1.025     nan                                None      22.130     -17.630      21.977       0.367     -14.545       0.219
Gaia DR3 2538320522271058432  16.9158522   2.0722297 17.109  2.445       4.045   5.8479  31.3691    28.93      nan      nan    3.782  nan      nan    nan   1.103     nan                                None      21.996     -17.500      22.341       0.136     -20.706       0.076
Gaia DR3 2537300617861748608  13.7559243   0.6208502 18.154  2.837       4.307   2.4995  31.4859    27.91      nan      nan    4.606  nan      nan    nan   1.011     nan                                None      28.335     -20.575      29.580       0.189     -16.583       0.203
Gaia DR3 2527064920521108864   8.2927795  -5.1897917 18.348  3.283       4.339   6.4965  31.7072    27.02      nan      nan    4.341  nan      nan    nan   1.067     nan                                None      29.038     -16.945      26.621       0.325     -20.095       0.180
Gaia DR3 2747330153633210240   5.7345177   5.8079801 17.120  2.526       4.296   7.5874  32.7465    21.56      nan      nan    4.136  nan      nan    nan   0.995     nan                                None      28.625     -20.221      31.850       0.111     -18.315       0.082
Gaia DR3 2747238108190132992   6.0188425   5.2785554 19.444  2.802       4.434   7.0212  33.1642    21.94      nan      nan    4.322  nan      nan    nan   1.020     nan                                None      29.804     -20.961      33.355       0.478     -22.889       0.341
Gaia DR3 2545212840973698432   4.3957873  -0.3490986 13.330  1.229       1.873   6.9250  33.2258    23.15    14.02     1.54    4.340  nan      nan    nan   0.987     nan                            Gaia_DR3      30.538     -18.982      32.088       0.018     -19.712       0.014
Gaia DR3 2548450632135962496   4.4609358   3.2544336 16.049  2.462       4.917   7.2939  33.2403    21.84      nan      nan    4.275  nan      nan    nan   1.513     nan                                None      30.056     -19.975      31.558       0.084     -24.144       0.058
Gaia DR3 2524965647881559168  15.5939195  -4.9178595 17.550  2.605       2.824   7.0103  33.2919    30.75      nan      nan    4.330  nan      nan    nan   1.072     nan                                None      25.799     -16.719      28.372       0.143     -16.896       0.132
Gaia DR3 2523133620992000512  12.7371564  -6.2038823 12.418  1.033       2.855   6.9559  33.3492    29.71     8.70     0.64    4.341  nan      nan    nan   1.067     nan                            Gaia_DR3      27.159     -16.268      28.275       0.025     -13.906       0.019
Gaia DR3 2533630860364936192  18.6991019  -1.2962756 18.221  3.095       4.774   7.6783  33.5962    31.01      nan      nan    4.195  nan      nan    nan   0.913     nan                                None      23.564     -17.853      20.747       0.213     -20.997       0.165
Gaia DR3 2524965643586526976  15.5948174  -4.9179729 17.207  2.591       2.559   7.0109  33.8294    30.75      nan      nan    4.353  nan      nan    nan   1.018     nan                                None      25.936     -16.807      28.251       0.116     -17.198       0.106
Gaia DR3 2741018132255835264   4.2597622   3.9111282 18.596  2.810       3.656   7.7377  33.9627    21.47      nan      nan    3.974  nan      nan    nan   0.981     nan                                None      28.007     -18.770      29.422       0.268     -21.487       0.216
Gaia DR3 2551666909804943872  12.8442840   3.6714115 14.691  1.657       3.878   3.4630  34.1217    26.28     4.58     4.36    3.608  nan      nan    nan   1.012     nan                            Gaia_DR3      22.533     -17.202      21.354       0.034     -19.905       0.034
Gaia DR3 2539770090913088640  16.0289061   3.3120698 17.123  2.622       3.553   5.4898  34.2215    28.02      nan      nan    3.696  nan      nan    nan   1.027     nan                                None      21.850     -17.565      24.604       0.105     -17.849       0.079
Gaia DR3 2524475643653611392  15.0060572  -5.8229701 19.194  3.196       3.656   7.4285  34.3120    30.74      nan      nan    4.305  nan      nan    nan   1.056     nan                                None      25.919     -16.206      29.159       0.376     -15.491       0.358
Gaia DR3 2527785963926253952   7.0262046  -4.8006762 15.588  2.154       2.597   6.8521  34.3737    26.19      nan      nan    4.396  nan      nan    nan   1.000     nan                                None      29.917     -17.385      28.929       0.051     -15.190       0.032
Gaia DR3 2544701293191896448   3.4998608  -1.4493125 18.152  3.085       3.785   8.0204  34.4772    23.02      nan      nan    4.069  nan      nan    nan   1.016     nan                                None      28.934     -17.422      25.900       0.236     -16.269       0.162
Gaia DR3 2535303458068922112  19.0101609   1.1744640 18.676  2.899       4.727   7.7745  34.5375    30.26      nan      nan    3.946  nan      nan    nan   1.005     nan                                None      22.027     -17.893      20.601       0.364     -21.557       0.243
Gaia DR3 2557614752315095424  11.1950473   8.1383022 15.080  1.993       2.252   7.5454  34.8743    23.59    15.67     4.86    4.311  nan      nan    nan   1.007     nan                            Gaia_DR3      27.638     -22.242      25.891       0.042     -23.308       0.040
Gaia DR3 2546490031104941056   3.3936858   1.4966914 10.225  1.065       2.435   7.9131  35.0480    21.88    21.07     0.20    4.236  nan      nan    nan   0.990     nan                            Gaia_DR3      30.158     -19.169      31.425       0.022     -17.402       0.017
Gaia DR3 2532291041022351488  16.1173700  -2.9142730 15.489  2.106       4.087   5.9928  35.3761    30.34      nan      nan    4.517  nan      nan    nan   0.982     nan                                None      26.662     -18.444      23.398       0.062     -16.324       0.041
Gaia DR3 2556013622866889216  11.8017840   5.9157306 13.517  1.140       3.547   5.3503  35.4470    24.84   -33.98     1.80    3.665  nan      nan    nan   1.027     nan                            Gaia_DR3      23.279     -18.216      23.740       0.025     -15.514       0.021
Gaia DR3 2538908241300034304  15.5629085   1.3705855 19.387  2.688       2.035   4.3754  35.4925    28.54      nan      nan    3.619  nan      nan    nan   0.983     nan                                None      21.577     -16.462      20.031       0.491     -16.600       0.310
Gaia DR3 2545296511233423232   5.0163774   0.0330120 15.907  2.171       3.414   6.2650  35.9831    23.37      nan      nan    3.713  nan      nan    nan   0.983     nan                                None      25.928     -16.360      24.263       0.057     -18.451       0.039
Gaia DR3 2524642116585901952  12.8025630  -5.9897335 16.368  2.156       1.286   6.7615  36.0278    29.68      nan      nan    3.752  nan      nan    nan   1.028     nan                                None      23.452     -14.148      22.514       0.068     -14.541       0.061
Gaia DR3 2546825347791878656   5.9145557   0.4094388 12.303  1.125       4.120   5.3448  36.0895    23.75    11.31     5.24    4.586  nan      nan    nan  20.638     nan                            Gaia_DR3      31.663     -20.357      30.147       0.316     -16.674       0.255
Gaia DR3 2554743686936892160   6.5678980   4.0757122 19.406  2.932       4.549   5.8367  36.0962    22.73      nan      nan    3.682  nan      nan    nan   1.052     nan                                None      25.209     -17.511      28.247       0.528     -19.310       0.370
Gaia DR3 2546904267814632576   5.8745467   0.9519885 18.015  2.728       3.148   5.3933  36.1768    23.53      nan      nan    4.585  nan      nan    nan   1.933     nan                                None      31.673     -20.569      30.017       0.403     -18.017       0.285
Gaia DR3 2482963032390144512  17.2523157  -4.9601211 10.394  0.680       4.290   8.1676  36.2836    31.56     0.98     0.24    4.252  nan      nan    nan   0.804     nan                            Gaia_DR3      24.571     -16.336      22.270       0.020     -13.255       0.021
Gaia DR3 2537786464562162432  16.7999003   0.2322609 19.548  2.921       4.166   5.5551  36.4454    29.57      nan      nan    4.581  nan      nan    nan   1.008     nan                                None      26.701     -20.289      29.013       0.499     -16.995       0.335
Gaia DR3 2430714239838328704   7.4120311  -6.7562298 15.671  2.090       4.773   8.2904  36.5208    27.03      nan      nan    3.961  nan      nan    nan   0.958     nan                                None      26.816     -14.886      28.421       0.053     -18.534       0.045
Gaia DR3 2550466002589351936   8.9774311   2.0933127 12.395  1.075       4.509   2.7278  36.7111    24.84   -28.39     0.56    4.719  nan      nan    nan   0.905     nan                            Gaia_DR3      31.268     -21.698      32.442       0.018     -26.028       0.014
Gaia DR3 2556906323229575808  12.4151136   8.0701197 12.981  1.171       4.931   7.5655  36.8522    24.25    22.53     2.02    3.815  nan      nan    nan   8.655     nan                            Gaia_DR3      23.992     -19.732      24.976       0.213     -23.573       0.153
Gaia DR3 2547213917776889728   5.5258683   1.3581144 18.341  3.038       4.890   5.7805  37.1308    23.18      nan      nan    3.660  nan      nan    nan   1.306     nan                                None      25.392     -16.542      21.621       0.250     -16.465       0.201
Gaia DR3 2543693766877222272   6.2382029  -0.5136012 16.114  2.381       4.721   5.1388  37.2354    24.27      nan      nan    4.630  nan      nan    nan   1.029     nan                                None      31.833     -20.173      31.542       0.064     -24.772       0.047
Gaia DR3 2535481888190569728  19.0947432   1.8787903 18.414  2.840       2.983   7.9411  37.2729    30.03      nan      nan    3.852  nan      nan    nan   0.942     nan                                None      21.469     -17.772      21.751       0.232     -20.178       0.196
Gaia DR3 2531921776914119040  17.6930604  -2.4458395 12.304  0.967       4.398   7.1166  37.2740    30.94    -2.25     1.56    3.755  nan      nan    nan   3.201     nan                            Gaia_DR3      21.514     -15.501      22.693       0.089     -18.776       0.045
Gaia DR3 2528083794138799360   7.2161051  -4.4078358 14.042  1.500       4.038   6.4270  37.3364    26.17    -2.86     2.36    4.539  nan      nan    nan   1.194     nan                            Gaia_DR3      30.814     -18.115      29.983       0.031     -14.341       0.023
Gaia DR3 2523973579156134656  11.7357194  -5.6917772 12.941  1.282       3.164   6.3032  37.4771    29.03    27.22     0.83    4.554  nan      nan    nan   1.009     nan                            Gaia_DR3      28.954     -17.372      31.916       0.031     -18.045       0.023
Gaia DR3 2543015643079380736  10.5659106  -0.1561119 18.321  2.839       4.178   1.0189  37.7938    26.53      nan      nan    4.776  nan      nan    nan   0.991     nan                                None      30.917     -20.958      31.738       0.219     -25.084       0.203
Gaia DR3 2750077523953257344  10.1435461   9.1558346 11.883  0.928       3.026   8.6340  38.0393    22.59    11.74     0.49    4.244  nan      nan    nan   1.275     nan                            Gaia_DR3      27.646     -22.188      30.006       0.025     -20.862       0.018
Gaia DR3 2562661201448935296  19.7212486   3.2157726 19.631  2.974       4.424   8.8566  38.1549    29.80      nan      nan    4.045  nan      nan    nan   1.135     nan                                None      22.257     -19.269      20.588       0.634     -15.885       0.480
Gaia DR3 2430468636428387584   7.4505388  -7.3652276 19.260  2.786       2.096   8.8174  38.2225    27.24      nan      nan    4.189  nan      nan    nan   1.065     nan                                None      28.346     -15.486      27.034       0.417     -14.181       0.311
Gaia DR3 2533301728431080064  19.7382427  -2.0433725 18.022  2.921       3.996   8.8808  38.2757    31.75      nan      nan    4.042  nan      nan    nan   1.006     nan                                None      22.231     -16.843      23.023       0.209     -13.532       0.168
Gaia DR3 2531287702302294016  17.4251960  -3.3612823 16.403  2.355       4.325   7.3249  38.5346    31.12      nan      nan    4.490  nan      nan    nan   1.042     nan                                None      25.861     -18.073      25.803       0.070     -22.166       0.048
Gaia DR3 2562919616746193152  18.4266802   3.5396468 18.049  2.805       4.956   7.7470  38.8325    29.08      nan      nan    3.778  nan      nan    nan   0.924     nan                                None      21.340     -18.101      24.164       0.188     -15.343       0.139
Gaia DR3 2533806408563680128  19.7779370  -0.4368123 14.865  1.660       2.458   8.5834  38.8444    31.20     5.92     7.11    3.899  nan      nan    nan   1.060     nan                            Gaia_DR3      21.429     -16.975      23.283       0.037     -16.171       0.031
Gaia DR3 2476537138544778880  16.9295153  -6.2658443 17.870  2.959       3.584   8.8945  39.1314    31.81      nan      nan    3.960  nan      nan    nan   0.929     nan                                None      23.022     -14.622      20.342       0.141     -15.952       0.146
Gaia DR3 2749676270928866176   8.6093227   8.2382114 17.444  2.766       4.677   8.0871  39.6712    22.16      nan      nan    4.438  nan      nan    nan   1.055     nan                                None      29.556     -22.748      27.376       0.136     -26.541       0.106
Gaia DR3 2544754172826519040   3.3288649  -1.2942353 12.610  0.947       1.124   8.1487  39.7527    22.86    -7.31     1.24    3.798  nan      nan    nan   1.019     nan                            Gaia_DR3      27.061     -16.314      26.429       0.020     -15.673       0.013
Gaia DR3 2554392079438666240   9.1276165   4.3498724 18.356  2.789       4.768   4.3168  39.7595    24.04      nan      nan    3.554  nan      nan    nan   0.952     nan                                None      23.494     -17.064      20.504       0.246     -15.110       0.184
