GaiaDR3                               RA         DEC   Gmag  Bp-Rp  Voff(km/s) Sep(deg)   3D(pc) Vr(pred)  Vr(obs)    Vrerr Plx(mas)  SpT    FnuvJ  W1-W3    RUWE  XCrate                               RVsrc    PMRApred   PMDecpred        PMRA     PMRAerr       PMDec    PMDecerr
 Gaia DR3 541725187117160960  43.4344433  69.1013429  8.788  0.849       0.000   0.0000   0.0000   -24.97      nan      nan   11.344  nan      nan    nan   0.986     nan                                None     -46.468     -14.490     -46.468       0.011     -14.490       0.015
 Gaia DR3 547157947086346880  35.8664836  74.7709733 15.911  3.033       2.037   6.1248   9.5404   -24.76      nan      nan   11.620  nan      nan    nan   1.295     nan                                None     -48.236     -14.840     -51.933       0.041     -18.192       0.047
 Gaia DR3 495325663284891776  58.2020637  71.2983846 15.168  2.754       2.297   5.4456   9.9429   -26.73      nan      nan   12.138  nan      nan    nan   1.081     nan                                None     -45.959      -1.298     -42.137       0.018      -5.762       0.023
 Gaia DR3 495231826838800256  58.2009105  71.2975450 15.058  2.859       1.970   5.4450  10.4691   -26.73      nan      nan   12.275  nan      nan    nan   4.780     nan                                None     -46.480      -1.314     -43.820       0.063      -5.664       0.084
 Gaia DR3 513884835453289344  36.1751424  62.8133111 16.816  3.125       1.952   6.9380  10.6904   -23.02      nan      nan   11.305  nan      nan    nan   1.039     nan                                None     -46.920     -26.137     -43.619       0.030     -29.416       0.050
 Gaia DR3 491266541236888704  47.7525546  64.8961957  6.477  0.212       1.067   4.5284  11.4219   -25.07      nan      nan   12.686  nan      nan    nan   1.037     nan                                None     -51.166     -17.540     -49.209       0.009     -15.465       0.023
 Gaia DR3 500877509809176832  69.9121921  72.8681513 17.225  3.374       0.609   9.3134  14.2692   -27.76      nan      nan   11.460  nan      nan    nan   0.966     nan                                None     -38.519       8.573     -39.836       0.058       9.232       0.066
 Gaia DR3 550231322604761088  67.9129597  75.2450286 13.944  2.307       1.447   9.5674  14.6528   -27.45      nan      nan   11.487  nan      nan    nan   1.349     nan                                None     -39.565      10.057     -41.473       0.060      12.995       0.075
 Gaia DR3 467923939439230336  44.9569854  64.4430454 17.835  3.429       2.807   4.6965  14.6651   -24.62      nan      nan    9.938  nan      nan    nan   0.986     nan                                None     -40.514     -15.929     -46.293       0.047     -17.023       0.106
 Gaia DR3 550231318307293440  67.9123563  75.2452006 13.900  2.328       0.939   9.5674  14.9785   -27.45      nan      nan   11.930  nan      nan    nan   1.380     nan                                None     -41.090      10.444     -43.354       0.050       9.774       0.058
 Gaia DR3 462828806854698240  46.7618769  59.6430484 13.558  2.089       2.266   9.5637  15.6049   -24.20      nan      nan   10.832  nan      nan    nan   1.641     nan                                None     -43.868     -20.813     -38.968       0.020     -22.473       0.024
 Gaia DR3 492673331997566976  49.8971900  67.2375139  8.689  0.733       0.727   3.0388  16.5957   -25.60      nan      nan   13.868  nan      nan    nan   1.402     nan                                None     -55.378     -14.240     -54.868       0.021     -16.303       0.040
 Gaia DR3 492673332002006272  49.8964299  67.2374598  8.575  0.721       2.583   3.0386  17.2620   -25.60      nan      nan   14.003  nan      nan    nan   1.372     nan                                None     -55.916     -14.379     -49.293       0.020     -18.159       0.034
 Gaia DR3 461120127124563072  45.6084565  58.3022484 18.569  3.872       2.989  10.8403  17.4975   -23.78      nan      nan   12.347  nan      nan    nan   1.009     nan                                None     -50.222     -26.050     -51.777       0.201     -33.672       0.234
 Gaia DR3 476129152337772160  68.0422039  63.8455024  8.723  0.705       2.020  11.0336  17.7539   -27.74      nan      nan   10.863  nan      nan    nan   8.048     nan                                None     -37.358      -3.033     -41.704       0.090      -4.618       0.099
 Gaia DR3 542379946291532672  47.4436992  71.3253361 13.001  2.242       0.733   2.6042  18.3467   -25.62      nan      nan   14.253  nan      nan    nan   4.778     nan                                None     -57.560     -11.435     -55.476       0.045     -12.151       0.057
 Gaia DR3 533153330048692224  19.3122418  69.9205472 15.421  2.705       2.872   8.4270  18.4265   -22.23      nan      nan    9.966  nan      nan    nan   1.053     nan                                None     -40.051     -28.209     -34.166       0.025     -26.882       0.030
 Gaia DR3 515649925267336320  33.4872825  66.0828966 18.965  0.716       1.656   4.8370  18.6260   -23.23      nan      nan    9.531  nan      nan    nan   1.158     nan                                None     -39.585     -21.056     -38.545       0.153     -24.217       0.174
 Gaia DR3 488607642941336832  56.1138715  65.8142386 18.716  3.769       1.784   5.8508  18.6696   -26.29      nan      nan    9.610  nan      nan    nan   1.043     nan                                None     -36.959      -7.422     -40.567       0.115      -7.652       0.210
 Gaia DR3 526351510604351104  12.3445312  67.7249978 14.448  2.450       2.067  11.3948  19.0827   -20.84      nan      nan   10.614  nan      nan    nan   1.151     nan                                None     -40.990     -36.640     -43.856       0.016     -40.269       0.019
 Gaia DR3 565657264583592704  17.6511849  80.3472743  9.869  0.933       2.816  12.8786  19.7076   -24.20      nan      nan   11.846  nan      nan    nan   0.816     nan                                None     -47.227     -24.279     -53.630       0.011     -27.183       0.011
 Gaia DR3 570159691683454720  63.6882794  83.2431404 17.884  0.442       0.219  14.7381  22.5439   -26.46      nan      nan   11.422  nan      nan    nan   0.951     nan                                None     -41.187      16.155     -41.152       0.128      15.630       0.101
 Gaia DR3 570159695980645888  63.6863518  83.2417352 16.917  3.523       1.100  14.7367  22.5801   -26.46      nan      nan   11.377  nan      nan    nan   0.967     nan                                None     -41.024      16.088     -43.387       0.081      14.916       0.063
 Gaia DR3 501687540641030016  68.0178403  73.2582138  8.376  0.708       2.793   8.8646  23.0554   -27.58      nan      nan   14.604  nan      nan    nan   1.061     nan                                None     -50.236       9.934     -48.386       0.013       1.536       0.015
 Gaia DR3 501687609360504448  68.0032587  73.2747990 18.554  4.026       2.961   8.8651  23.2469   -27.58      nan      nan   14.654  nan      nan    nan   1.125     nan                                None     -50.419       9.981     -48.516       0.181       1.033       0.174
 Gaia DR3 279118383992924032  71.7206511  59.3955360 13.302  2.314       2.137  15.4204  23.4836   -28.08      nan      nan   11.574  nan      nan    nan   9.794     nan                                None     -37.990      -6.327     -33.031       0.095      -7.938       0.090
 Gaia DR3 285928759014734592  78.3798332  62.6911381  6.457  0.279       0.216  15.3687  23.5286   -28.97      nan      nan   12.162  nan      nan    nan   0.838     nan                                None     -36.062       1.431     -36.573       0.019       1.219       0.020
 Gaia DR3 477209491229638528  65.1677228  65.1404215  5.050  0.992       2.633   9.2659  23.9584   -27.42      nan      nan    9.407  nan      nan    nan   1.202     nan                                None     -33.407      -2.879     -28.439       0.032      -4.485       0.054
 Gaia DR3 426954697386568192  11.6851168  60.5010185 13.091  2.033       2.849  15.7467  24.1151   -18.51      nan      nan   11.380  nan      nan    nan   1.284     nan                                None     -43.745     -45.701     -50.547       0.026     -46.366       0.030
 Gaia DR3 544759259391774336  50.3145538  74.1955073 13.971  2.099       1.275   5.5272  24.7262   -26.03      nan      nan    9.012  nan      nan    nan   1.042     nan                                None     -35.909      -3.039     -37.471       0.012      -4.890       0.014
 Gaia DR3 470180931874744448  62.2331240  58.5183224 11.820  1.573       2.200  13.3314  25.1345   -26.61      nan      nan    9.944  nan      nan    nan   8.099     nan                                None     -36.365     -11.221     -36.647       0.141     -15.824       0.117
 Gaia DR3 287437392047705984  82.3869803  63.5507622 14.183  2.554       1.367  16.2630  25.6939   -29.38      nan      nan   12.902  nan      nan    nan   1.238     nan                                None     -35.540       5.012     -38.899       0.012       3.416       0.014
 Gaia DR3 470394649445071744  61.6634645  58.9450139 15.651  2.665       2.042  12.8140  25.9548   -26.56      nan      nan    9.706  nan      nan    nan   1.091     nan                                None     -35.683     -10.849     -39.852       0.038     -11.132       0.035
 Gaia DR3 496994790655726848  69.6653966  70.1889377 16.209  3.125       2.602   9.1160  26.4774   -27.87      nan      nan   15.492  nan      nan    nan   0.985     nan                                None     -52.233       7.124     -43.773       0.027       6.333       0.038
 Gaia DR3 452232882017547520  39.1198984  52.7260088 16.712  3.105       2.316  16.4993  26.6190   -21.36      nan      nan   10.688  nan      nan    nan   1.034     nan                                None     -44.208     -31.605     -39.192       0.064     -33.044       0.065
 Gaia DR3 424727705298716032  10.9929911  57.9095621 14.882  2.683       2.246  17.9346  27.1731   -17.51      nan      nan   12.098  nan      nan    nan   1.108     nan                                None     -46.272     -51.145     -47.518       0.018     -45.554       0.023
Gaia DR3 2287803738550660992 357.7317758  83.6995298 14.813  2.790       2.827  17.0772  27.3107   -24.06      nan      nan   13.233  nan      nan    nan   1.154     nan                                None     -44.349     -40.074     -50.831       0.024     -44.563       0.026
 Gaia DR3 251634201073553280  57.6839813  52.6977798 16.219  2.828       1.724  17.7031  27.3234   -25.08      nan      nan   11.202  nan      nan    nan   0.935     nan                                None     -42.586     -21.592     -39.622       0.049     -18.800       0.041
 Gaia DR3 498266307133257728  85.3141073  71.6235211 16.865  3.019       1.411  13.9981  27.7400   -29.04      nan      nan    9.682  nan      nan    nan   0.998     nan                                None     -25.100      13.407     -22.456       0.042      12.265       0.047
 Gaia DR3 558693881351128832  30.5246588  73.9494013 10.310  1.208       1.132   6.3165  28.5965   -24.17      nan      nan   16.469  nan      nan    nan   4.573     nan                                None     -68.281     -28.390     -64.362       0.065     -28.112       0.069
Gaia DR3 1104346214763438080  96.5672792  66.8009410 18.383  4.362       0.815  19.4417  29.4701   -30.31      nan      nan   12.439  nan      nan    nan   0.983     nan                                None     -23.750      15.829     -22.479       0.123      17.546       0.136
 Gaia DR3 537881264406112384   5.1633345  74.0955471 13.454  1.994       1.632  12.7881  29.8390   -21.91      nan      nan    9.213  nan      nan    nan   1.040     nan                                None     -33.540     -31.285     -35.512       0.014     -28.804       0.018
 Gaia DR3 506485809392070016  26.6960188  59.1558960  7.223  0.747       1.115  12.2520  29.9516   -20.61      nan      nan   15.934  nan      nan    nan   0.968     nan                                None     -65.653     -51.080     -69.337       0.014     -50.399       0.014
