GaiaDR3                               RA         DEC   Gmag  Bp-Rp  Voff(km/s) Sep(deg)   3D(pc) Vr(pred)  Vr(obs)    Vrerr Plx(mas)  SpT    FnuvJ  W1-W3    RUWE  XCrate                               RVsrc    PMRApred   PMDecpred        PMRA     PMRAerr       PMDec    PMDecerr
 Gaia DR3 545560867790611072  42.4366525  71.7530836  8.044  0.746       0.000   0.0000   0.0000    -3.29      nan      nan   12.914  nan      nan    nan   0.901     nan                                None      90.848     -33.013      90.848       0.015     -33.013       0.018
 Gaia DR3 542635621403131008  43.4813906  71.6136859 15.478  2.853       2.152   0.3567   7.5245    -3.07      nan      nan   11.773  nan      nan    nan   1.073     nan                                None      82.330     -31.544      87.501       0.023     -32.882       0.029
 Gaia DR3 550215585844580992  68.6531939  75.1105037 16.347  2.901       2.594   8.1067  11.5328    -0.48      nan      nan   12.442  nan      nan    nan   1.011     nan                                None      66.373     -65.881      72.677       0.034     -63.322       0.040
 Gaia DR3 495058241441193728  59.9991020  70.9185186 18.486  0.904       0.563   5.6611  13.3297     0.02      nan      nan   15.121  nan      nan    nan   0.968     nan                                None      91.328     -67.665      90.154       0.098     -69.021       0.121
 Gaia DR3 495058237142781440  59.9999612  70.9210784 12.234  1.997       1.422   5.6606  13.4734     0.02      nan      nan   15.161  nan      nan    nan   1.062     nan                                None      91.570     -67.846      89.181       0.009     -71.712       0.011
 Gaia DR3 544731909040128000  50.1919266  73.7773062 16.281  3.226       2.913   3.0582  13.6556    -2.48      nan      nan   15.550  nan      nan    nan   1.002     nan                                None     103.751     -53.218     101.515       0.037     -43.933       0.042
 Gaia DR3 516421477492313984  44.2121912  66.4363368 17.046  3.360       0.849   5.3538  14.1655    -1.74      nan      nan   11.201  nan      nan    nan   0.975     nan                                None      77.988     -31.456      79.360       0.040     -32.918       0.064
 Gaia DR3 520036431207053696  27.2842807  68.2732618 14.112  2.086       2.094   6.2129  14.6783    -5.91      nan      nan   11.232  nan      nan    nan   1.046     nan                                None      82.759      -9.145      81.718       0.013     -13.992       0.016
 Gaia DR3 467092678586527360  46.0551063  63.7718770  9.103  0.775       2.355   8.0942  16.1249    -0.65      nan      nan   11.294  nan      nan    nan   1.008     nan                                None      77.716     -34.132      82.046       0.008     -30.569       0.014
 Gaia DR3 483044084043977088  69.4102017  65.5336260 13.583  2.600       2.693  11.4762  16.3383     3.84      nan      nan   14.195  nan      nan    nan   8.314     nan                                None      74.761     -75.259      80.452       0.049     -80.967       0.082
 Gaia DR3 463143645138047104  46.6499773  60.8140519 16.115  3.083       2.708  11.0629  16.8525     0.25      nan      nan   11.912  nan      nan    nan   1.014     nan                                None      81.638     -36.779      87.677       0.069     -39.904       0.079
 Gaia DR3 502491455441816960  75.7059678  73.8703300 11.544  1.629       2.212   9.9163  16.8565     0.87      nan      nan   11.549  nan      nan    nan  28.304     nan                                None      53.921     -68.001      49.987       0.404     -64.324       0.509
 Gaia DR3 461446961258875008  44.0363726  59.1282825 15.208  2.901       1.001  12.6412  17.3194    -0.08      nan      nan   12.637  nan      nan    nan   1.205     nan                                None      88.082     -35.558      86.113       0.035     -37.358       0.044
Gaia DR3 2282178843222252800 358.8761129  79.4127404 13.824  2.138       0.635  12.7774  18.6995    -9.62      nan      nan   12.045  nan      nan    nan   1.039     nan                                None      79.749      35.200      79.047       0.016      36.651       0.017
 Gaia DR3 567137894429111168  13.3294207  82.7997848 14.235  2.605       2.981  12.4419  19.4206    -7.75      nan      nan   15.227  nan      nan    nan   1.132     nan                                None     109.963      19.732     111.472       0.019      29.182       0.020
 Gaia DR3 488949457917150592  59.4594287  64.6903140 11.680  1.474       2.798   9.4087  19.8755     2.21      nan      nan   10.903  nan      nan    nan   1.400     nan                                None      66.285     -47.935      71.144       0.012     -43.721       0.017
 Gaia DR3 448639265698006272  53.1178203  56.8058726 16.611  3.185       1.181  15.5933  22.2180     3.24      nan      nan   12.143  nan      nan    nan   0.983     nan                                None      78.965     -45.021      76.211       0.064     -46.267       0.064
 Gaia DR3 285531800957195008  78.0359568  61.5247597 15.557  2.861       2.910  17.0190  22.9496     7.24      nan      nan   12.878  nan      nan    nan   1.141     nan                                None      57.089     -75.661      64.865       0.030     -74.269       0.031
 Gaia DR3 480029223158412032  81.3808564  65.1574877 14.041  2.370       2.326  15.3890  23.1865     5.96      nan      nan   11.710  nan      nan    nan   1.183     nan                                None      47.796     -72.434      43.952       0.013     -68.170       0.015
 Gaia DR3 553372386806531968  75.9479953  79.4581694 16.367  2.613       2.302  11.0533  23.3903    -1.83      nan      nan   10.630  nan      nan    nan   0.975     nan                                None      49.375     -62.690      45.814       0.044     -58.956       0.044
Gaia DR3 2299163446012675840 328.7667013  81.8027646 15.589  3.048       2.145  17.7181  23.7310   -10.99      nan      nan   14.091  nan      nan    nan   1.230     nan                                None      57.768      82.557      57.391       0.039      76.196       0.035
 Gaia DR3 522579116272773248  18.0119352  61.5911793 15.450  2.714       2.447  13.8367  23.9203    -8.10      nan      nan   11.071  nan      nan    nan   1.116     nan                                None      81.030       1.041      82.283       0.025       6.612       0.034
 Gaia DR3 425554709841565312   8.9316156  59.9921248 15.061  2.828       1.977  17.6386  23.9778   -10.82      nan      nan   14.523  nan      nan    nan   1.097     nan                                None     102.916      15.059     107.579       0.022      11.200       0.024
 Gaia DR3 448744440858215040  54.6483828  56.4470384 11.056  1.280       2.451  16.1342  24.6282     3.80      nan      nan   11.579  nan      nan    nan   1.105     nan                                None      74.196     -44.544      80.145       0.016     -43.900       0.016
 Gaia DR3 514872506132239616  31.5357129  63.3952872 14.404  2.270       2.926   9.3022  24.6663    -4.40      nan      nan   10.239  nan      nan    nan   1.033     nan                                None      75.006     -14.383      77.500       0.011      -8.581       0.014
 Gaia DR3 409152435890444928  24.0431954  54.9034370 11.718  1.523       1.396  18.5815  25.3654    -5.99      nan      nan   12.614  nan      nan    nan   1.162     nan                                None      93.002      -9.321      95.974       0.013      -7.097       0.016
 Gaia DR3 538103193955457792   3.1874590  74.7059537 14.858  2.675       2.741  11.4668  25.3906   -10.09      nan      nan   10.408  nan      nan    nan   1.324     nan                                None      71.257      23.491      72.490       0.025      17.604       0.028
 Gaia DR3 411728866519154560  18.2815376  55.6011700 18.861  3.837       2.435  19.0842  25.4521    -8.01      nan      nan   13.194  nan      nan    nan   1.134     nan                                None      96.627      -1.495      92.412       0.196      -6.798       0.194
Gaia DR3 2297534656974525696 322.8489887  81.0722090 15.423  2.526       2.715  18.7390  25.7584   -11.63      nan      nan   15.005  nan      nan    nan   1.044     nan                                None      51.702      93.238      57.892       0.035      87.286       0.029
 Gaia DR3 444346188189962752  59.6120435  54.1052392 13.067  2.288       0.986  19.1346  25.8021     6.04      nan      nan   14.595  nan      nan    nan   1.132     nan                                None      88.562     -62.015      90.522       0.016     -64.331       0.013
 Gaia DR3 520823372292952320  34.4932893  68.7158958 18.076  3.557       1.073   4.0484  25.8403    -4.35      nan      nan    9.756  nan      nan    nan   1.000     nan                                None      70.956     -16.233      68.934       0.095     -17.119       0.098
 Gaia DR3 444100103741776512  55.6854934  53.3752379 13.677  2.334       2.151  19.2609  25.8459     5.10      nan      nan   14.460  nan      nan    nan   1.067     nan                                None      91.689     -56.267      90.775       0.016     -49.775       0.017
Gaia DR3 1151261418142869376 153.3896512  86.1098916 20.027    nan       2.062  19.9599  26.4670    -5.04      nan      nan   13.997  nan      nan    nan   2.236     nan                                None     -64.109     -82.087     -69.784       0.795     -84.278       1.419
 Gaia DR3 444119929310579328  55.3063688  53.5911264 15.597  3.093       1.948  19.0014  26.4982     4.91      nan      nan   12.289  nan      nan    nan   1.014     nan                                None      78.230     -47.454      73.368       0.032     -46.103       0.032
 Gaia DR3 506217391117220480  27.9717531  58.4752695 16.850  3.608       2.930  14.5159  26.7906    -4.94      nan      nan   10.703  nan      nan    nan   1.110     nan                                None      78.818     -11.663      84.521       0.063     -15.007       0.073
 Gaia DR3 523135164212912512  19.4020568  63.0721184 14.714  2.547       0.635  12.2481  26.8937    -7.71      nan      nan   10.313  nan      nan    nan   1.479     nan                                None      75.686      -0.210      75.806       0.022      -1.585       0.027
 Gaia DR3 280130724964588544  79.3275344  57.5123853 11.649  1.520       0.728  20.6750  27.4369     9.42      nan      nan   13.376  nan      nan    nan   1.536     nan                                None      57.507     -78.078      59.521       0.019     -77.682       0.017
 Gaia DR3 275549815925918464  66.6124667  54.7163175 14.581  2.715       2.016  19.9057  27.4431     7.77      nan      nan   15.340  nan      nan    nan   1.133     nan                                None      84.560     -74.257      89.684       0.025     -78.288       0.021
 Gaia DR3 461690262562379520  48.6756860  57.8864491 15.791  3.096       0.767  14.1004  27.8026     1.61      nan      nan   10.469  nan      nan    nan   1.611     nan                                None      70.692     -34.383      70.841       0.060     -36.069       0.070
 Gaia DR3 276137607972801280  61.0049643  53.9087286 14.530  2.548       1.485  19.5601  28.0791     6.52      nan      nan   16.083  nan      nan    nan   1.062     nan                                None      95.926     -70.168      91.331       0.022     -68.114       0.020
Gaia DR3 2224938057425329280 339.5344701  67.4878004 16.466  3.328       0.418  21.2584  28.4585   -15.93      nan      nan   14.812  nan      nan    nan  11.907     nan                                None      76.615      63.640      75.363       0.545      63.273       0.480
Gaia DR3 2213324607594749056 343.1266798  67.9938711  7.431  0.601       2.983  19.8803  28.4914   -15.15      nan      nan   16.145  nan      nan    nan   1.062     nan                                None      88.662      64.838      80.790       0.021      58.425       0.018
Gaia DR3 1102907709956558720 105.1394980  67.1069506 12.855  2.125       1.522  21.4449  28.4935     7.03      nan      nan   13.281  nan      nan    nan   1.328     nan                                None      16.755     -96.422      15.569       0.011     -92.329       0.015
Gaia DR3 2229304806511961344 334.1769652  69.8127634 14.022  2.568       0.618  21.3463  28.8121   -15.84      nan      nan   15.117  nan      nan    nan   1.196     nan                                None      70.434      73.485      69.212       0.017      71.939       0.017
Gaia DR3 2212934727643401088 341.7433428  67.5396689 15.987  3.194       2.709  20.5725  28.8179   -15.54      nan      nan   12.197  nan      nan    nan   2.924     nan                                None      65.512      50.150      58.615       0.121      51.127       0.121
Gaia DR3 1109737536887796480 108.9498276  70.5054794  7.743  0.837       2.213  20.4601  29.1292     5.08      nan      nan   12.003  nan      nan    nan   1.005     nan                                None       9.314     -88.815      13.926       0.015     -91.991       0.018
 Gaia DR3 490559795774030592  63.3277158  67.8674653 15.343  2.613       2.078   8.1314  29.3586     1.76      nan      nan    9.625  nan      nan    nan   1.084     nan                                None      55.671     -46.071      53.577       0.016     -42.412       0.024
 Gaia DR3 406278209414859776  25.0833399  51.5059689 15.575  2.491       1.403  21.6681  29.5724    -5.38      nan      nan   12.576  nan      nan    nan   0.995     nan                                None      92.733     -11.536      94.981       0.039     -14.501       0.033
