GaiaDR3                               RA         DEC   Gmag  Bp-Rp  Voff(km/s) Sep(deg)   3D(pc) Vr(pred)  Vr(obs)    Vrerr Plx(mas)  SpT    FnuvJ  W1-W3    RUWE  XCrate                               RVsrc    PMRApred   PMDecpred        PMRA     PMRAerr       PMDec    PMDecerr
Gaia DR3 1630385635856016256 252.4698348  61.1735785 11.659  0.856       0.000   0.0000   0.0000   -18.40      nan      nan    4.428  nan      nan    nan   1.008     nan                                None      -1.457      12.577      -1.457       0.015      12.577       0.018
Gaia DR3 1624383191425038336 251.0731407  60.9707467  7.875  0.164       1.486   0.7054   4.6276   -18.42      nan      nan    4.502  nan      nan    nan   4.284     nan                                None      -1.959      12.689      -1.508       0.134      11.353       0.142
Gaia DR3 1625738751823079040 248.9952650  62.6014717 11.385  0.929       1.023   2.1719  15.0222   -17.99      nan      nan    4.688  nan      nan    nan   1.316     nan                                None      -2.778      13.647      -2.157       0.027      14.445       0.036
Gaia DR3 1433390874855769984 255.4465345  57.0412280 19.227  3.037       2.777   4.4048  17.3546   -19.35      nan      nan    4.430  nan      nan    nan   1.026     nan                                None      -0.453      11.353      -1.931       0.343      13.484       0.368
Gaia DR3 1434130850476520192 258.1884837  58.6101411 12.912  1.107       2.527   3.8447  18.6760   -19.01      nan      nan    4.233  nan      nan    nan   1.186     nan                                None       0.453      11.316       2.599       0.020      12.005       0.021
Gaia DR3 1432609706202950144 257.4908472  56.5696384 17.819  3.004       2.547   5.2818  20.9276   -19.45      nan      nan    4.400  nan      nan    nan   1.009     nan                                None       0.237      11.131      -0.977       0.113       9.104       0.120
Gaia DR3 1628430669821772928 242.1055185  62.0143882 16.968  2.717       1.849   4.9960  21.1005   -17.91      nan      nan    4.601  nan      nan    nan   1.003     nan                                None      -5.098      12.800      -6.501       0.067      11.683       0.070
Gaia DR3 1438649705827712896 256.5398166  61.7073565 13.383  1.285       0.992   2.0173  22.9301   -18.30      nan      nan    4.045  nan      nan    nan   1.043     nan                                None      -0.076      11.680      -0.460       0.015      10.925       0.015
Gaia DR3 1434505646502439552 262.9542618  58.3503205 11.999  0.912       0.381   5.9778  24.4689   -19.00      nan      nan    4.322  nan      nan    nan   8.135     nan                                None       2.030      11.389       2.357       0.141      11.506       0.122
Gaia DR3 1435857324250023296 262.3832771  60.3232348 17.382  2.694       1.589   4.9132  24.7184   -18.57      nan      nan    4.771  nan      nan    nan   0.956     nan                                None       2.034      13.239       3.158       0.107      14.375       0.083
Gaia DR3 1437262568830066944 258.9419717  59.7785340 13.937  1.434       2.978   3.4792  25.1591   -18.74      nan      nan    4.056  nan      nan    nan   0.985     nan                                None       0.667      11.168      -0.800       0.018       9.087       0.016
Gaia DR3 1627723065369841280 239.3624520  61.9491678 14.655  1.855       1.169   6.2790  25.2913   -17.79      nan      nan    4.349  nan      nan    nan  19.558     nan                                None      -5.694      11.859      -6.765       0.526      11.878       0.511
Gaia DR3 1434871710859493120 264.6413177  59.5401140 16.310  2.196       2.652   6.2274  26.0181   -18.70      nan      nan    4.287  nan      nan    nan   1.042     nan                                None       2.561      11.592       3.974       0.051      13.528       0.047
Gaia DR3 1626057511412058752 239.5915846  59.2990823 17.214  2.575       2.766   6.6497  26.3500   -18.38      nan      nan    4.523  nan      nan    nan   1.007     nan                                None      -5.846      11.554      -7.319       0.066      13.742       0.068
Gaia DR3 1432719176329362176 259.0260448  56.2156102 19.569  2.824       2.512   6.0093  26.3776   -19.51      nan      nan    4.232  nan      nan    nan   0.979     nan                                None       0.723      10.588       2.436       0.285       9.144       0.356
Gaia DR3 1440226607364565760 264.1813716  63.5344407 18.609  2.878       1.160   5.9139  27.1486   -17.78      nan      nan    4.191  nan      nan    nan   1.077     nan                                None       2.358      12.473       1.851       0.206      13.364       0.197
Gaia DR3 1422959640539991296 266.5178555  59.1478443 16.219  2.416       2.051   7.2613  28.5665   -18.74      nan      nan    4.486  nan      nan    nan   1.033     nan                                None       3.315      11.924       2.621       0.046      10.113       0.052
Gaia DR3 1623059521160202880 240.9867338  57.9013905 16.323  2.603       2.933   6.6652  29.9063   -18.75      nan      nan    4.764  nan      nan    nan   1.048     nan                                None      -5.671      11.837      -8.382       0.050      12.988       0.050
Gaia DR3 1648497512942742144 251.2208039  67.7831984 16.597  2.686       0.279   6.6311  29.9156   -16.71      nan      nan    4.184  nan      nan    nan   1.031     nan                                None      -1.774      13.644      -1.760       0.052      13.889       0.072
