GaiaDR3                               RA         DEC   Gmag  Bp-Rp  Voff(km/s) Sep(deg)   3D(pc) Vr(pred)  Vr(obs)    Vrerr Plx(mas)  SpT    FnuvJ  W1-W3    RUWE  XCrate                               RVsrc    PMRApred   PMDecpred        PMRA     PMRAerr       PMDec    PMDecerr
 Gaia DR3 623633615066248576 151.6597747  18.6340617  9.946  0.703       0.000   0.0000   0.0000    12.64    12.64     0.28    6.224  nan      nan    nan   1.164     nan                            Gaia_DR3     -54.700     -10.404     -54.700       0.022     -10.404       0.016
 Gaia DR3 626585155247245952 150.3800601  18.5779210 17.941  3.038       2.118   1.2141   8.9972    13.52      nan      nan    5.919  nan      nan    nan   0.972     nan                                None     -51.598     -10.247     -50.287       0.151      -7.952       0.108
 Gaia DR3 624659910386652672 155.7019893  19.6341866 15.715  2.509       2.609   3.9475  12.8005     9.70      nan      nan    5.998  nan      nan    nan   0.930     nan                                None     -53.874      -9.040     -50.973       0.040      -7.468       0.033
Gaia DR3 3888040245878683264 152.5815012  14.1747197 14.053  1.917       2.701   4.5461  13.4317    12.56     7.58     2.02    6.081  nan      nan    nan   1.075     nan                            Gaia_DR3     -53.740      -8.664     -57.168       0.024      -8.179       0.017
 Gaia DR3 623514867810450944 151.7388762  18.2374184 15.696  2.414       2.844   0.4037  13.9484    12.64      nan      nan    6.814  nan      nan    nan   1.044     nan                                None     -59.911     -11.238     -57.735       0.040      -7.782       0.031
 Gaia DR3 629984737825549696 152.2126661  22.6264077 17.366  2.762       1.880   4.0257  15.5328    11.68      nan      nan    5.850  nan      nan    nan   0.986     nan                                None     -51.580     -10.649     -52.639       0.088     -12.712       0.071
 Gaia DR3 624900561699047168 153.0825681  18.6360055 17.550  2.799       2.762   1.3482  16.8962    11.65      nan      nan    5.647  nan      nan    nan   1.201     nan                                None     -50.041      -9.044     -49.612       0.118     -12.305       0.101
 Gaia DR3 625217461566125696 152.7473392  19.6230785 19.725  2.978       2.632   1.4261  17.0449    11.75      nan      nan    6.942  nan      nan    nan   1.093     nan                                None     -61.403     -11.532     -61.111       0.510      -7.692       0.380
 Gaia DR3 725604316290766848 154.1909767  24.1406926 17.363  2.913       1.481   5.9893  17.8572    10.13      nan      nan    6.026  nan      nan    nan   0.984     nan                                None     -53.724     -10.605     -52.278       0.090     -11.808       0.070
 Gaia DR3 639976691477344768 146.5676541  21.3219407  9.460  0.611       2.838   5.4882  18.1678    15.64    13.96     0.23    6.656  nan      nan    nan   0.926     nan                            Gaia_DR3     -56.458     -13.805     -52.476       0.017     -13.887       0.014
Gaia DR3 3886953412994746624 154.4354761  13.4230302 16.961  3.064       1.096   5.8537  18.5633    11.32      nan      nan    5.933  nan      nan    nan   1.024     nan                                None     -52.959      -7.849     -53.476       0.102      -6.580       0.078
 Gaia DR3 640011905914214400 145.8359728  21.3240440 18.616  3.320       1.575   6.0977  18.5700    16.12      nan      nan    5.985  nan      nan    nan   0.960     nan                                None     -50.471     -12.649     -51.533       0.271     -14.329       0.296
 Gaia DR3 641291913542786432 145.8123924  22.6949651 15.070  2.240       1.538   6.8120  19.2466    15.89    53.23     4.61    6.164  nan      nan    nan   1.069     nan                            Gaia_DR3     -51.970     -13.534     -53.950       0.056     -13.808       0.040
Gaia DR3 3880839505573322752 153.4045026  12.2039413 12.003  1.347       0.930   6.6462  19.6801    12.20    18.85     0.56    6.023  nan      nan    nan   4.077     nan                            Gaia_DR3     -53.469      -7.864     -53.604       0.061      -6.692       0.050
 Gaia DR3 726724997812731776 152.9844822  25.3387559 14.223  1.933       2.475   6.8161  19.6820    10.75    20.18     2.82    6.082  nan      nan    nan   1.000     nan                            Gaia_DR3     -53.871     -11.460     -56.311       0.023      -9.430       0.021
 Gaia DR3 625640464304892416 155.8022387  20.8224061 16.880  2.740       1.901   4.4710  20.0992     9.48      nan      nan    5.685  nan      nan    nan   1.026     nan                                None     -51.090      -8.776     -52.404       0.068      -6.915       0.062
 Gaia DR3 633666211997269376 144.3966611  19.5644785 18.199  3.316       2.415   6.9255  20.7785    17.36      nan      nan    6.580  nan      nan    nan   0.973     nan                                None     -54.816     -13.676     -54.293       0.210     -16.985       0.156
Gaia DR3 3880839475509218944 153.4010110  12.2004651 15.031  2.272       1.271   6.6487  21.0224    12.20    22.26     5.53    5.904  nan      nan    nan   1.071     nan                            Gaia_DR3     -52.411      -7.709     -50.832       0.036      -7.626       0.028
 Gaia DR3 625701968236734592 155.2741070  20.9717889 16.754  2.874       2.926   4.1263  21.1056     9.82      nan      nan    7.013  nan      nan    nan   1.075     nan                                None     -62.863     -11.070     -60.889       0.070     -14.918       0.058
Gaia DR3 3884242532716266624 157.5829555  13.6440112 11.946  1.041       0.630   7.5661  21.2820     9.02     0.95     0.77    6.371  nan      nan    nan   2.973     nan                            Gaia_DR3     -57.709      -7.746     -58.103       0.063      -6.998       0.044
 Gaia DR3 643707678027431296 150.0030271  26.2045009 15.048  2.313       1.820   7.7235  21.6059    12.56    25.61     4.83    6.311  nan      nan    nan   1.004     nan                            Gaia_DR3     -54.884     -13.379     -55.471       0.030     -11.030       0.027
 Gaia DR3 620743651832022656 143.6507684  16.9337276 10.433  0.788       2.587   7.8126  21.8410    18.28      nan      nan    6.289  nan      nan    nan   1.042     nan                                None     -52.052     -12.200     -55.015       0.019     -13.928       0.013
 Gaia DR3 641540811192024960 145.6414422  23.3891381  9.610  0.642       0.954   7.3583  22.1627    15.87    -2.01     0.22    6.618  nan      nan    nan   2.835     nan                            Gaia_DR3     -55.715     -14.863     -57.038       0.051     -14.998       0.040
 Gaia DR3 643622190998411264 149.8897434  25.8111919 15.014  2.273       1.646   7.3614  23.1573    12.70    22.25     5.74    5.884  nan      nan    nan   0.960     nan                            Gaia_DR3     -51.132     -12.410     -50.714       0.033     -14.409       0.031
Gaia DR3 3889134534826931200 158.2281934  16.1653272 15.467  2.333       2.768   6.7357  23.2628     8.30      nan      nan    5.774  nan      nan    nan   1.241     nan                                None     -52.430      -7.331     -50.839       0.073     -10.300       0.068
 Gaia DR3 617858464601155712 144.0039843  14.1443759 18.396  0.238       1.706   8.6059  24.0421    18.47      nan      nan    6.299  nan      nan    nan   0.981     nan                                None     -52.298     -10.943     -51.916       0.240     -13.177       0.256
 Gaia DR3 646399316852185088 146.2788678  25.6816969 15.401  2.444       2.393   8.6287  24.3548    15.03    33.28     9.47    6.436  nan      nan    nan   1.018     nan                            Gaia_DR3     -54.468     -15.044     -51.339       0.038     -15.907       0.033
 Gaia DR3 646399316852184960 146.2780986  25.6833034 16.453  2.717       2.275   8.6304  24.4052    15.03      nan      nan    6.449  nan      nan    nan   1.001     nan                                None     -54.576     -15.074     -51.494       0.064     -15.334       0.055
 Gaia DR3 643317248320483712 147.5907799  24.8214460 16.789  2.846       2.949   7.2491  24.5054    14.36      nan      nan    6.867  nan      nan    nan   1.009     nan                                None     -58.710     -15.161     -59.264       0.098     -10.929       0.093
 Gaia DR3 727692013994121600 156.6374939  25.7953766 16.722  2.877       2.754   8.5133  24.6378     8.25      nan      nan    6.559  nan      nan    nan   0.993     nan                                None     -59.164     -10.848     -62.636       0.072      -9.287       0.058
 Gaia DR3 721969506943530624 156.6478972  22.3625632 16.432    nan       1.363   5.9766  24.9933     8.69      nan      nan    5.607  nan      nan    nan   1.098     nan                                None     -50.578      -8.669     -49.615       0.093      -7.377       0.137
 Gaia DR3 720989013154244096 156.6344259  21.1813636 12.402  1.107       2.380   5.3254  25.2623     8.85    18.48     1.15    5.544  nan      nan    nan   0.986     nan                            Gaia_DR3     -50.013      -8.366     -49.141       0.014      -5.724       0.011
 Gaia DR3 621807158749203584 151.2301375  15.5258188 16.077  2.573       1.962   3.1352  25.2896    13.35      nan      nan    7.315  nan      nan    nan   0.995     nan                                None     -64.114     -11.281     -62.319       0.065     -13.716       0.067
 Gaia DR3 738857073538180736 152.5383261  26.2693853 15.176  2.259       2.719   7.6783  25.4085    10.90    16.82     4.14    5.786  nan      nan    nan   1.004     nan                            Gaia_DR3     -51.119     -11.290     -47.904       0.032     -12.106       0.031
 Gaia DR3 624711273900724864 155.6625528  19.8178229 18.971  0.172       2.525   3.9604  25.4393     9.70      nan      nan    7.278  nan      nan    nan   0.974     nan                                None     -65.365     -11.033     -68.966       0.245     -12.463       0.189
 Gaia DR3 629725596678985984 150.0286821  22.1268368 18.222  3.378       1.903   3.8126  25.5089    13.22      nan      nan    7.291  nan      nan    nan   1.005     nan                                None     -63.419     -14.034     -62.618       0.174     -11.220       0.134
 Gaia DR3 623981339913344128 154.9685886  18.2577572 12.352  1.065       2.285   3.1612  25.5580    10.38    23.44     2.66    5.423  nan      nan    nan   1.659     nan                            Gaia_DR3     -48.539      -8.100     -47.595       0.063      -5.664       0.095
Gaia DR3 3880129397155690752 152.4697190  11.2482900 16.536  2.829       2.303   7.4270  26.1959    12.97      nan      nan    5.705  nan      nan    nan   1.017     nan                                None     -50.380      -7.364     -48.602       0.066      -5.240       0.054
 Gaia DR3 644869273407556864 144.2911961  24.2162620 18.040  3.271       0.894   8.8402  26.3382    16.57      nan      nan    6.685  nan      nan    nan   0.873     nan                                None     -55.641     -15.876     -55.013       0.189     -14.784       0.181
 Gaia DR3 618836278330601856 144.1977588  15.3718276 16.416  2.723       1.991   7.8447  26.6053    18.16      nan      nan    5.740  nan      nan    nan   1.023     nan                                None     -47.734     -10.405     -49.522       0.072     -12.020       0.054
 Gaia DR3 721969403863803264 156.6477309  22.3621855 16.199  2.472       1.474   5.9762  27.0379     8.69      nan      nan    5.524  nan      nan    nan   1.107     nan                                None     -49.831      -8.541     -48.708       0.089      -7.243       0.132
 Gaia DR3 740200062566900608 150.8284642  27.9819905 15.648  2.445       2.352   9.3789  27.1344    11.71      nan      nan    6.605  nan      nan    nan   1.028     nan                                None     -57.750     -14.149     -59.120       0.038     -17.123       0.031
 Gaia DR3 626399337782228992 148.6753466  18.5347780 19.014  3.362       2.787   2.8305  27.1667    14.69      nan      nan    5.363  nan      nan    nan   1.007     nan                                None     -46.216      -9.714     -44.561       0.313      -7.032       0.313
 Gaia DR3 642873041327718144 150.3134251  25.5582204 19.187  3.478       2.628   7.0354  27.6586    12.47      nan      nan    5.590  nan      nan    nan   1.033     nan                                None     -48.712     -11.568     -51.694       0.362     -12.401       0.292
 Gaia DR3 642251508020232576 149.3075559  24.1036225 17.366  2.971       2.986   5.8914  27.7683    13.37      nan      nan    7.274  nan      nan    nan   1.006     nan                                None     -62.959     -15.016     -66.185       0.105     -11.767       0.092
 Gaia DR3 618332702005273472 142.4349424  14.2819833 11.971  1.095       2.062   9.8563  27.8265    19.49    26.15     0.91    6.153  nan      nan    nan   4.826     nan                            Gaia_DR3     -50.356     -11.089     -50.535       0.084      -8.421       0.067
 Gaia DR3 647214085033030144 146.4959986  27.4850577 16.954  2.705       2.909  10.0420  28.0242    14.54      nan      nan    6.348  nan      nan    nan   1.104     nan                                None     -53.818     -15.371     -50.645       0.099     -13.116       0.085
 Gaia DR3 641724051676602752 145.8796764  24.1177156 19.411  3.097       1.522   7.6815  28.3059    15.58      nan      nan    5.629  nan      nan    nan   1.044     nan                                None     -47.481     -12.799     -46.373       0.509     -11.373       0.437
Gaia DR3 3986879778505723776 159.2689205  19.0073099 15.898  2.424       1.493   7.2114  28.3227     7.25      nan      nan    7.168  nan      nan    nan   1.084     nan                                None     -65.344      -9.327     -65.351       0.074     -11.583       0.067
 Gaia DR3 743403519758935040 148.3572359  28.3976569 18.194  3.439       2.027  10.2207  28.7148    13.20      nan      nan    6.190  nan      nan    nan   0.990     nan                                None     -53.220     -14.471     -54.557       0.190     -12.190       0.133
 Gaia DR3 726830615353495680 155.0788674  25.3581706 18.687  3.356       2.629   7.4328  28.7888     9.35      nan      nan    7.174  nan      nan    nan   1.047     nan                                None     -64.243     -12.521     -62.810       0.217      -8.812       0.208
Gaia DR3 3986987388911403648 159.6126907  19.4489769 18.348  3.647       2.619   7.5611  29.0964     6.95      nan      nan    5.578  nan      nan    nan   1.093     nan                                None     -50.916      -7.222     -51.608       0.216     -10.224       0.167
 Gaia DR3 722462431750395648 158.4478682  23.3499485  9.042  0.440       2.979   7.8972  29.3846     7.33    -1.52     1.02    5.601  nan      nan    nan   0.877     nan                            Gaia_DR3     -50.905      -8.205     -49.353       0.018      -5.048       0.018
 Gaia DR3 618820915232846208 143.4064124  15.6079242 18.941  3.211       1.269   8.4465  29.6268    18.65      nan      nan    5.655  nan      nan    nan   1.090     nan                                None     -46.700     -10.515     -46.769       0.323      -9.004       0.231
