GaiaDR3                               RA         DEC   Gmag  Bp-Rp  Voff(km/s) Sep(deg)   3D(pc) Vr(pred)  Vr(obs)    Vrerr Plx(mas)  SpT    FnuvJ  W1-W3    RUWE  XCrate                               RVsrc    PMRApred   PMDecpred        PMRA     PMRAerr       PMDec    PMDecerr
Gaia DR3 2360331025915413120   5.3965149 -23.0140671 15.885  2.202       3.357   0.9468   4.8336     0.94      nan      nan    3.460  nan      nan    nan   2.976     nan                                None       1.369     -14.710       3.817       0.191     -14.729       0.185
Gaia DR3 2360343915112843648   5.9568906 -22.9522892 18.881  3.035       2.121   1.2252   7.5818     0.93      nan      nan    3.418  nan      nan    nan   1.089     nan                                None       1.402     -14.526       0.927       0.334     -13.073       0.241
Gaia DR3 2335655274863623168   3.0694287 -25.0069320 19.717  2.641       4.254   2.1839  11.1754     1.58      nan      nan    3.448  nan      nan    nan   1.072     nan                                None       1.156     -14.644       2.457       0.498     -11.840       0.395
Gaia DR3 2340225669822988544   1.7869340 -22.7387091 15.221  1.483       1.027   3.3207  18.1638     0.75      nan      nan    3.564  nan      nan    nan  13.214     nan                                None       1.075     -15.185       1.689       0.603     -14.717       0.367
Gaia DR3 2336789249309595904   1.1699004 -23.7077009 17.698  2.821       3.169   3.6577  18.4083     1.07      nan      nan    3.488  nan      nan    nan   1.085     nan                                None       0.996     -14.853      -1.061       0.140     -15.948       0.109
Gaia DR3 2361561864758738560   3.9583736 -21.1267671 11.690  0.856       3.310   3.0205  18.5908     0.23    35.36     0.45    3.609  nan      nan    nan   1.990     nan                            Gaia_DR3       1.293     -15.370      -1.053       0.036     -16.284       0.032
Gaia DR3 2335331807991739392   3.2676413 -26.0489448 18.968  2.870       4.734   2.7218  18.9360     1.95      nan      nan    3.323  nan      nan    nan   1.118     nan                                None       1.131     -14.090       1.201       0.280     -10.774       0.208
Gaia DR3 2335288553377010688   3.4550692 -26.1291934 17.260  2.506       1.733   2.6830  19.4635     1.98      nan      nan    3.652  nan      nan    nan   1.124     nan                                None       1.261     -15.481       2.007       0.092     -16.587       0.084
Gaia DR3 2363286173869153408   6.7434710 -20.4676584 16.221  2.300       4.907   3.7649  19.4802     0.09      nan      nan    3.422  nan      nan    nan   1.688     nan                                None       1.473     -14.552       2.657       0.085     -17.888       0.083
Gaia DR3 2323164754053159040   4.5034438 -27.0069603 19.494  2.637       4.104   3.1279  20.3962     2.31      nan      nan    3.325  nan      nan    nan   1.104     nan                                None       1.239     -14.063      -1.392       0.453     -12.900       0.372
Gaia DR3 2361097527254376832   3.9708939 -22.6272656 17.832  2.906       2.782   1.7048  20.8114     0.76      nan      nan    3.257  nan      nan    nan   0.980     nan                                None       1.168     -13.861      -0.277       0.140     -12.612       0.100
Gaia DR3 2340636264401026944   1.3066080 -21.5813981 17.325  2.701       3.044   4.2626  21.4692     0.33      nan      nan    3.462  nan      nan    nan   1.067     nan                                None       1.001     -14.761       2.534       0.087     -16.369       0.068
Gaia DR3 2336890335659879424   2.5040323 -23.9533650 17.495  2.567       0.741   2.4279  21.5476     1.19      nan      nan    3.701  nan      nan    nan   1.035     nan                                None       1.186     -15.746       1.247       0.117     -16.322       0.082
Gaia DR3 2360789904516774272   6.4268720 -21.9557562 17.004  2.507       3.467   2.2978  22.0589     0.60      nan      nan    3.260  nan      nan    nan   0.947     nan                                None       1.376     -13.858       3.565       0.078     -14.799       0.060
Gaia DR3 2322746488662348288   4.3342353 -28.2615687 19.013  2.814       4.880   4.3889  22.0652     2.75      nan      nan    3.488  nan      nan    nan   1.012     nan                                None       1.284     -14.715       4.500       0.205     -16.309       0.203
Gaia DR3 2333882136270271104   1.2696999 -26.7582163 19.614  2.826       2.283   4.5084  23.3839     2.15      nan      nan    3.412  nan      nan    nan   1.038     nan                                None       0.983     -14.466      -0.628       0.332     -14.151       0.415
Gaia DR3 2363316547877954304   7.5539759 -19.9728652 16.614  2.352       4.613   4.5420  23.4761    -0.06      nan      nan    3.415  nan      nan    nan   1.006     nan                                None       1.540     -14.515      -1.291       0.065     -12.780       0.055
Gaia DR3 2349765788619873408  10.1245428 -22.9731046 16.768  2.531       1.547   4.6542  23.6766     1.09      nan      nan    3.527  nan      nan    nan   0.995     nan                                None       1.821     -14.941       2.171       0.067     -16.037       0.064
Gaia DR3 2346611079306089216   8.5871976 -25.8899690 19.214  2.928       3.500   3.6708  23.9528     2.05      nan      nan    3.302  nan      nan    nan   1.045     nan                                None       1.576     -13.949       2.039       0.265     -11.557       0.301
Gaia DR3 2350199953978304512   9.6748707 -21.6478890 17.511  2.688       4.698   4.7487  23.9625     0.61      nan      nan    3.455  nan      nan    nan   0.982     nan                                None       1.744     -14.656       4.263       0.123     -16.973       0.092
Gaia DR3 2362135019553697024   5.4822640 -19.6253537 13.691  1.301       3.772   4.3208  24.2583    -0.25    15.12     2.30    3.354  nan      nan    nan   1.048     nan                            Gaia_DR3       1.334     -14.269      -0.189       0.021     -12.080       0.015
Gaia DR3 2364762744969875072   1.6301932 -20.7409708 19.501  2.741       3.273   4.5679  24.7131     0.04      nan      nan    3.373  nan      nan    nan   0.991     nan                                None       1.004     -14.382       1.054       0.435     -16.709       0.343
Gaia DR3 2321742222229648000   5.5205627 -28.8510733 17.893  2.672       4.210   4.9258  24.8519     2.99      nan      nan    3.511  nan      nan    nan   0.893     nan                                None       1.400     -14.774       3.463       0.115     -17.108       0.103
Gaia DR3 2347777867301468800   7.8302043 -24.1074540 18.718  2.925       4.694   2.4444  24.9124     1.40      nan      nan    3.756  nan      nan    nan   1.076     nan                                None       1.720     -15.920       3.137       0.212     -19.356       0.243
Gaia DR3 2362135019554426240   5.4826375 -19.6256105 15.123    nan       4.890   4.3205  25.0050    -0.25      nan      nan    3.336  nan      nan    nan   1.150     nan                                None       1.327     -14.193      -0.739       0.048     -11.445       0.041
Gaia DR3 2348047041491374464   6.8376006 -23.7599416 13.915  1.473       3.831   1.5439  25.3346     1.25    -2.90     1.86    3.788  nan      nan    nan   1.082     nan                            Gaia_DR3       1.639     -16.076       1.642       0.018     -19.136       0.018
Gaia DR3 2341321058281564160   0.2190387 -21.7179058 19.531  2.752       1.138   5.0652  25.5222     0.35      nan      nan    3.460  nan      nan    nan   1.007     nan                                None       0.901     -14.756       1.306       0.449     -14.031       0.415
Gaia DR3 2335010480014243328   0.0409678 -25.3225350  9.914  0.686       3.521   4.8556  25.5530     1.62    -3.77     0.32    3.393  nan      nan    nan   1.136     nan                            Gaia_DR3       0.868     -14.426       1.067       0.022     -11.916       0.014
Gaia DR3 2364954373526454656   4.1741871 -20.6393049 19.605  2.386       3.763   3.4204  25.5544     0.07      nan      nan    3.262  nan      nan    nan   1.011     nan                                None       1.187     -13.889      -1.314       0.561     -13.226       0.342
Gaia DR3 2321722057358740096   5.8102595 -28.9979019 17.106  2.529       4.658   5.0954  25.6997     3.05      nan      nan    3.512  nan      nan    nan   1.107     nan                                None       1.427     -14.770       4.829       0.079     -15.331       0.079
Gaia DR3 2346709726114617984   7.8929601 -26.0864119 19.062  2.955       1.418   3.2795  26.2827     2.10      nan      nan    3.742  nan      nan    nan   0.966     nan                                None       1.720     -15.812       2.128       0.248     -14.771       0.274
Gaia DR3 2340514085467035264   1.1279889 -22.0191654 17.190  2.544       3.865   4.1778  26.6672     0.48      nan      nan    3.291  nan      nan    nan   1.008     nan                                None       0.936     -14.029      -1.115       0.080     -15.757       0.073
Gaia DR3 2336300894348263936   1.4387957 -25.2754968 16.335  2.302       2.288   3.6392  27.2888     1.63      nan      nan    3.248  nan      nan    nan   0.965     nan                                None       0.950     -13.804       0.868       0.054     -15.369       0.055
Gaia DR3 2343513342733406720   9.2738640 -26.5840657 19.207  2.783       1.585   4.5658  27.5689     2.32      nan      nan    3.305  nan      nan    nan   0.990     nan                                None       1.635     -13.937       0.531       0.262     -13.965       0.300
Gaia DR3 2366228565768643712   3.6700424 -18.6253791 17.857  2.491       2.460   5.4888  27.8206    -0.66      nan      nan    3.532  nan      nan    nan   1.028     nan                                None       1.239     -15.036      -0.388       0.122     -14.195       0.101
Gaia DR3 2348145314638897664   8.2862094 -24.0060229 15.343  1.784       4.650   2.8569  28.2264     1.38      nan      nan    3.795  nan      nan    nan   1.043     nan                                None       1.782     -16.081      -1.661       0.035     -14.674       0.035
Gaia DR3 2341497873496130688   1.3273993 -20.6760748 11.939  0.798       1.184   4.8163  28.4588     0.01    13.11     0.98    3.310  nan      nan    nan   0.975     nan                            Gaia_DR3       0.958     -14.112       1.718       0.015     -14.436       0.013
Gaia DR3 2362628146224269952   8.6879551 -19.9070046 18.424  2.906       1.372   5.1896  29.0813    -0.04      nan      nan    3.334  nan      nan    nan   1.044     nan                                None       1.600     -14.160       1.994       0.187     -13.280       0.167
Gaia DR3 2336726096110539520   1.7553275 -23.9626291 14.615  1.532       2.695   3.1121  29.2168     1.18     7.24     5.73    3.201  nan      nan    nan   0.987     nan                            Gaia_DR3       0.963     -13.622       2.584       0.025     -14.446       0.024
Gaia DR3 2323691866799521792   5.0390542 -25.6819857 15.464  2.156       3.302   1.7497  29.2401     1.87    26.33     9.40    3.844  nan      nan    nan   1.096     nan                            Gaia_DR3       1.485     -16.289       0.287       0.035     -18.681       0.034
Gaia DR3 2323633038631869184   5.1685782 -25.8835666 18.984  3.014       0.448   1.9478  29.4300     1.94      nan      nan    3.167  nan      nan    nan   1.033     nan                                None       1.234     -13.415       1.473       0.300     -13.595       0.238
Gaia DR3 2365754921070688896   1.7486892 -19.3793409 16.860  2.587       4.518   5.5505  29.4347    -0.44      nan      nan    3.605  nan      nan    nan   1.004     nan                                None       1.084     -15.365       2.788       0.116     -12.385       0.061
Gaia DR3 2364774122338945408   1.6770917 -20.5581816 10.259  1.161       3.925   4.6689  30.1465    -0.03   -32.74     0.17    3.266  nan      nan    nan   1.074     nan                            Gaia_DR3       0.976     -13.925       3.344       0.017     -12.623       0.012
Gaia DR3 2363615683760017024   6.6627833 -19.1740039 19.495  3.044       2.180   4.9624  30.3566    -0.37      nan      nan    3.285  nan      nan    nan   1.071     nan                                None       1.407     -13.965       2.294       0.354     -12.744       0.282
Gaia DR3 2349174217004728960  11.0689024 -22.4123305 15.553  2.024       4.798   5.6406  30.6562     0.93      nan      nan    3.350  nan      nan    nan   1.022     nan                                None       1.809     -14.187      -0.255       0.045     -11.499       0.040
Gaia DR3 2340975944774784640 358.7480668 -22.0890825 17.756  2.697       2.087   6.1835  31.0611     0.46      nan      nan    3.477  nan      nan    nan   1.034     nan                                None       0.771     -14.837       1.962       0.169     -15.797       0.119
Gaia DR3 2363550950012869120   6.1877698 -19.9714224 15.302  1.783       1.907   4.0772  31.1183    -0.11      nan      nan    3.217  nan      nan    nan   1.101     nan                                None       1.338     -13.682       0.755       0.034     -12.527       0.029
Gaia DR3 2319246266410405632   8.4554217 -28.0781803 16.251  2.327       1.344   5.0913  31.2784     2.81      nan      nan    3.717  nan      nan    nan   1.034     nan                                None       1.762     -15.632       2.696       0.047     -16.118       0.051
Gaia DR3 2341619163372854784 359.4095799 -20.9261059 12.539  0.874       4.888   6.1076  31.6057     0.06    11.67     1.17    3.399  nan      nan    nan   0.949     nan                            Gaia_DR3       0.813     -14.503      -0.442       0.016     -11.234       0.014
Gaia DR3 2320195729060833024   4.8576428 -29.4233017 10.697  1.150       3.810   5.4942  31.6739     3.17    18.06     0.27    3.307  nan      nan    nan   1.043     nan                            Gaia_DR3       1.262     -13.901       0.723       0.025     -11.300       0.015
Gaia DR3 2323104865029440256   3.0637156 -27.2517822 14.363  1.623       3.394   3.8171  31.9590     2.36    31.75     2.98    3.817  nan      nan    nan   1.056     nan                            Gaia_DR3       1.279     -16.151       1.465       0.019     -18.875       0.018
Gaia DR3 2320195827844797184   4.8061696 -29.4380928 19.350  3.276       4.898   5.5114  32.0340     3.17      nan      nan    3.300  nan      nan    nan   0.951     nan                                None       1.255     -13.875       4.649       0.555     -14.190       0.281
Gaia DR3 2335539791783411840   2.7658977 -25.8815460 16.285  2.249       3.702   2.9159  32.5259     1.88      nan      nan    3.156  nan      nan    nan   0.932     nan                                None       1.033     -13.390       1.163       0.064     -15.850       0.046
Gaia DR3 2334531844563970816 358.6610719 -26.3148623 18.506  2.872       2.170   6.3461  32.6858     1.94      nan      nan    3.583  nan      nan    nan   1.056     nan                                None       0.786     -15.221       1.851       0.160     -16.467       0.161
Gaia DR3 2342223615594369408  10.8999456 -28.2967042 18.036  2.495       2.502   6.7490  33.9680     2.98      nan      nan    3.463  nan      nan    nan   1.018     nan                                None       1.855     -14.520       0.324       0.125     -15.516       0.146
Gaia DR3 2389865183843599488 359.3219696 -19.9798698 17.953  2.644       2.292   6.7046  34.0116    -0.28      nan      nan    3.555  nan      nan    nan   0.994     nan                                None       0.842     -15.171       2.324       0.138     -14.301       0.104
Gaia DR3 2362776717732916480   9.4500633 -20.2442846 18.333  3.150       4.344   5.4236  34.5704     0.10      nan      nan    3.765  nan      nan    nan   0.930     nan                                None       1.879     -15.980      -1.394       0.162     -14.898       0.151
Gaia DR3 2346884965075787904   8.2104818 -25.1805819 16.579  2.486       3.290   3.0404  34.9490     1.79      nan      nan    3.901  nan      nan    nan   0.964     nan                                None       1.825     -16.505       0.008       0.072     -14.501       0.057
Gaia DR3 2318058136721691904   9.0554756 -29.7996647 13.413  1.419       2.090   6.8145  35.2111     3.43    -5.38     2.96    3.600  nan      nan    nan   1.106     nan                            Gaia_DR3       1.761     -15.062       1.183       0.013     -16.539       0.015
Gaia DR3 2332991703650918400 359.9114697 -28.9318324 18.957  2.538       3.670   6.8575  35.2309     2.88      nan      nan    3.405  nan      nan    nan   0.960     nan                                None       0.859     -14.378       3.068       0.274     -12.942       0.278
Gaia DR3 2341780035667865984   0.5019538 -20.1231132 17.007  2.570       4.123   5.7597  35.4103    -0.20      nan      nan    3.755  nan      nan    nan   1.066     nan                                None       1.006     -16.016       1.563       0.078     -19.232       0.059
Gaia DR3 2320288775232328832   3.0626209 -30.0344583 14.234  1.480       3.622   6.3783  35.6651     3.33    27.19     3.25    3.310  nan      nan    nan   1.007     nan                            Gaia_DR3       1.109     -13.909       1.987       0.022     -16.279       0.017
Gaia DR3 2334407221791952384 357.9347370 -26.8068685 18.692  3.192       3.878   7.1305  35.8456     2.11      nan      nan    3.469  nan      nan    nan   1.004     nan                                None       0.694     -14.731       2.449       0.271     -16.959       0.236
Gaia DR3 2365523336434240640   1.4444986 -20.4782786 13.860  1.273       3.163   4.8770  36.0716    -0.06     9.55     2.11    3.189  nan      nan    nan   0.920     nan                            Gaia_DR3       0.933     -13.595       1.967       0.021     -15.453       0.016
Gaia DR3 2332894710404732928   0.0436780 -29.4831649 19.011  3.100       4.544   7.1858  36.3370     3.08      nan      nan    3.554  nan      nan    nan   1.079     nan                                None       0.909     -14.986       4.204       0.242     -14.125       0.251
Gaia DR3 2342936962419708032  12.5033285 -26.7120414 15.501  1.963       4.445   7.1926  36.3491     2.49      nan      nan    3.552  nan      nan    nan   0.976     nan                                None       2.045     -14.925       1.652       0.034     -18.230       0.033
Gaia DR3 2350331315553512704  11.3397651 -21.6579624 16.816  2.020       3.095   6.1341  36.3524     0.68      nan      nan    3.269  nan      nan    nan   4.719     nan                                None       1.787     -13.850       3.036       0.400     -12.121       0.359
Gaia DR3 2334565723264780800   0.2615444 -26.9447728 12.560  0.919       4.393   5.3494  36.7379     2.19    -0.06     1.52    3.205  nan      nan    nan   1.180     nan                            Gaia_DR3       0.838     -13.592      -1.044       0.014     -11.298       0.012
Gaia DR3 2318410912451442048   8.0783330 -30.1122426 11.545  0.771       4.875   6.7002  36.7575     3.50   -24.35     0.45    3.685  nan      nan    nan   1.453     nan                            Gaia_DR3       1.711     -15.416      -0.804       0.030     -18.248       0.025
Gaia DR3 2348466749991428096   7.9010572 -22.9804130 17.041  2.595       2.256   2.6893  36.8965     1.01      nan      nan    3.944  nan      nan    nan   1.002     nan                                None       1.814     -16.737       3.481       0.082     -15.879       0.074
Gaia DR3 2341066688844122112 358.3103277 -22.1544053 19.761  2.377       3.365   6.5495  36.9408     0.47      nan      nan    3.711  nan      nan    nan   0.929     nan                                None       0.780     -15.837       3.073       0.483     -14.545       0.526
Gaia DR3 2320790629276192000   0.8264475 -30.1778839 18.218  2.823       2.912   7.3372  37.0522     3.33      nan      nan    3.552  nan      nan    nan   0.965     nan                                None       0.982     -14.940       1.033       0.138     -17.120       0.137
Gaia DR3 2320262794974771072   4.0248766 -29.8235946 17.038  2.772       2.205   5.9742  37.2378     3.28      nan      nan    3.780  nan      nan    nan   1.227     nan                                None       1.361     -15.882       2.987       0.085     -16.547       0.097
Gaia DR3 2322707632093364096   7.2833896 -26.3202657 11.335  0.753       4.899   3.0624  37.3524     2.16   -13.80     0.77    3.941  nan      nan    nan   1.254     nan                            Gaia_DR3       1.750     -16.655       2.107       0.028     -12.600       0.029
Gaia DR3 2332936113889459072 359.6105979 -29.5869459 16.516  2.427       2.017   7.5136  37.6937     3.11      nan      nan    3.510  nan      nan    nan   0.950     nan                                None       0.858     -14.799       2.313       0.059     -14.470       0.055
Gaia DR3 2343769941259815936  12.2802558 -25.7276548 17.935  2.674       3.869   6.7042  37.8666     2.14      nan      nan    3.294  nan      nan    nan   0.982     nan                                None       1.878     -13.872       1.594       0.129     -16.544       0.122
Gaia DR3 2336718433889091200   1.5508511 -24.0692333 14.191  1.596       3.184   3.3002  37.9542     1.21     7.06     3.41    3.944  nan      nan    nan   1.341     nan                            Gaia_DR3       1.165     -16.783       0.386       0.036     -19.313       0.026
Gaia DR3 2349995861428422784  10.1399320 -21.8575898 16.816  2.266       3.070   5.0353  38.4297     0.70      nan      nan    3.164  nan      nan    nan   1.024     nan                                None       1.635     -13.417       0.757       0.081     -11.567       0.064
Gaia DR3 2364853527694386560   3.0519680 -20.2388848 18.442  2.781       3.157   4.1812  38.7104    -0.10      nan      nan    3.923  nan      nan    nan   1.003     nan                                None       1.313     -16.714       3.865       0.197     -17.265       0.155
Gaia DR3 2337640443107351424 357.7118557 -25.5034841 19.487  3.014       2.660   6.9442  38.7641     1.64      nan      nan    3.716  nan      nan    nan   1.026     nan                                None       0.722     -15.813       2.482       0.381     -14.699       0.379
Gaia DR3 2339944401005049344 359.6096275 -23.4171474 14.572  1.650       4.237   5.1097  39.1796     0.94   -38.65     4.23    3.884  nan      nan    nan   0.973     nan                            Gaia_DR3       0.949     -16.556       4.398       0.022     -16.935       0.019
Gaia DR3 2316844241525607296   4.6552214 -31.7157800 18.972  3.130       2.767   7.7928  39.2756     3.96      nan      nan    3.454  nan      nan    nan   0.976     nan                                None       1.300     -14.421       0.458       0.311     -12.590       0.226
Gaia DR3 2367005920490126464   4.7755309 -18.2006046 17.676  2.001       4.729   5.7464  39.4339    -0.77      nan      nan    3.189  nan      nan    nan   1.027     nan                                None       1.210     -13.563      -1.261       0.139     -15.563       0.116
Gaia DR3 2327983806143530112 358.4521857 -28.6965505 18.624  2.953       3.317   7.6667  39.5151     2.78      nan      nan    3.617  nan      nan    nan   1.040     nan                                None       0.773     -15.292       1.188       0.208     -17.786       0.158
Gaia DR3 2363286173868121728   6.7431133 -20.4675642 17.766    nan       3.203   3.7649  39.5950     0.09      nan      nan    3.956  nan      nan    nan   1.015     nan                                None       1.702     -16.820       4.100       0.291     -17.998       0.648
Gaia DR3 2337384561840951680 357.4090952 -26.8568463 17.247  2.407       4.279   7.5852  39.6483     2.12      nan      nan    3.369  nan      nan    nan   0.886     nan                                None       0.627     -14.305      -0.741       0.086     -11.592       0.085
Gaia DR3 2341331155749933952 359.7288767 -21.7464171 17.814  2.563       4.894   5.4629  39.8027     0.35      nan      nan    3.875  nan      nan    nan   1.103     nan                                None       0.959     -16.532       2.852       0.147     -20.054       0.101
Gaia DR3 2416229234999418368   3.4368755 -16.2969359 18.181  2.816       3.416   7.8081  39.9145    -1.48      nan      nan    3.410  nan      nan    nan   1.008     nan                                None       1.176     -14.486      -0.459       0.161     -16.319       0.145
