GaiaDR3                               RA         DEC   Gmag  Bp-Rp  Voff(km/s) Sep(deg)   3D(pc) Vr(pred)  Vr(obs)    Vrerr Plx(mas)  SpT    FnuvJ  W1-W3    RUWE  XCrate                               RVsrc    PMRApred   PMDecpred        PMRA     PMRAerr       PMDec    PMDecerr
Gaia DR3 4933912198895807104  20.4384056 -46.7147345 10.557  2.165       0.000   0.0000   0.0000    16.53      nan      nan   44.535  nan      nan    nan   1.143     nan                                None    -111.089     -79.954    -111.089       0.020     -79.954       0.025
Gaia DR3 4971581089304028288  34.6205361 -31.5569912 19.882  3.219       2.603  18.6655   7.4788    11.13      nan      nan   42.837  nan      nan    nan   1.216     nan                                None    -114.978    -127.737    -138.216       0.486    -124.202       0.462
Gaia DR3 5074324266168557056  49.1953255 -24.0710187 12.728  2.563       2.468  32.2519  15.4488     6.21      nan      nan   34.794  nan      nan    nan  20.728     nan                                None     -94.238    -123.298     -82.252       0.326    -109.735       0.366
Gaia DR3 6674554829263069440 309.3404135 -46.7312795 13.059  2.823       2.325  46.9769  16.5268    21.82      nan      nan   58.032  nan      nan    nan   1.264     nan                                None      12.642     -35.385      -4.015       0.016     -12.324       0.015
Gaia DR3 5005816887800833792  11.6842314 -34.7022704 17.866  4.582       1.004  13.7032  16.9507    15.83      nan      nan   26.379  nan      nan    nan   1.034     nan                                None     -60.679     -59.957     -61.282       0.097     -65.509       0.158
Gaia DR3 2394193308286591872 354.4839194 -17.4841477 13.397  2.728       2.932  36.2248  17.9371    14.71      nan      nan   33.131  nan      nan    nan   1.260     nan                                None     -58.585     -98.556     -38.234       0.023     -96.300       0.016
Gaia DR3 4975005999307397376  11.4240643 -48.3014352  7.712  0.843       0.715   6.2882  18.0927    17.95      nan      nan   24.848  nan      nan    nan  24.865     nan                                None     -56.995     -35.191     -59.618       0.291     -37.863       0.378
Gaia DR3 3177407910705445888  67.7869087 -13.5155648 10.525  2.376       2.819  51.5520  18.2124    -0.89      nan      nan   53.479  nan      nan    nan   1.279     nan                                None    -133.035    -209.768    -164.672       0.015    -212.801       0.013
Gaia DR3 2976850598890749824  75.8326222 -17.3755101 10.562  2.599       1.025  53.9133  18.5794    -1.17      nan      nan  108.273  nan      nan    nan   1.160     nan                                None    -250.025    -436.016    -228.287       0.025    -444.685       0.027
Gaia DR3 4613612951211823104  49.3118092 -85.5404862 14.754 -0.373       2.718  39.4275  18.6618    17.72      nan      nan   34.035  nan      nan    nan   1.025     nan                                None     -92.166     -18.626     -73.818       0.032     -12.011       0.034
Gaia DR3 3198812859478372480  65.8613587  -7.3971526 13.176  2.961       2.354  55.1843  19.6361    -2.47      nan      nan   51.065  nan      nan    nan   1.257     nan                                None    -128.847    -197.582    -144.364       0.016    -177.544       0.014
Gaia DR3 4964972543386420992  33.4144245 -37.4840123  9.917  1.594       2.622  13.3054  21.0466    12.74      nan      nan   23.666  nan      nan    nan   5.559     nan                                None     -63.290     -63.645     -50.210       0.045     -63.405       0.068
Gaia DR3 3183748278864953856  76.5569850  -8.1195305 12.336  2.727       2.467  61.2358  21.3453    -4.36      nan      nan   52.460  nan      nan    nan   1.315     nan                                None    -120.178    -206.647    -119.711       0.020    -179.367       0.016
Gaia DR3 6528565832855420928 353.8459196 -46.1539989 13.080  2.267       0.619  18.2483  21.3748    19.74      nan      nan   24.090  nan      nan    nan   1.177     nan                                None     -42.041     -26.663     -38.905       0.008     -26.869       0.011
Gaia DR3 2745473254589480960 359.9488477   6.6634138  8.499  1.395       2.931  56.3961  21.4949     6.82      nan      nan   43.435  nan      nan    nan   1.057     nan                                None     -85.004    -172.155     -58.704       0.029    -166.828       0.013
Gaia DR3 6541802578463122688 346.6628694 -43.5038334  7.537  0.778       2.498  23.8658  21.6166    20.17      nan      nan   24.907  nan      nan    nan   1.018     nan                                None     -36.628     -28.872     -48.005       0.023     -22.348       0.020
Gaia DR3 2603443492176803584 342.3270694 -13.3043158 11.906  2.337       2.493  46.1714  21.8562    15.15      nan      nan   33.088  nan      nan    nan   1.147     nan                                None     -42.795    -103.168     -41.924       0.022     -85.799       0.020
Gaia DR3 6449125735495767040 299.6735090 -54.8768365 12.886  2.556       2.383  48.7985  22.0538    21.81      nan      nan   34.523  nan      nan    nan   3.964     nan                                None      23.131      -0.441      40.152       0.126       2.870       0.108
Gaia DR3 6502570319958250496 346.8113120 -50.6867953  6.135  0.615       1.904  22.3456  22.0576    20.69      nan      nan   24.327  nan      nan    nan   0.996     nan                                None     -35.918     -15.108     -35.336       0.015     -24.853       0.015
Gaia DR3 6529995026171613184 349.3502921 -43.3443067 13.656  2.634       0.916  22.0807  22.6726    19.91      nan      nan   23.895  nan      nan    nan   9.100     nan                                None     -37.664     -29.154     -42.207       0.115     -28.344       0.109
Gaia DR3 5918136424731578240 266.1047011 -58.5710086 15.721  4.058       1.508  61.7165  22.8358    19.76      nan      nan   45.326  nan      nan    nan   1.183     nan                                None      91.372     -18.476      81.671       0.053     -29.133       0.053
Gaia DR3 3212318332599958784  74.4937763  -5.1054952 13.172  2.958       2.925  62.2476  22.8632    -4.94      nan      nan   45.949  nan      nan    nan   1.213     nan                                None    -107.620    -178.187    -104.401       0.019    -206.337       0.013
Gaia DR3 4078319494857310336 280.5471082 -23.4840320 10.965  2.539       2.039  79.5102  23.0233    17.00      nan      nan   94.216  nan      nan    nan   0.945     nan                                None     141.019    -240.490     181.444       0.032    -242.785       0.023
Gaia DR3 5114013749714071296  57.3160049 -13.4921457 10.279  1.727       2.441  45.3195  23.3988     1.27      nan      nan   30.401  nan      nan    nan   1.384     nan                                None     -80.443    -115.906     -66.759       0.020    -108.320       0.016
Gaia DR3 5885471411757745408 233.2107961 -54.1748304 11.606  2.776       0.626  75.3571  23.7026    15.71      nan      nan   65.986  nan      nan    nan   1.289     nan                                None     177.133    -122.142     168.955       0.030    -119.168       0.027
Gaia DR3 6531273517676869504 357.9692018 -43.8998007 13.497  2.385       2.371  15.9944  23.8550    19.07      nan      nan   22.410  nan      nan    nan   1.163     nan                                None     -42.368     -30.487     -31.768       0.015     -34.103       0.014
Gaia DR3 3796072592206250624 176.9376880   0.7991200  9.601  3.033       2.050 129.7063  24.7470    -9.68      nan      nan  296.305  nan      nan    nan   1.083     nan                                None     549.682   -1108.686     607.299       0.034   -1223.028       0.023
Gaia DR3 4614677725143992192  89.3871708 -84.4039131 16.990  4.441       0.781  41.5398  25.1560    16.89      nan      nan   26.967  nan      nan    nan   1.078     nan                                None     -51.453     -61.938     -55.790       0.091     -62.887       0.099
Gaia DR3 5563514684632527360 102.5532506 -41.4222213 13.825  2.833       1.551  56.4857  25.4401     3.57      nan      nan   33.757  nan      nan    nan   1.213     nan                                None     -47.812    -147.286     -56.074       0.019    -154.605       0.017
Gaia DR3 5182289917103436928  48.6666976  -4.8426725 16.811  4.784       2.098  48.4414  25.9842     0.45      nan      nan   28.804  nan      nan    nan   1.014     nan                                None     -78.080    -108.745     -90.471       0.176    -105.785       0.160
Gaia DR3 4928388630434466560  14.9992320 -51.3433636  9.147  0.999       2.767   5.8398  26.7123    17.85      nan      nan   20.428  nan      nan    nan   0.941     nan                                None     -48.627     -27.112     -59.291       0.010     -21.799       0.011
Gaia DR3 2967199704297025664  85.7067386 -19.0193565 15.436  0.209       1.464  59.4415  27.1663    -2.30      nan      nan   32.788  nan      nan    nan   1.039     nan                                None     -66.512    -136.220     -68.111       0.025    -146.215       0.030
Gaia DR3 5156214650957742976  48.6199654 -13.4966280 12.601  2.464       2.664  40.7506  27.4577     3.15      nan      nan   24.858  nan      nan    nan   1.454     nan                                None     -67.386     -92.411     -60.104       0.025     -80.499       0.024
Gaia DR3 5577083104796518656  99.5066182 -37.9860975 10.172  1.852       1.942  56.5980  27.5355     2.62      nan      nan   30.740  nan      nan    nan   8.418     nan                                None     -47.271    -133.782     -39.760       0.145    -123.684       0.168
Gaia DR3 5427528254746168192 139.0040832 -42.2566488 16.566  1.042       1.503  75.7082  27.6150     2.51      nan      nan   44.353  nan      nan    nan   1.001     nan                                None      10.661    -204.557      24.674       0.044    -203.557       0.047
Gaia DR3 3372159045217009920  96.5417458  18.7566614 10.396    nan       2.812  94.4821  27.8127   -15.45      nan      nan   67.793  nan      nan    nan   3.326     nan                                None    -111.978    -194.888     -71.833       0.605    -193.058       0.429
Gaia DR3 6795231865409810176 310.8172178 -29.8166052 13.463  2.683       2.151  55.3123  27.9479    20.06      nan      nan   29.621  nan      nan    nan   4.558     nan                                None       4.381     -56.883      -8.324       0.065     -52.532       0.054
Gaia DR3 3390044040652614656  82.6545322  15.2406402 11.664  2.501       2.774  83.2810  28.0688   -12.48      nan      nan   50.831  nan      nan    nan   1.311     nan                                None    -107.870    -162.150    -122.051       0.030    -136.025       0.019
Gaia DR3 2888391177581949440  86.1298965 -35.2469329 11.897  2.152       1.514  49.4133  28.2272     3.24      nan      nan   26.952  nan      nan    nan   1.086     nan                                None     -54.311    -111.393     -49.039       0.014    -104.592       0.013
Gaia DR3 6640466189231878400 292.6445155 -55.1101041  6.188  0.592       2.508  52.2513  28.5753    21.53      nan      nan   27.673  nan      nan    nan   1.099     nan                                None      27.329      -2.146      38.548       0.021     -11.540       0.018
Gaia DR3 1752189568342546048 305.8422299   8.0032501 13.544  3.208       0.453  85.4694  28.7519    10.15      nan      nan   50.457  nan      nan    nan   1.068     nan                                None      19.319    -207.280      15.064       0.020    -209.534       0.016
Gaia DR3 2161121135533953536 270.5711928  64.2605836 11.758  3.259       2.581 139.1926  28.8075   -12.03      nan      nan  128.306  nan      nan    nan   1.448     nan                                None     239.620    -438.599     196.394       0.041    -383.789       0.040
Gaia DR3 2463650351166397184  26.3198120 -10.9384026 16.806  0.613       2.940  36.1222  28.9061     7.22      nan      nan   22.813  nan      nan    nan   1.028     nan                                None     -59.141     -80.875     -59.300       0.081     -66.734       0.049
Gaia DR3 2423057721899294976   5.8342798 -13.5171144 14.686  2.788       2.130  35.3880  29.1097    11.91      nan      nan   22.548  nan      nan    nan   1.184     nan                                None     -48.262     -73.802     -50.639       0.039     -83.643       0.026
Gaia DR3 6772888139870271744 292.8516845 -21.5734668 11.441  2.518       2.373  72.8718  29.3640    17.76      nan      nan   37.513  nan      nan    nan   1.102     nan                                None      36.703     -96.504      52.634       0.025    -106.415       0.022
 Gaia DR3 605079910398496640 134.0812258  12.6627314 12.761  3.220       2.824 115.3311  29.3931   -16.50      nan      nan   85.804  nan      nan    nan   1.116     nan                                None       0.599    -264.438     -47.295       0.031    -246.675       0.022
Gaia DR3 3308742032023794560  71.0333747  14.0223070 12.815  2.807       2.391  75.7658  29.4560   -10.03      nan      nan   39.418  nan      nan    nan   1.294     nan                                None     -95.445    -132.336    -113.684       0.029    -140.216       0.020
Gaia DR3 4986422434695500544  14.1802322 -41.8188238 13.842  2.485       2.323   6.6330  29.4621    16.68      nan      nan   19.360  nan      nan    nan   1.130     nan                                None     -45.717     -36.967     -44.483       0.012     -27.567       0.015
Gaia DR3 4308488780772030336 291.3791711   9.6387332 15.683  5.081       1.509  96.3606  29.6105     8.75      nan      nan   58.912  nan      nan    nan   2.745     nan                                None      61.463    -243.729      80.186       0.187    -242.866       0.193
Gaia DR3 4208730438673343488 295.5885682  -6.3407227 13.821  3.225       2.307  81.8616  29.6246    14.14      nan      nan   43.932  nan      nan    nan   1.326     nan                                None      37.610    -152.075      56.124       0.030    -162.733       0.025
Gaia DR3 4802627486882372992  85.7203614 -44.0684092 13.827  2.735       2.124  44.5779  29.6727     6.26      nan      nan   24.310  nan      nan    nan   1.068     nan                                None     -49.303     -96.492     -59.607       0.039     -99.993       0.043
Gaia DR3 2815503108666238464 348.4697245  14.4738463 12.852  2.635       1.364  67.5892  29.6835     5.82      nan      nan   33.581  nan      nan    nan   1.503     nan                                None     -51.782    -141.383     -44.594       0.039    -147.827       0.028
Gaia DR3 2955234715683010816  79.5013595 -27.4912013  9.434  1.238       2.024  49.5557  29.7225     1.60      nan      nan   25.717  nan      nan    nan   1.046     nan                                None     -56.898    -104.781     -48.153       0.009    -111.410       0.012
Gaia DR3 4745346195249475584  40.3425609 -51.0597582 11.608  1.853       2.956  13.7399  29.8384    14.41      nan      nan   19.543  nan      nan    nan   1.058     nan                                None     -53.051     -43.714     -41.264       0.012     -40.652       0.014
