GaiaDR3                               RA         DEC   Gmag  Bp-Rp  Voff(km/s) Sep(deg)   3D(pc) Vr(pred)  Vr(obs)    Vrerr Plx(mas)  SpT    FnuvJ  W1-W3    RUWE  XCrate                               RVsrc    PMRApred   PMDecpred        PMRA     PMRAerr       PMDec    PMDecerr
Gaia DR3 2581741400387500544  12.8452973   8.8675444 11.901  0.885       0.000   0.0000   0.0000   -20.67      nan      nan    3.054  nan      nan    nan   0.866     nan                                None       7.132     -21.445       7.132       0.023     -21.445       0.015
Gaia DR3 2557961506499144576  11.3322026   8.9675998 12.496  0.914       2.454   1.4981   9.4414   -21.01      nan      nan    3.018  nan      nan    nan   0.982     nan                                None       6.789     -21.143       8.063       0.023     -20.241       0.019
Gaia DR3 2581944329002517248  13.5902463   9.8159231 19.302  3.119       1.676   1.1999   9.4891   -21.08      nan      nan    2.994  nan      nan    nan   0.999     nan                                None       7.119     -20.825       8.098       0.418     -21.225       0.304
Gaia DR3 2582660115367289088  13.2775554  11.1541206 11.762  0.917       2.886   2.3259  13.6079   -21.90      nan      nan    3.029  nan      nan    nan   1.181     nan                                None       7.148     -20.738       8.077       0.027     -22.330       0.019
Gaia DR3 2750011965572124160   9.7649664   8.4563678 19.132  3.045       2.830   3.0728  17.9086   -21.00      nan      nan    3.092  nan      nan    nan   0.986     nan                                None       6.674     -21.752       4.865       0.387     -21.393       0.250
Gaia DR3 2557420551074029184   9.6580083   7.6860897 16.954  2.362       1.829   3.3680  19.2767   -20.57      nan      nan    3.070  nan      nan    nan   0.993     nan                                None       6.609     -21.782       6.880       0.097     -22.934       0.072
Gaia DR3 2557885507053407360  10.6473749   8.7649256 17.002  2.437       2.943   2.1744  22.8416   -21.02      nan      nan    2.887  nan      nan    nan   0.983     nan                                None       6.380     -20.257       6.078       0.092     -18.491       0.073
Gaia DR3 2582230962235155840  12.7037989  10.5137209 15.803  1.989       1.231   1.6521  23.8043   -21.65      nan      nan    3.274  nan      nan    nan   0.980     nan                                None       7.619     -22.565       7.144       0.057     -23.269       0.046
Gaia DR3 2750568696412986624   9.9721617  10.6939322 19.382  2.629       2.170   3.3692  24.2344   -22.25      nan      nan    3.203  nan      nan    nan   1.028     nan                                None       6.954     -21.971       6.952       0.482     -23.437       0.297
Gaia DR3 2774226475791069312  11.4111489   9.7773880 19.123  2.948       1.569   1.6824  25.6168   -21.47      nan      nan    3.294  nan      nan    nan   1.041     nan                                None       7.425     -22.869       6.447       0.370     -23.348       0.360
Gaia DR3 2582935165072833920  16.9406890  10.5477508 16.803  2.249       1.742   4.3723  27.4165   -20.82      nan      nan    3.173  nan      nan    nan   0.978     nan                                None       8.122     -21.967       7.052       0.081     -22.428       0.060
Gaia DR3 2555714998085147648   8.7234086   6.6400997 17.563  2.698       0.655   4.6519  28.0071   -20.11      nan      nan    2.983  nan      nan    nan   0.982     nan                                None       6.256     -21.380       5.913       0.142     -21.608       0.102
Gaia DR3 2577823393781372416  16.5043003   7.6351678 18.123  2.704       2.370   3.8250  28.8579   -19.22      nan      nan    3.248  nan      nan    nan   0.969     nan                                None       8.239     -23.175       8.087       0.191     -24.791       0.126
Gaia DR3 2776211339092944768  10.2870727  12.9536911 15.692  1.891       0.800   4.7962  28.9845   -23.46      nan      nan    2.978  nan      nan    nan   1.047     nan                                None       6.519     -19.865       6.449       0.053     -19.367       0.033
Gaia DR3 2584580373770405120  16.5481816  12.5197212 16.600  2.114       1.709   5.1549  29.4341   -22.02      nan      nan    3.074  nan      nan    nan   1.053     nan                                None       7.805     -20.794       6.841       0.074     -20.249       0.066
