GaiaDR3                               RA         DEC   Gmag  Bp-Rp  Voff(km/s) Sep(deg)   3D(pc) Vr(pred)  Vr(obs)    Vrerr Plx(mas)  SpT    FnuvJ  W1-W3    RUWE  XCrate                               RVsrc    PMRApred   PMDecpred        PMRA     PMRAerr       PMDec    PMDecerr
 Gaia DR3 369669965470499456  15.5981424  37.1854379  8.709  0.753       0.000   0.0000   0.0000    10.27      nan      nan   14.771  nan      nan    nan   1.076     nan                                None      -9.721     -10.089      -9.721       0.014     -10.089       0.012
 Gaia DR3 369669969766045952  15.5975720  37.1847555 15.434    nan       0.268   0.0008   1.4105    10.27      nan      nan   15.086  nan      nan    nan   1.043     nan                                None      -9.928     -10.304     -10.708       0.466     -10.647       0.178
 Gaia DR3 313815981666087680  18.8971128  33.0558346 16.330  3.262       1.867   4.9322   7.6408    10.31      nan      nan   16.001  nan      nan    nan   1.008     nan                                None     -12.482      -8.043     -10.205       0.061     -13.915       0.047
 Gaia DR3 319117341403234560  24.3522041  36.6297704 12.784  2.091       2.317   7.0193  10.8960     9.82      nan      nan   16.639  nan      nan    nan   1.477     nan                                None     -16.238      -9.773     -20.644       0.020      -2.946       0.016
 Gaia DR3 378837388481358464   5.6729854  38.1965804 15.722  3.068       1.877   7.9149  11.1600    10.51      nan      nan   13.663  nan      nan    nan   0.987     nan                                None      -3.820     -10.541      -2.616       0.035      -5.271       0.031
Gaia DR3 2862248738146858496   5.9655313  31.0685937 12.970  2.028       1.555  10.0403  12.0681    10.88      nan      nan   14.455  nan      nan    nan   1.192     nan                                None      -4.206      -7.077      -3.031       0.031     -11.668       0.021
 Gaia DR3 382932107223862272   2.7884781  39.8592030 20.225  2.195       1.887  10.3620  12.4419    10.44      nan      nan   15.616  nan      nan    nan   2.054     nan                                None      -2.616     -13.160      -4.757       1.008      -7.328       0.899
Gaia DR3 2805547305754459008  13.1928036  25.9988771 12.947  2.282       2.749  11.3714  13.5687    10.81      nan      nan   14.533  nan      nan    nan   1.231     nan                                None      -8.251      -3.794     -14.151       0.028      -9.804       0.019
 Gaia DR3 344145357086497408  29.1806176  40.1004118 19.410  2.260       2.918  10.9892  13.8973     9.31      nan      nan   13.964  nan      nan    nan   3.016     nan                                None     -15.946      -9.136      -8.104       1.429      -5.628       1.205
Gaia DR3 2805547301463975552  13.1921167  25.9988479 16.395  3.103       2.441  11.3715  13.9682    10.81      nan      nan   14.187  nan      nan    nan   1.673     nan                                None      -8.055      -3.704     -12.832       0.136      -9.226       0.088
 Gaia DR3 355832031815383552  30.3415819  45.7862357 20.159  2.165       1.755  13.9604  16.3343     8.88      nan      nan   15.162  nan      nan    nan   1.364     nan                                None     -17.902     -12.567     -12.786       1.936     -10.268       1.174
 Gaia DR3 403783692410478464  20.1897944  50.7479272 17.091  3.523       2.572  13.9523  17.0186     9.05      nan      nan   14.181  nan      nan    nan   1.004     nan                                None     -11.731     -15.966     -18.844       0.066     -13.051       0.049
 Gaia DR3 325417165074161280  32.2170664  31.9180348 18.244  3.848       1.314  14.6407  17.2013     9.41      nan      nan   14.868  nan      nan    nan   0.938     nan                                None     -18.471      -4.974     -17.261       0.222      -1.037       0.204
Gaia DR3 2874421298234820992   1.4299960  34.1613193 15.535  2.850       0.853  11.8872  17.5601    10.80      nan      nan   13.001  nan      nan    nan   1.084     nan                                None      -1.490      -8.083       0.784       0.046      -7.538       0.024
 Gaia DR3 308506921051776896  19.8356211  27.5521012 16.183  3.308       2.553  10.2734  17.8820    10.44      nan      nan   18.719  nan      nan    nan  12.304     nan                                None     -15.243      -5.348     -21.228       0.702     -13.451       0.531
 Gaia DR3 351643648429100544  32.5976923  43.3282008 17.343  3.533       2.466  14.3183  18.2074     8.88      nan      nan   13.746  nan      nan    nan   1.027     nan                                None     -17.246      -9.825     -12.588       0.133      -4.406       0.142
Gaia DR3 2803483762947226496  11.2770844  24.4085721 16.384  2.960       1.784  13.3006  18.8121    10.92      nan      nan   13.083  nan      nan    nan   1.006     nan                                None      -6.477      -2.682      -2.036       0.062      -0.565       0.044
Gaia DR3 2876185185467343616   3.9150632  34.7708556 17.652  4.231       0.955   9.7506  18.9865    10.74      nan      nan   19.385  nan      nan    nan   1.004     nan                                None      -4.098     -12.443      -6.936       0.173      -9.765       0.139
Gaia DR3 2803483762947226368  11.2777064  24.4095885 16.191  2.849       1.598  13.2994  19.0222    10.92      nan      nan   13.020  nan      nan    nan   0.973     nan                                None      -6.446      -2.670      -2.335       0.057      -1.139       0.039
Gaia DR3 1919167623247449216 355.4531648  37.6395471 12.527  1.952       1.417  15.9765  19.1939    10.60      nan      nan   14.350  nan      nan    nan   1.067     nan                                None       1.704     -10.887      -2.466       0.015     -11.879       0.014
Gaia DR3 1919167691966925696 355.4512521  37.6404867 14.622  2.688       0.735  15.9779  19.2752    10.60      nan      nan   14.284  nan      nan    nan   1.135     nan                                None       1.697     -10.838       0.694       0.025     -12.811       0.023
 Gaia DR3 105266388544797184  29.5976212  25.7902824 11.854  1.740       0.807  16.4673  19.4705     9.76      nan      nan   16.226  nan      nan    nan  38.358     nan                                None     -18.756      -2.347     -17.198       0.658      -4.626       0.665
 Gaia DR3 389900124727164544  10.2192520  46.5154028 17.753  2.975       2.452  10.1477  20.9285     9.78      nan      nan   11.928  nan      nan    nan   4.916     nan                                None      -5.424     -12.681       0.645       0.715     -11.593       0.568
Gaia DR3 1927220648272528896 359.0130445  46.7996644  8.987  0.872       1.671  15.5781  21.0573     9.91      nan      nan   13.186  nan      nan    nan   1.020     nan                                None      -0.267     -14.602       2.877       0.015     -18.022       0.013
 Gaia DR3 393733468939766016   2.0740604  49.6675331 13.441  2.273       2.974  15.8319  21.6310     9.62      nan      nan   13.091  nan      nan    nan   1.031     nan                                None      -1.829     -15.803     -10.032       0.012     -15.994       0.011
 Gaia DR3 289697678714664320  20.6064929  22.0754397 16.098  3.542       2.798  15.7176  21.8873    10.47      nan      nan   18.790  nan      nan    nan   1.209     nan                                None     -15.827      -1.316     -21.133       0.075     -11.048       0.051
 Gaia DR3 289697747434140544  20.6029396  22.0866047  7.099  0.730       2.450  15.7060  22.0246    10.47      nan      nan   18.884  nan      nan    nan   0.977     nan                                None     -15.904      -1.331     -19.731       0.026     -10.302       0.017
 Gaia DR3 353160527798762880  33.8602611  46.6178530 14.343  2.463       2.625  16.4801  22.4807     8.58      nan      nan   13.054  nan      nan    nan   1.131     nan                                None     -16.907     -10.452     -13.446       0.028      -4.112       0.026
 Gaia DR3 409986136283290112  20.8320924  52.2849330 12.252  1.764       2.989  15.5402  22.8203     8.87      nan      nan   12.647  nan      nan    nan   1.166     nan                                None     -10.755     -14.787     -16.739       0.014      -9.524       0.009
 Gaia DR3 370873076005751552  15.5178486  39.2466723 18.922  3.156       1.945   2.0622  22.8302    10.15      nan      nan   11.068  nan      nan    nan   5.161     nan                                None      -7.250      -8.423      -6.711       1.179      -3.919       0.815
Gaia DR3 2881884817524504448   0.8377525  39.6877173 19.583  2.786       1.982  11.8147  22.9256    10.47      nan      nan   11.831  nan      nan    nan   2.059     nan                                None      -1.082      -9.926      -5.216       0.680      -7.213       0.639
 Gaia DR3 409692158663998848  25.2209268  56.0738293 14.542  2.776       2.200  19.9661  23.2756     8.30      nan      nan   15.073  nan      nan    nan   2.030     nan                                None     -15.168     -18.559     -20.389       0.025     -23.208       0.049
  Gaia DR3 95445207088679424  25.8999767  19.2585557 12.891  2.898       2.867  20.0614  24.0154    10.09      nan      nan   17.400  nan      nan    nan   1.268     nan                                None     -17.922       1.168     -24.534       0.030      -7.011       0.025
Gaia DR3 1936866698145410176 349.3730214  43.1227524 20.083  2.197       2.537  20.8074  24.2790    10.12      nan      nan   15.010  nan      nan    nan   2.611     nan                                None       5.325     -14.286      10.039       1.028      -7.789       1.123
Gaia DR3 2880681298968094336   1.6736715  38.0677898 17.525  0.979       1.743  11.0531  24.3799    10.57      nan      nan   11.484  nan      nan    nan  10.562     nan                                None      -1.425      -8.902      -0.390       0.645      -4.812       0.602
Gaia DR3 1939038375341346432 355.7881874  46.6593918 20.101  2.671       2.718  17.4455  24.6032     9.91      nan      nan   12.740  nan      nan    nan   1.333     nan                                None       1.346     -14.020       8.647       0.961     -14.054       0.954
 Gaia DR3 410981125589017088  17.6434669  53.2762841 12.308  1.785       0.898  16.1535  24.8032     8.90      nan      nan   12.321  nan      nan    nan   1.039     nan                                None      -9.044     -15.238      -9.895       0.014     -13.067       0.013
 Gaia DR3 133755628178072960  40.3621960  32.7296028 15.213  2.898       2.120  20.7158  24.8336     8.61      nan      nan   17.622  nan      nan    nan   1.354     nan                                None     -26.318      -4.534     -18.452       0.186      -4.942       0.204
 Gaia DR3 396834744562131328  20.7452752  44.2899689 15.194  2.803       2.083   8.1004  24.9160     9.56      nan      nan   11.106  nan      nan    nan   3.696     nan                                None      -9.410      -9.979     -12.848       0.111     -13.438       0.102
Gaia DR3 2781468344703270400  11.0512533  16.1907672 13.096  2.403       1.148  21.3764  25.4377    10.95      nan      nan   17.587  nan      nan    nan  24.695     nan                                None      -8.556       2.212     -11.148       0.448      -1.163       0.242
Gaia DR3 2592294345487491712  22.9416567  16.3972639 14.484  2.580       0.607  21.7777  25.4564    10.29      nan      nan   14.923  nan      nan    nan   1.093     nan                                None     -13.819       2.373     -11.952       0.031       2.768       0.016
 Gaia DR3 337649506816674944  41.9730485  43.7877330 14.767  2.851       2.909  21.0128  25.4993     8.07      nan      nan   18.054  nan      nan    nan   1.090     nan                                None     -27.798     -10.313     -20.569       0.031      -1.927       0.034
 Gaia DR3 337649511107719680  41.9730972  43.7883215 15.024  2.996       2.426  21.0129  25.5144     8.07      nan      nan   18.070  nan      nan    nan   1.028     nan                                None     -27.822     -10.322     -22.248       0.070      -2.950       0.073
 Gaia DR3 107586289360806656  34.0874238  28.0351094 15.674  2.927       1.868  18.0147  25.7961     9.32      nan      nan   12.587  nan      nan    nan   1.163     nan                                None     -16.392      -2.264     -11.879       0.061      -4.311       0.052
Gaia DR3 2782602039975541248   9.6343187  17.5440782 20.186  2.010       2.891  20.3306  25.8598    11.02      nan      nan   13.472  nan      nan    nan   2.211     nan                                None      -5.824       0.913     -12.869       1.712      -3.303       0.874
 Gaia DR3 423896062192229632  12.5302216  57.2196092 16.053  2.874       2.477  20.1373  26.0408     8.62      nan      nan   13.302  nan      nan    nan   1.015     nan                                None      -7.219     -18.768     -13.774       0.032     -21.068       0.039
 Gaia DR3 106431011877638272  35.1477554  26.5130185 14.936  2.882       0.961  19.6771  26.1685     9.23      nan      nan   19.649  nan      nan    nan   1.089     nan                                None     -26.247      -2.293     -29.721       0.034      -4.238       0.030
 Gaia DR3 427906737005400576   7.8310795  58.3625703 14.874  2.908       1.019  21.7771  26.1887     8.58      nan      nan   18.035  nan      nan    nan   1.711     nan                                None      -6.547     -26.665      -5.734       0.077     -22.878       0.356
Gaia DR3 1926401997443457536 359.3079846  46.1472577 19.232  0.882       1.923  15.0646  26.2657     9.96      nan      nan   11.782  nan      nan    nan   5.132     nan                                None      -0.374     -12.765      -3.098       1.255      -8.839       1.061
 Gaia DR3 106431046237376256  35.1488956  26.5138475 14.983  2.918       1.523  19.6774  26.2675     9.23      nan      nan   19.726  nan      nan    nan   1.088     nan                                None     -26.352      -2.302     -31.339       0.036      -6.204       0.032
 Gaia DR3 390216745422313984  11.2056850  47.2788748 19.339  2.278       1.527  10.5999  26.4181     9.69      nan      nan   11.131  nan      nan    nan   2.962     nan                                None      -5.480     -12.072      -2.296       1.203     -10.431       0.864
 Gaia DR3 426461738215927168  14.9875794  60.1534628 16.990  3.436       2.315  22.9713  26.5231     8.21      nan      nan   15.466  nan      nan    nan   1.062     nan                                None      -9.825     -22.893      -3.861       0.055     -27.517       0.068
Gaia DR3 2863412300621933056   4.9809892  32.9249215 11.654  1.403       2.554   9.6711  26.6550    10.82      nan      nan   11.008  nan      nan    nan   1.313     nan                                None      -2.783      -6.233      -6.943       0.025      -2.012       0.019
Gaia DR3 2844753794457784960 350.8940715  26.9980743 13.563  2.413       2.089  23.1808  26.9351    11.02      nan      nan   15.117  nan      nan    nan   1.231     nan                                None       4.474      -4.915       6.793       0.017       1.326       0.014
 Gaia DR3 340421001963887232  38.6502657  43.7971646 15.827  3.027       2.336  18.6604  26.9810     8.36      nan      nan   12.465  nan      nan    nan   1.096     nan                                None     -17.987      -7.870     -19.361       0.049      -1.888       0.058
  Gaia DR3 99622423561308416  33.9155846  21.7310507 14.591  2.445       2.664  22.1281  27.0360     9.37      nan      nan   13.948  nan      nan    nan   1.065     nan                                None     -18.090       0.497     -23.680       0.030       5.984       0.024
Gaia DR3 2844753794456450432 350.8943324  26.9977774 18.483    nan       2.942  23.1808  27.1082    11.02      nan      nan   14.880  nan      nan    nan   1.019     nan                                None       4.404      -4.838       0.125       0.306       3.341       0.481
 Gaia DR3 398304718593216000  19.5302533  46.0004329 17.525  3.366       2.333   9.2894  27.3680     9.49      nan      nan   10.881  nan      nan    nan   0.968     nan                                None      -8.740     -10.564      -8.437       0.109      -5.221       0.108
Gaia DR3 2808905970179905664  12.1718086  27.4382966 14.904  2.683       2.918  10.1660  27.8755    10.82      nan      nan   10.891  nan      nan    nan   1.737     nan                                None      -5.762      -3.515       0.891       0.076      -4.299       0.039
 Gaia DR3 314659410163799296  15.3250655  33.6748838 10.922  1.100       2.300   3.5176  27.9481    10.46      nan      nan   10.503  nan      nan    nan   0.953     nan                                None      -6.805      -5.786      -2.857       0.015      -2.568       0.014
Gaia DR3 2769305134760183424   3.5774735  15.3704844 14.675  2.849       0.570  24.2803  28.0508    11.15      nan      nan   15.347  nan      nan    nan   1.158     nan                                None      -3.042       2.256      -4.821       0.030       1.772       0.032
Gaia DR3 2769305134760183296   3.5770868  15.3708887 14.951    nan       0.853  24.2801  28.0547    11.15      nan      nan   15.339  nan      nan    nan   0.969     nan                                None      -3.041       2.255      -4.325       0.064       4.697       0.068
 Gaia DR3 390487779329580288  10.4090563  48.1166363 12.243  0.808       2.468  11.5713  28.6334     9.63      nan      nan   10.925  nan      nan    nan  22.369     nan                                None      -5.047     -12.228      -2.249       0.698      -7.280       0.524
 Gaia DR3 312479456563055232  14.4326326  30.5823295 16.710  3.917       2.702   6.6734  28.7191    10.63      nan      nan   25.240  nan      nan    nan   0.731     nan                                None     -15.509     -11.004      -3.700       0.085     -19.203       0.064
 Gaia DR3 414294748704819072  17.9250697  59.9786233 19.919  3.194       1.633  22.8417  28.7909     8.15      nan      nan   13.486  nan      nan    nan   1.133     nan                                None     -10.039     -19.478     -12.601       0.380     -15.608       0.446
Gaia DR3 2793318125113384576   6.6095678  17.6825272 17.607  3.570       0.781  21.0443  28.9999    11.11      nan      nan   12.659  nan      nan    nan   0.940     nan                                None      -3.999       0.711      -3.487       0.124       2.731       0.107
Gaia DR3 1886919874918391168 346.4883788  32.2030095 17.181  2.286       2.064  24.3461  29.1660    10.71      nan      nan   14.255  nan      nan    nan   9.897     nan                                None       6.636      -7.398       4.716       0.681     -13.296       0.743
Gaia DR3 2840183949255030272 352.5088991  24.0801247 11.770  1.607       2.811  23.6960  29.3169    11.11      nan      nan   13.715  nan      nan    nan   1.002     nan                                None       3.200      -2.873      11.199       0.015      -4.313       0.012
Gaia DR3 1924547602363514240 349.1623542  42.0741057 18.341  2.134       0.515  20.8483  29.3825    10.20      nan      nan   12.487  nan      nan    nan   7.834     nan                                None       4.531     -11.384       3.764       0.771     -10.267       0.992
 Gaia DR3 295779073232577280  24.0814844  27.2134160 18.955  0.699       1.904  12.2744  29.5909    10.17      nan      nan   10.869  nan      nan    nan   1.044     nan                                None     -10.504      -2.636     -12.321       0.271       1.330       0.249
Gaia DR3 2794227593028254208   4.7124442  17.9807458 18.706  2.646       1.354  21.4536  29.6561    11.15      nan      nan   12.606  nan      nan    nan   3.074     nan                                None      -3.055       0.518       0.516       0.706       0.955       0.705
 Gaia DR3 366962486807589760   8.5988198  37.9938380 19.276  3.375       1.720   5.6035  29.8649    10.46      nan      nan   10.363  nan      nan    nan   1.040     nan                                None      -4.068      -7.804      -1.112       0.263     -10.122       0.260
