GaiaDR3                               RA         DEC   Gmag  Bp-Rp  Voff(km/s) Sep(deg)   3D(pc) Vr(pred)  Vr(obs)    Vrerr Plx(mas)  SpT    FnuvJ  W1-W3    RUWE  XCrate                               RVsrc    PMRApred   PMDecpred        PMRA     PMRAerr       PMDec    PMDecerr
Gaia DR3 2557342829345854208   9.8217476   7.2769906 13.764  2.067       0.000   0.0000   0.0000     6.84     6.84     1.46    8.070  nan      nan    nan   1.066     nan                            Gaia_DR3     -31.166     -23.175     -31.166       0.021     -23.175       0.017
Gaia DR3 2556690372273888640  12.1051914   7.0790260 17.350  2.872       1.824   2.2742   6.1495     6.16      nan      nan    7.843  nan      nan    nan   0.966     nan                                None     -30.824     -22.332     -32.270       0.118     -19.686       0.110
Gaia DR3 2555942257690306944  11.9418247   5.6692456 14.871  2.429       3.714   2.6499   7.9703     6.54     4.52     2.97    7.733  nan      nan    nan   1.056     nan                            Gaia_DR3     -30.356     -21.774     -27.629       0.037     -16.367       0.030
Gaia DR3 2553343115281446656  13.1103198   5.9253616 16.922  3.042       4.973   3.5353   8.6257     6.10      nan      nan    8.356  nan      nan    nan   1.088     nan                                None     -33.078     -23.511     -24.389       0.109     -24.634       0.085
Gaia DR3 2775405736371453440  10.2041398  11.4890044 18.302  3.399       3.087   4.2289   9.3256     5.70      nan      nan    7.972  nan      nan    nan   0.963     nan                                None     -30.882     -23.635     -29.298       0.183     -18.694       0.157
Gaia DR3 2551080865812009984  10.3412155   3.4215922 11.966  1.364       4.500   3.8899  10.0763     7.58   -13.05     0.87    8.470  nan      nan    nan   2.042     nan                            Gaia_DR3     -32.845     -23.427     -28.668       0.040     -16.562       0.033
Gaia DR3 2774818841976010496  13.0590041  11.2421886 17.323  3.198       4.229   5.0918  11.0310     4.86      nan      nan    8.046  nan      nan    nan   1.467     nan                                None     -31.839     -23.506     -29.254       0.184     -16.814       0.144
Gaia DR3 2551830114267024128  14.3284567   4.5392838 16.278  2.499       4.453   5.2523  12.4365     6.02      nan      nan    8.454  nan      nan    nan   1.035     nan                                None     -33.739     -23.459     -25.848       0.069     -22.620       0.047
Gaia DR3 2551830049842753024  14.3273515   4.5377419 14.081  1.951       4.666   5.2521  12.7417     6.02    17.91     2.19    8.505  nan      nan    nan   0.994     nan                            Gaia_DR3     -33.941     -23.599     -25.738       0.026     -21.957       0.018
Gaia DR3 2751919416384472064   3.3677000   8.2624302 12.336  1.422       3.880   6.4701  14.0763     8.59    12.13     0.65    8.006  nan      nan    nan   0.902     nan                            Gaia_DR3     -29.106     -23.672     -27.150       0.021     -29.921       0.014
Gaia DR3 2748957778734992896   5.4143490   7.6059235 14.916  2.414       4.480   4.3826  14.0847     8.13     8.06     5.82    8.840  nan      nan    nan   1.010     nan                            Gaia_DR3     -32.818     -25.799     -24.513       0.034     -24.945       0.026
Gaia DR3 2552019058468043392  15.9682210   4.5967047 19.165  3.385       4.963   6.6747  14.9752     5.47      nan      nan    7.863  nan      nan    nan   0.997     nan                                None     -31.704     -21.758     -28.432       0.394     -14.209       0.303
Gaia DR3 2748882118591524736   4.1431296   8.2810235 16.316  2.942       2.834   5.7151  15.0442     8.35      nan      nan    7.582  nan      nan    nan   1.611     nan                                None     -27.788     -22.367     -26.990       0.099     -17.908       0.099
Gaia DR3 2755784779575582336   6.4554543  12.8289810 17.760  3.141       4.535   6.4654  15.0797     6.53      nan      nan    7.761  nan      nan    nan   0.953     nan                                None     -29.103     -23.652     -33.251       0.129     -29.806       0.108
Gaia DR3 2750198234009530240  11.2218572   9.6073181 16.318  2.870       3.380   2.7108  15.1022     5.84      nan      nan    7.263  nan      nan    nan   1.212     nan                                None     -28.357     -21.149     -23.777       0.097     -18.741       0.060
Gaia DR3 2752231162291213824   2.9276783   9.1795814 17.683  3.145       4.223   7.0830  15.2805     8.49      nan      nan    8.147  nan      nan    nan   0.950     nan                                None     -29.480     -24.359     -33.083       0.173     -18.064       0.119
Gaia DR3 2755113944338941184   4.5717118  11.2060915  5.799  1.169       1.154   6.5022  15.3526     7.50     9.05     0.12    8.556  nan      nan    nan   0.896     nan                            Gaia_DR3     -31.496     -25.932     -32.226       0.031     -27.882       0.026
Gaia DR3 2752230097139708160   2.9478957   9.1398816  7.217  1.058       4.064   7.0535  15.3581     8.50    -2.29     0.12    8.272  nan      nan    nan   1.050     nan                            Gaia_DR3     -29.939     -24.721     -32.868       0.040     -18.266       0.026
Gaia DR3 2754985541996602496   7.4976927  12.6294729 18.621  0.229       2.719   5.8211  15.3939     6.26      nan      nan    7.567  nan      nan    nan   1.047     nan                                None     -28.646     -22.909     -24.318       0.211     -22.629       0.183
Gaia DR3 2777718666455178240  12.4989946  14.0712770 18.066  3.309       1.476   7.2853  15.7153     4.35      nan      nan    8.155  nan      nan    nan   1.115     nan                                None     -32.141     -24.283     -33.587       0.219     -26.369       0.178
Gaia DR3 2775462464299646848   9.9502818  11.7008679 20.007  2.967       2.952   4.4257  15.9742     5.73      nan      nan    7.335  nan      nan    nan   1.056     nan                                None     -28.355     -21.803     -25.086       0.721     -18.618       0.432
Gaia DR3 2777718662159664256  12.4958500  14.0686803 11.077  1.040       1.030   7.2817  16.0249     4.35    -7.85     0.36    8.352  nan      nan    nan   0.998     nan                            Gaia_DR3     -32.920     -24.872     -34.163       0.023     -26.193       0.018
Gaia DR3 2745969477930054400   1.7230536   7.6345491 15.694  2.665       1.080   8.0381  17.6485     9.23      nan      nan    7.933  nan      nan    nan   1.094     nan                                None     -28.325     -23.407     -30.030       0.048     -24.004       0.038
Gaia DR3 2748881122159112960   4.1417069   8.2400908  5.911  1.065       4.734   5.7097  17.8050     8.36     0.17     0.12    7.345  nan      nan    nan   2.422     nan                            Gaia_DR3     -26.922     -21.661     -29.869       0.095     -14.949       0.062
Gaia DR3 2576958937123860096  17.8916488   7.1518730 14.020  2.072       0.494   8.0069  18.0669     4.24   -12.70     2.37    7.810  nan      nan    nan   1.030     nan                            Gaia_DR3     -31.830     -21.858     -31.840       0.027     -21.044       0.019
Gaia DR3 2779538461278495872  10.5442545  14.7147303  9.793  0.777       3.735   7.4714  18.4027     4.80    -1.85     0.18    8.775  nan      nan    nan   0.847     nan                            Gaia_DR3     -34.082     -26.515     -27.528       0.016     -24.329       0.013
Gaia DR3 2741633313307807360   1.7201226   4.3586922 15.743  2.506       4.735   8.5710  18.4731    10.01      nan      nan    8.130  nan      nan    nan   1.030     nan                                None     -29.025     -23.042     -26.271       0.054     -15.409       0.038
Gaia DR3 2767678029349694208   3.1190349  13.0730148 15.422  2.588       2.051   8.7793  18.9862     7.46     2.66     4.43    8.279  nan      nan    nan   1.124     nan                            Gaia_DR3     -30.020     -25.681     -26.883       0.045     -27.406       0.044
Gaia DR3 2536443724641751680  14.5152082  -0.1941592 13.646  1.909       3.905   8.8165  19.0546     7.03    -0.96     1.61    8.065  nan      nan    nan   0.999     nan                            Gaia_DR3     -32.226     -21.458     -38.326       0.026     -24.079       0.022
Gaia DR3 2536443724641751808  14.5176440  -0.1932613 13.049  1.685       4.177   8.8171  19.0997     7.03     1.34     1.27    8.035  nan      nan    nan   1.069     nan                            Gaia_DR3     -32.105     -21.377     -38.792       0.022     -23.689       0.019
Gaia DR3 2584823640717997824  16.5813351  13.1196719 17.978  3.214       2.487   8.8517  19.1091     3.26      nan      nan    8.253  nan      nan    nan   0.967     nan                                None     -33.395     -23.914     -34.204       0.208     -28.164       0.132
Gaia DR3 2779538456983271680  10.5453858  14.7126145 16.105  1.086       3.605   7.4694  19.1783     4.80      nan      nan    8.893  nan      nan    nan   1.293     nan                                None     -34.542     -26.873     -27.805       0.064     -26.341       0.053
Gaia DR3 2576142137423216896  16.8090263   5.4112561 17.513  3.151       2.521   7.1904  19.2432     5.00      nan      nan    8.965  nan      nan    nan   0.984     nan                                None     -36.322     -24.901     -38.503       0.177     -20.665       0.089
Gaia DR3 2777378569469755392  15.1615532  14.6199187 15.575  2.675       4.271   9.0200  20.3170     3.36      nan      nan    7.793  nan      nan    nan   1.759     nan                                None     -31.265     -22.909     -29.374       0.084     -29.666       0.063
Gaia DR3 2768374226368569856   3.7871294  14.6720112 13.377  2.024       3.165   9.4725  20.4702     6.85   -11.90     3.93    8.303  nan      nan    nan  14.009     nan                            Gaia_DR3     -30.321     -26.021     -25.916       0.364     -22.661       0.241
Gaia DR3 2777911939983619328  12.3197779  14.2080547 15.273  2.318       2.904   7.3522  20.9550     4.37   -12.71     6.55    7.321  nan      nan    nan   1.089     nan                            Gaia_DR3     -28.819     -21.839     -27.337       0.041     -17.610       0.034
Gaia DR3 2581254527190154496  15.1269046   9.2967892 14.365    nan       2.404   5.6246  21.8472     4.65   -13.84     3.98    7.068  nan      nan    nan   1.197     nan                            Gaia_DR3     -28.353     -20.228     -26.793       0.093     -23.453       0.068
Gaia DR3 2578326081048731904  19.7847878   7.5395127 17.515  2.978       3.204   9.8831  21.8708     3.51      nan      nan    7.863  nan      nan    nan   0.953     nan                                None     -32.352     -21.915     -27.761       0.130     -19.244       0.111
Gaia DR3 2756138925398685056   5.1679075  13.7325743 17.191  3.057       0.301   7.9113  21.9166     6.68      nan      nan    9.177  nan      nan    nan   1.039     nan                                None     -33.987     -28.345     -33.572       0.107     -28.755       0.086
Gaia DR3 2542357035615615104   7.9748925  -1.9886509 15.777  2.565       2.729   9.4471  22.1078     9.53      nan      nan    7.640  nan      nan    nan   0.991     nan                                None     -29.046     -19.843     -33.034       0.047     -17.998       0.037
Gaia DR3 2794559817338449920   7.9336405  17.4351917 17.446  3.317       3.070  10.3238  22.2767     4.90      nan      nan    8.085  nan      nan    nan   0.998     nan                                None     -30.729     -25.218     -33.564       0.127     -20.819       0.084
Gaia DR3 2777670562821419136  12.2991779  13.7055869 16.568  3.205       2.488   6.8742  22.7206     4.50      nan      nan    7.131  nan      nan    nan   1.070     nan                                None     -28.067     -21.216     -24.912       0.095     -19.207       0.079
Gaia DR3 2783337686269252352  16.9164214  15.3433585 16.829  2.973       0.995  10.6477  22.9722     2.62      nan      nan    8.341  nan      nan    nan   1.100     nan                                None     -33.815     -24.321     -35.402       0.097     -23.585       0.076
Gaia DR3 2578378273491327232  19.9007722   7.9429963 14.637  2.382       1.857  10.0121  23.1138     3.38    25.84     9.44    8.799  nan      nan    nan   1.794     nan                            Gaia_DR3     -36.222     -24.558     -35.227       0.111     -27.856       0.073
Gaia DR3 2566027665535043456  20.6874073   6.7168536 14.907  2.355       0.354  10.7990  23.2291     3.40    -5.57     3.81    8.164  nan      nan    nan   1.059     nan                            Gaia_DR3     -33.725     -22.601     -33.549       0.052     -22.018       0.037
Gaia DR3 2739894057711486080   0.1564034   2.7582220 16.935  2.978       2.703  10.6336  23.3699    10.84      nan      nan    8.551  nan      nan    nan   0.972     nan                                None     -29.975     -23.762     -28.838       0.090     -19.024       0.058
Gaia DR3 2542820063153792896   8.5695461  -0.3622342 18.496  3.277       3.754   7.7407  23.6326     8.99      nan      nan    7.168  nan      nan    nan   1.009     nan                                None     -27.393     -19.021     -23.863       0.222     -23.461       0.180
Gaia DR3 2544043755172710016   8.1374671   0.4077534 15.569  2.491       0.986   7.0716  23.8669     8.96   -27.63     4.43    7.076  nan      nan    nan   1.015     nan                            Gaia_DR3     -26.941     -18.958     -28.371       0.041     -18.614       0.034
Gaia DR3 2539254385599571200  15.1249102   2.5928402 18.168  3.810       3.135   7.0598  23.9437     6.20      nan      nan    9.570  nan      nan    nan   1.380     nan                                None     -38.387     -26.103     -38.227       0.388     -19.781       0.247
Gaia DR3 2580560219956856192  19.5815744  11.9189103 15.452  2.553       1.642  10.6814  24.0645     2.56    -4.80     6.23    8.728  nan      nan    nan   1.065     nan                            Gaia_DR3     -35.874     -24.773     -37.907       0.065     -27.008       0.041
Gaia DR3 2530641017666564480  12.2714960  -1.3524375 11.891  1.144       4.202   8.9689  24.2262     8.02    -9.53     0.56    7.299  nan      nan    nan   1.369     nan                            Gaia_DR3     -28.720     -19.169     -29.664       0.029     -12.774       0.022
Gaia DR3 2530809517824058752  10.7853833  -0.9934814 17.233  3.011       4.848   8.3262  24.2827     8.42      nan      nan    7.196  nan      nan    nan   1.031     nan                                None     -28.003     -18.963     -20.650       0.124     -19.091       0.104
Gaia DR3 2578090407603315968  16.3295102   8.4817114 16.815  2.708       3.705   6.5577  24.6876     4.45      nan      nan    6.977  nan      nan    nan   0.995     nan                                None     -28.190     -19.780     -23.244       0.087     -22.067       0.065
Gaia DR3 2548536497122617088   5.9690714   3.0360709 14.667  2.435       2.779   5.7185  24.7611     9.04    -2.71     3.56    6.908  nan      nan    nan   1.226     nan                            Gaia_DR3     -25.784     -19.139     -29.813       0.033     -19.528       0.024
Gaia DR3 2544827393429296128   2.3366478  -1.5115449 18.667  3.062       1.233  11.5331  24.7795    11.15      nan      nan    8.200  nan      nan    nan   1.014     nan                                None     -29.480     -21.358     -27.810       0.292     -20.035       0.202
Gaia DR3 2581254522894640512  15.1270790   9.2962739 11.693  1.186       2.910   5.6246  24.8845     4.65    11.64    12.57    6.895  nan      nan    nan   1.126     nan                            Gaia_DR3     -27.658     -19.732     -26.992       0.022     -23.908       0.017
Gaia DR3 2738829245123073792   1.1147520   1.7201290 18.998  3.418       4.143  10.3035  24.9449    10.80      nan      nan    9.053  nan      nan    nan   1.026     nan                                None     -32.097     -24.762     -26.017       0.384     -29.816       0.214
Gaia DR3 2553476053109149952  13.6538944   6.4424236 17.012  2.794       4.020   3.8951  24.9700     5.80      nan      nan    6.797  nan      nan    nan   1.002     nan                                None     -27.004     -19.172     -32.729       0.100     -19.803       0.073
Gaia DR3 2582147433711209344  12.9687709   9.9899777 11.828  1.268       4.639   4.1278  25.0008     5.19   -22.28     0.39    9.977  nan      nan    nan   1.226     nan                            Gaia_DR3     -39.454     -28.927     -34.395       0.028     -37.269       0.019
Gaia DR3 2750895942856837248   6.5400989   9.4386713 14.452  2.335       4.560   3.9004  25.1062     7.34    10.77     2.58   10.003  nan      nan    nan   1.202     nan                            Gaia_DR3     -37.537     -29.605     -44.056       0.031     -22.538       0.024
Gaia DR3 2780711262228393856   7.6834283  15.3711999 12.911  1.894       3.433   8.3609  25.2025     5.51    -9.36     1.86    9.527  nan      nan    nan   4.626     nan                            Gaia_DR3     -36.126     -29.380     -42.936       0.095     -28.310       0.083
Gaia DR3 2544548808965984256   2.9295417  -2.0482955 15.046  2.378       1.912  11.5870  25.2384    11.09    -1.80     7.70    7.963  nan      nan    nan   1.117     nan                            Gaia_DR3     -28.815     -20.574     -31.327       0.039     -18.577       0.028
Gaia DR3 2788096235155278336  13.2036734  18.2860139 15.720  2.526       3.982  11.4908  25.2881     3.08      nan      nan    7.879  nan      nan    nan   1.125     nan                                None     -31.208     -23.809     -25.335       0.051     -26.851       0.045
Gaia DR3 2530210249627291008   9.0666170  -2.5324646 16.586  2.780       3.510   9.8384  25.5533     9.30      nan      nan    7.332  nan      nan    nan   0.975     nan                                None     -28.138     -18.926     -26.896       0.076     -13.645       0.051
Gaia DR3 2792713909114202752   5.8411904  16.3793226 13.563  1.783       4.017   9.8992  25.7360     5.80    -2.49     1.42    7.326  nan      nan    nan   1.001     nan                            Gaia_DR3     -27.309     -22.989     -22.186       0.018     -19.492       0.015
Gaia DR3 2525808904581445504  11.9216019  -4.3692134 11.234  1.070       3.575  11.8332  25.7779     8.77    35.90     0.26    7.961  nan      nan    nan   1.401     nan                            Gaia_DR3     -31.245     -20.156     -27.159       0.039     -24.549       0.036
Gaia DR3 2584071201102540288  15.2374537  11.7844768 17.536  2.955       4.576   6.9876  25.9607     4.02      nan      nan    6.938  nan      nan    nan   1.024     nan                                None     -27.851     -20.122     -25.887       0.149     -13.723       0.102
Gaia DR3 2550970987664750080  11.6527691   3.7960184 15.794  2.718       3.358   3.9291  26.0598     7.07    -1.32     7.66    6.745  nan      nan    nan   2.923     nan                            Gaia_DR3     -26.422     -18.687     -21.950       0.433     -20.363       0.386
Gaia DR3 2556715862904679936  11.6100291   7.1307893 19.589  3.510       1.839   1.7802  26.1136     6.31      nan      nan    6.681  nan      nan    nan   1.081     nan                                None     -26.163     -19.060     -27.888       0.584     -20.991       0.458
Gaia DR3 2445080630565828864   4.1225648  -3.5346673 18.063  3.743       3.671  12.2164  26.2750    11.05      nan      nan    8.375  nan      nan    nan   1.253     nan                                None     -30.690     -21.162     -35.707       0.221     -17.059       0.156
Gaia DR3 2585434389362538880  21.6621547  10.8975827  8.559  0.494       3.130  12.2371  26.2783     2.10    -8.94     0.48    8.319  nan      nan    nan   0.938     nan                            Gaia_DR3     -34.507     -23.293     -29.203       0.049     -24.704       0.015
Gaia DR3 2527304377833881984  10.3549983  -4.8001817 16.731  2.815       4.005  12.0889  26.3642     9.37      nan      nan    8.583  nan      nan    nan   0.964     nan                                None     -33.288     -21.536     -26.203       0.078     -23.053       0.070
Gaia DR3 2566280548914356608  20.1603927   7.0057822 17.806  3.614       3.896  10.2618  26.6530     3.51      nan      nan    7.307  nan      nan    nan   0.968     nan                                None     -30.112     -20.287     -30.793       0.231     -26.250       0.154
Gaia DR3 2794768724547884928   7.7507667  17.7460832 11.365  1.096       4.882  10.6619  26.6916     4.88   -13.24     0.29    7.383  nan      nan    nan   1.541     nan                            Gaia_DR3     -28.015     -23.096     -29.323       0.035     -15.611       0.031
Gaia DR3 2563561564033133824  21.1259045   5.1909621 11.159  0.968       4.474  11.4284  26.8656     3.59     0.11     0.47    7.555  nan      nan    nan   0.922     nan                            Gaia_DR3     -31.269     -20.743     -28.207       0.025     -27.178       0.014
Gaia DR3 2743573951331203840 358.2475911   4.6184359 17.111  3.013       1.085  11.8136  26.9361    10.95      nan      nan    8.910  nan      nan    nan   0.942     nan                                None     -30.501     -25.493     -28.509       0.090     -25.061       0.062
Gaia DR3 2563561564033133696  21.1239634   5.1942710  9.966  0.733       3.904  11.4259  26.9862     3.59     1.18     0.28    7.538  nan      nan    nan   0.953     nan                            Gaia_DR3     -31.197     -20.695     -28.264       0.021     -26.161       0.012
Gaia DR3 2777319887331686528  14.6926417  14.0630285 10.380  0.858       4.315   8.3026  27.1916     3.65    -4.92     0.30    9.791  nan      nan    nan   1.090     nan                            Gaia_DR3     -39.167     -28.793     -47.910       0.021     -27.097       0.017
Gaia DR3 2533134297721814784  16.8934666  -1.1483698 10.312  0.828       4.664  10.9892  27.2689     6.44   -13.50     0.25    7.393  nan      nan    nan   1.205     nan                            Gaia_DR3     -29.967     -19.509     -22.880       0.032     -21.124       0.021
Gaia DR3 2759486427205567104 359.2015200  10.1657957 16.505  2.694       1.159  10.8862  27.2714     9.32      nan      nan    7.370  nan      nan    nan   1.029     nan                                None     -25.536     -22.559     -27.091       0.059     -23.467       0.036
Gaia DR3 2586470644711890048  21.6412600  12.4998163 14.022  2.095       0.659  12.7570  27.3878     1.74   -14.85     2.63    8.193  nan      nan    nan   1.045     nan                            Gaia_DR3     -33.982     -23.035     -35.098       0.023     -22.806       0.014
Gaia DR3 2739234144575955072   1.6163882   3.0817892 13.544  1.732       4.937   9.1841  27.4933    10.34    -3.46     1.67    7.071  nan      nan    nan   1.007     nan                            Gaia_DR3     -25.216     -19.707     -31.455       0.022     -23.611       0.019
Gaia DR3 2534363036325073408  20.6276397   0.7756218 14.461  2.208       3.745  12.5830  27.4964     4.76    -8.75     2.45    7.926  nan      nan    nan   1.016     nan                            Gaia_DR3     -32.734     -21.238     -26.638       0.030     -19.826       0.022
Gaia DR3 2545791016587384832   1.1728792  -0.2090399 12.945  1.596       3.407  11.4215  27.4965    11.21    -0.71     0.57    7.470  nan      nan    nan   1.076     nan                            Gaia_DR3     -26.504     -19.849     -22.653       0.026     -16.112       0.012
Gaia DR3 2576541779835266816  17.0043422   6.6393421 16.967  2.689       1.566   7.1580  27.5060     4.65      nan      nan    6.863  nan      nan    nan   1.025     nan                                None     -27.837     -19.202     -26.213       0.101     -17.621       0.090
Gaia DR3 2531687958894550656  17.8701323  -2.8337718 16.884  2.945       2.535  12.9127  27.8714     6.48      nan      nan    8.504  nan      nan    nan   1.062     nan                                None     -34.654     -22.120     -31.357       0.108     -18.991       0.066
Gaia DR3 2554600200669348224   9.5200266   5.2384513 16.797  2.948       3.993   2.0605  27.8929     7.42      nan      nan    6.607  nan      nan    nan   0.987     nan                                None     -25.451     -18.632     -25.276       0.089     -13.074       0.063
Gaia DR3 2783827415620242560  18.5316550  16.1333603  5.949 -0.115       3.231  12.2884  27.9244     1.91      nan      nan    7.677  nan      nan    nan   3.589     nan                                None     -31.394     -22.198     -27.887       0.343     -26.077       0.190
Gaia DR3 2559179872757532032  21.3203208   1.3972492 14.371  2.198       4.740  12.8807  28.0572     4.38   -10.76     2.79    8.630  nan      nan    nan   1.139     nan                            Gaia_DR3     -35.749     -23.207     -41.854       0.030     -29.298       0.022
Gaia DR3 2776974331442945920  13.9135907  13.8826621 14.208  2.309       4.812   7.7326  28.3110     3.94   -26.17     7.69   10.010  nan      nan    nan   1.159     nan                            Gaia_DR3     -39.840     -29.542     -30.897       0.028     -34.353       0.022
Gaia DR3 2801394033725563136  12.0111457  20.4087332 18.448  2.911       2.773  13.3018  28.5240     2.91      nan      nan    8.230  nan      nan    nan   1.117     nan                                None     -32.324     -25.287     -36.573       0.433     -23.029       0.168
Gaia DR3 2554701527538246144   7.0276540   4.1123157 10.197  0.875       4.887   4.2123  28.9232     8.46     3.22     0.21   10.404  nan      nan    nan   0.966     nan                            Gaia_DR3     -39.218     -29.139     -29.054       0.026     -32.536       0.018
Gaia DR3 2549944593559612928  12.2590060   2.4495047 15.645  2.430       0.809   5.4036  29.0804     7.18      nan      nan    6.667  nan      nan    nan   1.050     nan                                None     -26.232     -18.219     -26.152       0.049     -19.354       0.042
Gaia DR3 2765954338715121920   2.3838351  11.8702403 14.439  2.026       4.900   8.6520  29.1212     7.98    10.51     3.10    6.903  nan      nan    nan   1.071     nan                            Gaia_DR3     -24.828     -21.244     -22.564       0.034     -28.006       0.024
Gaia DR3 2527971055541755648   6.8395971  -4.8934217 17.962  3.400       3.722  12.5290  29.1613    10.50      nan      nan    7.561  nan      nan    nan   0.995     nan                                None     -28.452     -18.794     -32.746       0.178     -14.701       0.131
Gaia DR3 2542102876630511104   4.4375615  -1.0478757  9.677  0.807       3.390   9.9074  29.1770    10.42      nan      nan    7.043  nan      nan    nan   1.849     nan                                None     -25.893     -18.494     -22.379       0.065     -22.100       0.037
Gaia DR3 2552189998166465152  14.9718516   4.7780421 19.126  3.217       4.782   5.6984  29.1787     5.76      nan      nan    6.678  nan      nan    nan   1.011     nan                                None     -26.760     -18.540     -25.622       0.381     -25.174       0.248
Gaia DR3 2796078861371849600   7.6990098  20.1329374 16.316  2.775       4.168  13.0195  29.2539     4.27      nan      nan    7.724  nan      nan    nan   0.989     nan                                None     -29.293     -24.480     -24.252       0.058     -29.024       0.044
Gaia DR3 2778389845289192960  14.3521493  15.7269628 11.777  1.064       4.230   9.5431  29.3250     3.35    -3.50     1.15    6.987  nan      nan    nan   1.040     nan                            Gaia_DR3     -27.889     -20.740     -33.245       0.027     -23.924       0.015
Gaia DR3 2779315466576531456   9.8075143  13.7075891 15.231  2.394       2.964   6.4306  29.3923     5.28     0.55     4.56   10.286  nan      nan    nan   1.019     nan                            Gaia_DR3     -39.718     -31.016     -35.067       0.038     -35.451       0.028
Gaia DR3 2642366482974868352 358.4703504   0.2646465 16.423  2.827       2.594  13.3156  29.4238    11.89      nan      nan    7.828  nan      nan    nan   1.092     nan                                None     -26.873     -20.958     -24.728       0.076     -24.663       0.042
Gaia DR3 2776572627446861440  13.7133752  12.8227392 20.173  2.311       2.101   6.7399  29.6066     4.26      nan      nan    6.719  nan      nan    nan   1.093     nan                                None     -26.705     -19.743     -24.902       0.746     -17.374       0.575
Gaia DR3 2524614525716114432  13.8123333  -5.8088578 10.352  0.877       2.735  13.6782  29.6345     8.46   -56.48     0.20    8.624  nan      nan    nan   0.945     nan                            Gaia_DR3     -34.300     -21.541     -29.396       0.023     -20.722       0.023
Gaia DR3 2774334335305933824  11.5097089  10.4767806 10.244  0.686       4.646   3.6082  29.7616     5.54     9.49     0.20    6.562  nan      nan    nan   1.057     nan                            Gaia_DR3     -25.678     -19.207     -20.309       0.028     -15.674       0.021
Gaia DR3 2529899908174404736   9.9595330  -3.4563716 19.710  3.083       2.757  10.7342  29.8180     9.21      nan      nan    7.111  nan      nan    nan   0.954     nan                                None     -27.493     -18.156     -30.852       0.478     -20.564       0.485
Gaia DR3 2801394038019399168  12.0105226  20.4090770 14.709  2.247       4.051  13.3021  29.8956     2.91    -7.48     4.05    7.717  nan      nan    nan   1.049     nan                            Gaia_DR3     -30.309     -23.711     -36.762       0.033     -22.372       0.020
Gaia DR3 2590610301695386624  21.3363812  15.0733277 19.619  3.272       2.471  13.7169  29.8966     1.24      nan      nan    7.943  nan      nan    nan   0.982     nan                                None     -32.903     -22.486     -29.185       0.432     -20.671       0.304
Gaia DR3 2758849260217022848 356.5206623   8.6059202 17.791  2.960       3.967  13.2395  30.0519    10.46      nan      nan    7.662  nan      nan    nan   1.044     nan                                None     -25.632     -23.217     -29.806       0.154     -28.080       0.095
Gaia DR3 2646627189315151360 356.5414758   2.3999440 19.570  2.933       3.088  14.0990  30.2084    11.95      nan      nan    8.238  nan      nan    nan   1.164     nan                                None     -27.565     -22.849     -25.847       0.694     -17.769       0.390
Gaia DR3 2527971025477226112   6.8348882  -4.9098432 10.464  0.846       3.705  12.5460  30.2146    10.50     2.98     0.25    7.425  nan      nan    nan   0.983     nan                            Gaia_DR3     -27.941     -18.453     -32.609       0.023     -15.011       0.017
Gaia DR3 2770037856182075520 356.8584624  13.1546238 18.368  3.604       4.925  14.0402  30.2314     9.20      nan      nan    8.103  nan      nan    nan   1.093     nan                                None     -27.230     -25.856     -26.305       0.252     -34.217       0.227
Gaia DR3 2561735928054376832  23.0483570   4.6189718 15.559  2.574       4.094  13.4197  30.3921     3.07   -20.86     7.20    7.671  nan      nan    nan   1.901     nan                            Gaia_DR3     -31.990     -20.916     -25.418       0.102     -20.102       0.044
Gaia DR3 2748452102170148992   4.1015305   6.9434899 18.258  3.417       3.027   5.6860  30.4163     8.69      nan      nan    6.617  nan      nan    nan   1.142     nan                                None     -24.242     -19.246     -20.019       0.291     -19.214       0.173
Gaia DR3 2550474042768172928   9.2926039   2.2335728 16.136  2.697       3.905   5.0709  30.6446     8.18      nan      nan    6.577  nan      nan    nan   1.059     nan                                None     -25.289     -17.988     -20.378       0.065     -20.270       0.047
Gaia DR3 2528329638067201280   8.6231468  -3.8269013 16.427  2.693       4.840  11.1681  30.6471     9.72      nan      nan    7.111  nan      nan    nan   1.030     nan                                None     -27.189     -18.023     -29.295       0.073     -24.967       0.054
Gaia DR3 2788363519560163456  15.0909777  18.6578932 12.535  1.382       3.590  12.4816  30.6815     2.39   -20.30     1.12    7.355  nan      nan    nan   1.238     nan                            Gaia_DR3     -29.498     -21.949     -26.426       0.020     -26.591       0.015
Gaia DR3 2797713010528632192   3.5105649  19.8646331 13.627  2.017       4.575  13.9967  30.8829     5.56    -3.77     1.50    8.867  nan      nan    nan   1.343     nan                            Gaia_DR3     -32.286     -28.886     -37.483       0.020     -35.678       0.022
Gaia DR3 2770028132375790976 356.4048592  13.1525538  7.045  0.503       2.182  14.4458  30.9141     9.32      nan      nan    8.365  nan      nan    nan   1.504     nan                                None     -27.938     -26.743     -29.750       0.049     -23.348       0.040
Gaia DR3 2797713006233466496   3.5116110  19.8636624 15.887  2.812       4.925  13.9953  30.9906     5.56      nan      nan    8.902  nan      nan    nan   1.029     nan                                None     -32.414     -29.000     -38.587       0.042     -35.880       0.045
Gaia DR3 2448805054406727040   1.3833280  -1.5604820 17.091  2.869       2.207  12.2061  30.9970    11.45      nan      nan    7.263  nan      nan    nan   1.019     nan                                None     -25.833     -18.891     -28.653       0.120     -17.030       0.056
Gaia DR3 2795203237799177984  10.7778586  19.2205942 15.600  2.733       4.959  11.9797  31.2226     3.59   -39.22     9.59    7.199  nan      nan    nan   1.055     nan                            Gaia_DR3     -28.012     -22.221     -20.866       0.045     -24.585       0.037
Gaia DR3 2746262463419825536 359.8115019   7.2527970 11.505  1.019       3.244   9.9297  31.2388     9.88     1.00     0.30    6.904  nan      nan    nan   1.205     nan                            Gaia_DR3     -24.102     -20.383     -28.047       0.027     -22.975       0.016
Gaia DR3 2531696995505780352  18.1533914  -2.8605928 17.123  3.081       3.095  13.1111  31.2609     6.39      nan      nan    9.346  nan      nan    nan   1.039     nan                                None     -38.143     -24.314     -35.523       0.152     -18.809       0.083
Gaia DR3 2539799365410257664  16.6898965   3.6071208 15.206  2.897       2.317   7.7588  31.4340     5.45    -4.04    10.15   10.399  nan      nan    nan   1.109     nan                            Gaia_DR3     -42.104     -28.529     -47.176       0.043     -28.805       0.029
Gaia DR3 2444085533887025280   3.9785299  -4.9162458 18.517  3.633       2.808  13.5157  31.4719    11.38      nan      nan    7.530  nan      nan    nan   1.012     nan                                None     -27.552     -18.592     -24.493       0.248     -21.834       0.174
Gaia DR3 2780896358139585536   8.9231737  16.4685781 16.032  2.563       2.248   9.2335  31.6867     4.85      nan      nan    6.804  nan      nan    nan   0.920     nan                                None     -26.080     -20.972     -29.010       0.059     -22.316       0.049
Gaia DR3 2534647328800627456  18.9497443   0.0350247 12.576  1.412       0.978  11.6325  31.7118     5.49     3.71     0.72    7.098  nan      nan    nan   1.052     nan                            Gaia_DR3     -29.084     -18.924     -29.724       0.027     -17.609       0.022
Gaia DR3 2765378671362487936   0.6445837  10.5708361 18.271  3.081       2.105   9.6444  31.7350     8.81      nan      nan    6.842  nan      nan    nan   1.015     nan                                None     -24.124     -20.926     -23.776       0.188     -23.942       0.168
Gaia DR3 2443424899197799296   3.4306978  -6.0432674 20.156  2.689       4.404  14.7677  31.8297    11.77      nan      nan    8.080  nan      nan    nan   1.106     nan                                None     -29.396     -19.536     -32.854       1.054     -12.879       0.719
Gaia DR3 2549895111240632320  12.0309842   2.0415706 17.286  2.883       4.443   5.6793  31.8905     7.34      nan      nan    6.547  nan      nan    nan   0.976     nan                                None     -25.718     -17.825     -30.519       0.123     -21.640       0.124
Gaia DR3 2802932284851725952  11.1536607  22.1313639 12.348  1.465       4.818  14.9098  31.9289     2.73    -9.93     0.44    8.475  nan      nan    nan   1.193     nan                            Gaia_DR3     -33.073     -26.370     -36.571       0.020     -18.505       0.014
Gaia DR3 2763127391242224896 355.1002669  10.6219002 10.163  0.884       4.098  14.9189  31.9799    10.33   -29.92     0.21    8.198  nan      nan    nan   1.133     nan                            Gaia_DR3     -26.879     -25.585     -30.599       0.029     -19.560       0.016
Gaia DR3 2584307630462306432  14.5863070  12.0564617 15.156  2.902       0.229   6.7000  32.0288     4.17    17.76     4.80   10.584  nan      nan    nan   1.110     nan                            Gaia_DR3     -42.310     -30.837     -42.655       0.044     -30.460       0.030
Gaia DR3 2747036038569358976 359.5379999   8.7692041 13.791  2.303       4.973  10.2913  32.0619     9.58    19.18     1.08   10.129  nan      nan    nan   1.116     nan                            Gaia_DR3     -35.243     -30.478     -27.920       0.028     -22.787       0.011
Gaia DR3 2753283493701350656   1.7809555   9.9654314 18.550  3.312       2.912   8.3913  32.2316     8.64      nan      nan    6.700  nan      nan    nan   1.112     nan                                None     -23.935     -20.276     -25.421       0.345     -24.111       0.278
Gaia DR3 2585184211812090240  22.7042222  10.5099296 17.007  2.838       3.652  13.1294  32.4357     1.84      nan      nan    7.310  nan      nan    nan   1.002     nan                                None     -30.447     -20.346     -35.813       0.105     -22.044       0.061
Gaia DR3 2539481739697393280  16.9326404   2.6847124 18.436  3.332       3.810   8.4407  32.4809     5.58      nan      nan    6.690  nan      nan    nan   1.032     nan                                None     -27.123     -18.222     -29.840       0.225     -22.857       0.164
Gaia DR3 2540497520934504704   6.1177379  -3.0791393 15.388  2.373       2.099  10.9961  32.4862    10.34     3.63     7.04    6.948  nan      nan    nan   0.937     nan                            Gaia_DR3     -25.971     -17.733     -23.140       0.050     -18.934       0.032
Gaia DR3 2746037712074342784   1.5157533   7.9205864 17.922  0.273       2.247   8.2580  32.5191     9.22      nan      nan   10.481  nan      nan    nan   1.023     nan                                None     -37.334     -31.045     -35.761       0.190     -35.753       0.129
Gaia DR3 2431474792647093760   4.9509450  -6.5645634 15.936  2.539       2.508  14.6696  32.5715    11.41      nan      nan    7.776  nan      nan    nan   1.101     nan                                None     -28.735     -18.710     -32.710       0.058     -19.764       0.043
Gaia DR3 2641788346015985024 357.1364303  -1.0730920 13.849  2.025       1.732  15.1618  32.6029    12.56    11.26     2.50    8.120  nan      nan    nan   1.067     nan                            Gaia_DR3     -27.390     -21.245     -28.517       0.023     -18.503       0.016
Gaia DR3 2579931741687249280  17.9895886  10.0022120 16.553  3.030       4.271   8.5217  32.6542     3.54      nan      nan   10.467  nan      nan    nan   1.041     nan                                None     -42.681     -29.711     -36.638       0.080     -36.943       0.058
Gaia DR3 2527016443226549888   7.9885421  -5.5789402 15.154  2.609       1.335  12.9854  32.7255    10.28     4.86     3.11    9.658  nan      nan    nan   1.178     nan                            Gaia_DR3     -36.723     -23.821     -37.399       0.048     -26.454       0.036
Gaia DR3 2444415765332704896   1.1931928  -5.3093769 18.678  0.332       4.133  15.2495  32.7817    12.28      nan      nan    8.125  nan      nan    nan   1.009     nan                                None     -28.833     -19.795     -31.239       0.291     -26.452       0.161
Gaia DR3 2444511457203880448   2.4816840  -4.8795428 19.696  2.699       4.529  14.1927  32.7980    11.82      nan      nan    7.548  nan      nan    nan   1.115     nan                                None     -27.179     -18.587     -20.763       0.588     -15.306       0.385
Gaia DR3 2779871613301739136   6.8995481  13.6067344 13.982  2.302       2.430   6.9509  32.9444     6.20    16.88     1.68   10.676  nan      nan    nan   1.078     nan                            Gaia_DR3     -40.199     -32.659     -38.809       0.025     -37.947       0.018
Gaia DR3 2800304215837932288   5.3437277  22.0727499 11.569  1.429       2.980  15.4128  32.9464     4.44    -7.10     0.39    8.442  nan      nan    nan   1.991     nan                            Gaia_DR3     -31.317     -27.487     -36.540       0.037     -26.570       0.036
Gaia DR3 2800304314621808512   5.3440354  22.0863442 17.931  3.318       3.513  15.4257  32.9592     4.44      nan      nan    8.356  nan      nan    nan   0.969     nan                                None     -30.999     -27.210     -37.042       0.190     -25.876       0.153
Gaia DR3 2797563820544564352   4.7049504  19.7353241 12.737  1.503       4.823  13.4107  32.9678     5.25    16.45     0.86    7.316  nan      nan    nan   1.061     nan                            Gaia_DR3     -26.969     -23.625     -20.337       0.018     -20.258       0.016
Gaia DR3 2582002985371033216  11.9651554   9.4586090 15.026  2.879       4.050   3.0423  33.2089     5.64    -0.06     3.31   10.967  nan      nan    nan   1.840     nan                            Gaia_DR3     -43.059     -31.809     -44.689       0.063     -41.030       0.050
Gaia DR3 2648026700114020736 354.8812010   4.2129822 17.796  3.149       4.093  15.1758  33.2682    11.98      nan      nan    7.875  nan      nan    nan   0.953     nan                                None     -25.740     -22.516     -27.454       0.233     -15.940       0.113
Gaia DR3 2476091325235108608  15.6418803  -7.0486224 15.165  2.825       4.744  15.4570  33.2781     8.11   -11.06     5.99    8.671  nan      nan    nan   1.102     nan                            Gaia_DR3     -34.894     -21.456     -30.799       0.037     -29.102       0.039
Gaia DR3 2769223358582869632   2.4598224  14.9224464 16.876  2.568       2.666  10.5144  33.3349     7.17      nan      nan    6.834  nan      nan    nan   0.972     nan                                None     -24.603     -21.608     -21.943       0.102     -24.379       0.075
Gaia DR3 2778150774524922368  12.6290608  15.4971757 15.328  2.431       4.388   8.6678  33.4591     3.95    -9.70     5.66    6.655  nan      nan    nan   1.019     nan                            Gaia_DR3     -26.256     -19.948     -23.137       0.043     -14.641       0.030
Gaia DR3 2590587521188885376  21.0272870  14.9601149 12.498  1.637       1.670  13.4055  33.7602     1.37    -5.35     0.79    9.728  nan      nan    nan   1.261     nan                            Gaia_DR3     -40.244     -27.590     -40.675       0.021     -30.986       0.014
Gaia DR3 2795225331110978560  11.0487723  19.3081218 15.023  2.492       4.044  12.0900  33.8474     3.48   -14.11     2.94   10.057  nan      nan    nan   1.062     nan                            Gaia_DR3     -39.216     -30.995     -44.874       0.030     -24.552       0.021
Gaia DR3 2797261420487303808   2.4464421  19.0536261 13.585  2.009       3.546  13.7858  33.8919     6.07     4.76     1.15    9.643  nan      nan    nan   1.045     nan                            Gaia_DR3     -34.709     -31.462     -37.939       0.017     -37.906       0.019
Gaia DR3 2592134053012505088  21.7239964  15.5206838 16.570  2.727       3.577  14.2760  33.9396     1.01      nan      nan    7.415  nan      nan    nan   1.054     nan                                None     -30.766     -20.951     -27.617       0.081     -16.332       0.049
Gaia DR3 2790547149652883072  18.3524126  20.9559014 10.783  0.938       4.940  15.9738  34.1069     0.80    -5.74     0.23    8.345  nan      nan    nan   0.929     nan                            Gaia_DR3     -34.091     -24.362     -26.249       0.018     -20.619       0.011
Gaia DR3 2821622303192983808 357.5013567  17.8734014 10.735  0.913       1.037  16.0119  34.3099     7.75   -16.93     0.26    8.190  nan      nan    nan   1.011     nan                            Gaia_DR3     -27.762     -27.258     -29.196       0.018     -28.330       0.012
Gaia DR3 2647830128050877184 355.1265837   4.0647283 10.565  0.881       0.488  14.9696  34.3595    11.95   -17.34     0.27    7.564  nan      nan    nan   0.961     nan                            Gaia_DR3     -24.811     -21.569     -25.390       0.021     -21.049       0.013
Gaia DR3 2802168059845511808  11.6509361  21.9990225 15.357  2.395       1.513  14.8273  34.4615     2.61   -12.03     3.39    7.503  nan      nan    nan   1.107     nan                            Gaia_DR3     -29.391     -23.241     -28.344       0.043     -21.090       0.028
Gaia DR3 2579575023178687616  18.1612927   9.4877800 15.069  2.269       4.741   8.5408  34.5575     3.60   -11.96     5.41    6.588  nan      nan    nan   1.044     nan                            Gaia_DR3     -26.889     -18.642     -20.901       0.038     -15.904       0.029
Gaia DR3 2448032647488456064 359.8950658  -3.6480542 15.430  2.674       3.938  14.7478  34.5761    12.32     7.26     3.33    7.463  nan      nan    nan   1.280     nan                            Gaia_DR3     -26.080     -18.698     -30.939       0.065     -14.854       0.037
Gaia DR3 2510703710758830336  25.1587982   1.9142082  8.496  0.637       3.094  16.1954  34.6005     2.94      nan      nan    8.287  nan      nan    nan   1.056     nan                                None     -34.800     -22.275     -30.384       0.025     -25.393       0.016
Gaia DR3 2474586025097472128  13.4051437  -7.8458122  9.858  0.773       3.271  15.5391  34.6069     9.01    11.99     0.23    9.124  nan      nan    nan   1.009     nan                            Gaia_DR3     -36.192     -22.163     -29.962       0.024     -21.289       0.022
Gaia DR3 2548668438518437120   6.4922896   3.4879923 17.152  2.765       1.185   5.0339  34.9477     8.77      nan      nan    6.384  nan      nan    nan   1.014     nan                                None     -23.946     -17.769     -24.524       0.096     -19.255       0.072
Gaia DR3 2801726910869363456  11.6815461  21.5796677 18.704  3.443       2.934  14.4149  35.0306     2.71      nan      nan    7.320  nan      nan    nan   1.008     nan                                None     -28.680     -22.639     -30.156       0.327     -18.358       0.168
Gaia DR3 2792669894289324288   5.8050436  16.0923053 15.381  2.371       2.800   9.6513  35.2128     5.89     0.29     9.72    6.641  nan      nan    nan   0.939     nan                            Gaia_DR3     -24.747     -20.802     -22.332       0.055     -23.890       0.030
Gaia DR3 2532276433837886080  15.2009467  -2.7524362 11.156  1.157       0.957  11.3757  35.2405     7.36      nan      nan   10.407  nan      nan    nan   1.171     nan                                None     -41.766     -26.998     -43.744       0.038     -26.297       0.030
Gaia DR3 2796363360005536512   9.6185900  20.7803140 17.872  3.461       1.947  13.5048  35.2723     3.53      nan      nan    9.969  nan      nan    nan   1.149     nan                                None     -38.434     -31.243     -37.504       0.191     -35.227       0.134
Gaia DR3 2786483389036334848  21.0089816  19.8404211 11.605    nan       1.394  16.5993  35.4412     0.22   -17.44     0.79    8.299  nan      nan    nan   1.686     nan                            Gaia_DR3     -34.331     -23.659     -34.798       0.091     -21.266       0.034
Gaia DR3 2789030785679435904  13.7740475  19.2457479 14.516  2.555       4.618  12.5693  35.6555     2.66   -20.86     2.80   10.245  nan      nan    nan   1.296     nan                            Gaia_DR3     -40.737     -30.932     -42.058       0.033     -21.047       0.027
Gaia DR3 2803440740259321984  10.8493361  23.9411472 17.321  3.296       4.645  16.6933  35.7236     2.35      nan      nan    8.214  nan      nan    nan   1.395     nan                                None     -31.980     -25.764     -25.135       0.175     -29.987       0.124
Gaia DR3 2798058875655504384   2.3905647  19.5251656 18.258  3.258       3.952  14.2140  35.7786     5.96      nan      nan    7.197  nan      nan    nan   0.953     nan                                None     -25.890     -23.566     -22.493       0.177     -18.625       0.168
Gaia DR3 2787680271867269760  19.0616022  21.3626733 19.619  2.872       3.006  16.6753  35.9528     0.48      nan      nan    8.821  nan      nan    nan   1.046     nan                                None     -36.165     -25.599     -39.658       0.630     -29.964       0.323
Gaia DR3 2527016438930518912   7.9862407  -5.5802013 19.444  3.873       1.676  12.9870  36.0015    10.28      nan      nan   10.212  nan      nan    nan   0.932     nan                                None     -38.831     -25.188     -35.417       0.484     -26.360       0.395
Gaia DR3 2475165570804163712  16.9721625  -8.0183999 14.360  2.188       1.549  16.8752  36.0425     7.87     9.49     2.18    8.600  nan      nan    nan   1.116     nan                            Gaia_DR3     -34.876     -21.140     -32.067       0.039     -21.127       0.030
Gaia DR3 2646418629998596480 354.2189792   2.2119902 16.187  2.665       3.707  16.3482  36.3146    12.62      nan      nan    7.751  nan      nan    nan   1.029     nan                                None     -25.087     -21.474     -27.510       0.066     -27.025       0.047
Gaia DR3 2475161138397917312  17.0399253  -8.1074924 12.096  1.337       1.694  16.9843  36.3195     7.86     8.33     0.79    8.658  nan      nan    nan   0.966     nan                            Gaia_DR3     -35.123     -21.266     -32.037       0.022     -21.441       0.017
Gaia DR3 2591811758666698112  19.4554079  16.7077559 19.762  2.891       4.524  13.3230  36.4674     1.47      nan      nan    6.980  nan      nan    nan   1.083     nan                                None     -28.674     -20.077     -22.192       1.034     -21.592       0.546
Gaia DR3 2822135809482163456 358.8422589  19.0182073 17.673  2.856       3.388  15.8645  36.4696     7.08      nan      nan    7.535  nan      nan    nan   0.987     nan                                None     -25.991     -25.124     -29.345       0.121     -29.334       0.080
Gaia DR3 2430865010370394368   4.8547566  -7.7676893 11.338  0.954       2.132  15.8389  36.5114    11.68    -3.96     0.68    7.521  nan      nan    nan   0.829     nan                            Gaia_DR3     -27.765     -17.705     -29.698       0.025     -20.478       0.020
Gaia DR3 2557753320844340736  11.7380228   8.7534268 18.662  3.205       0.683   2.4042  36.5768     5.88      nan      nan    6.250  nan      nan    nan   0.992     nan                                None     -24.497     -18.049     -25.244       0.268     -17.546       0.238
Gaia DR3 2749348723838187136   5.9782680   8.8675601  9.362  0.681       2.591   4.1243  36.5774     7.66     2.38     0.23    6.287  nan      nan    nan   0.920     nan                            Gaia_DR3     -23.467     -18.545     -26.362       0.018     -20.392       0.015
Gaia DR3 2790760278815194624  18.5590469  21.9011475 19.984  2.891       1.293  16.8786  36.6647     0.51      nan      nan    7.959  nan      nan    nan   1.072     nan                                None     -32.550     -23.211     -34.417       0.572     -22.106       0.413
Gaia DR3 2760449015276000896 356.2041248  10.5302574  9.079  0.704       4.255  13.8387  36.7405    10.06    14.84     0.19   10.142  nan      nan    nan   0.984     nan                            Gaia_DR3     -33.779     -31.499     -40.870       0.021     -25.802       0.012
Gaia DR3 2561660680227359104  24.2725286   4.8608762 14.478  1.975       2.491  14.5700  36.9302     2.59   -27.11     2.92    7.157  nan      nan    nan   1.025     nan                            Gaia_DR3     -29.970     -19.478     -33.163       0.026     -21.462       0.016
Gaia DR3 2772068482358062976 359.5607179  15.2818586 18.366    nan       3.454  12.8508  36.9612     7.89      nan      nan   10.398  nan      nan    nan   1.490     nan                                None     -36.186     -33.463     -30.734       0.574     -38.714       0.248
Gaia DR3 2764815691345772672 355.0537737  13.0345066 15.030  2.323       3.393  15.6278  36.9948     9.71   -13.35     3.21    7.392  nan      nan    nan   1.071     nan                            Gaia_DR3     -24.221     -23.733     -29.223       0.032     -25.444       0.021
Gaia DR3 2787205317203681792  19.9581607  19.9388375 12.863  1.836       2.801  16.0282  37.0105     0.54    -8.02     0.79    9.526  nan      nan    nan   9.357     nan                            Gaia_DR3     -39.223     -27.404     -33.959       0.172     -25.425       0.100
Gaia DR3 2572169503127958016  27.2997597   9.0443723 15.921  2.856       3.818  17.3890  37.0329     0.60      nan      nan    8.431  nan      nan    nan   1.024     nan                                None     -35.603     -22.928     -29.959       0.063     -26.697       0.048
Gaia DR3 2822606915853758848 358.8757278  20.3630691 15.235    nan       4.325  16.8411  37.0355     6.70      nan      nan    7.831  nan      nan    nan   1.073     nan                                None     -27.021     -26.371     -34.098       0.110     -27.319       0.044
Gaia DR3 2740285827448360064 359.1562393   3.8981898 16.148  2.635       4.775  11.1380  37.0603    10.87      nan      nan    6.672  nan      nan    nan   0.996     nan                                None     -23.105     -18.870     -29.808       0.055     -19.306       0.034
Gaia DR3 2572263580091576448  27.3325257   9.0918846 10.914  0.988       3.704  17.4251  37.1123     0.58   -10.73     0.25    8.408  nan      nan    nan   0.828     nan                            Gaia_DR3     -35.509     -22.863     -30.066       0.018     -26.535       0.015
Gaia DR3 2533156287954008960  16.6313697  -0.9191465 15.698  2.390       3.732  10.6454  37.1463     6.48      nan      nan    6.621  nan      nan    nan   1.072     nan                                None     -26.799     -17.506     -21.767       0.061     -18.858       0.035
Gaia DR3 2557182919123209216  10.3415328   7.3744591 13.468  2.181       3.337   0.5247  37.1571     6.65    -8.52     1.51   11.525  nan      nan    nan  40.459     nan                            Gaia_DR3     -44.695     -33.073     -50.168       0.797     -27.089       0.623
Gaia DR3 2572591234556688384  27.2501640  10.2283878 15.460  2.607       4.024  17.4729  37.3113     0.35   -10.99     7.20    8.668  nan      nan    nan   0.878     nan                            Gaia_DR3     -36.598     -23.594     -29.649       0.049     -21.189       0.041
Gaia DR3 2819422283504426624 355.1002478  15.5164114 15.049  2.527       2.763  16.6042  37.3340     9.03    -7.91     4.52    9.354  nan      nan    nan   1.098     nan                            Gaia_DR3     -30.670     -30.826     -26.432       0.038     -27.401       0.023
Gaia DR3 2447396064613972352 357.7828212  -3.4120592 15.688  2.746       0.795  16.0812  37.3515    12.87    35.97    11.23    9.585  nan      nan    nan   2.104     nan                            Gaia_DR3     -32.613     -24.044     -32.431       0.181     -25.641       0.129
Gaia DR3 2819421596309634176 355.0365357  15.4522944 18.721  3.504       2.511  16.6284  37.3720     9.07      nan      nan    7.661  nan      nan    nan   1.077     nan                                None     -25.095     -25.238     -21.119       0.304     -24.439       0.190
Gaia DR3 2796032029048373376   6.9935073  19.5139591  6.149  1.130       3.879  12.5411  37.4185     4.64     5.66     0.12    6.805  nan      nan    nan   1.199     nan                            Gaia_DR3     -25.644     -21.606     -21.663       0.035     -17.717       0.024
Gaia DR3 2788712099105977600  14.8098311  20.0442880 19.829  0.451       2.968  13.6522  37.4210     2.14      nan      nan    6.956  nan      nan    nan   1.112     nan                                None     -27.848     -20.884     -24.620       0.713     -17.964       0.509
Gaia DR3 2425898413270689152  10.4376439 -10.0235439 16.718  2.810       1.541  17.3114  37.4283    10.39      nan      nan    8.017  nan      nan    nan   1.056     nan                                None     -31.114     -18.597     -32.510       0.100     -20.796       0.083
Gaia DR3 2739916906937547776   0.4556668   2.8950447 12.638  1.752       4.209  10.3049  37.5167    10.72     5.82     0.62   10.912  nan      nan    nan   1.269     nan                            Gaia_DR3     -38.390     -30.373     -28.765       0.023     -31.418       0.011
Gaia DR3 2566850576973457792  21.5771019   8.2859638 17.719  3.359       1.508  11.6902  37.5314     2.73      nan      nan    6.701  nan      nan    nan   0.917     nan                                None     -27.785     -18.613     -25.956       0.147     -17.522       0.084
Gaia DR3 2760864871188628224 352.4388228   8.2219209 10.031  0.754       3.912  17.2487  37.5787    11.64     5.65     0.25    7.922  nan      nan    nan   0.918     nan                            Gaia_DR3     -24.948     -24.149     -23.682       0.019     -30.559       0.016
Gaia DR3 2482813670607636608  19.3405289  -4.6616296 16.319  2.467       3.532  15.2565  37.6243     6.38      nan      nan    7.230  nan      nan    nan   1.284     nan                                None     -29.682     -18.543     -24.409       0.093     -19.624       0.071
Gaia DR3 2764185907404940416 352.5176870  11.5556478 18.677  3.935       0.812  17.5931  37.6469    10.76      nan      nan    8.201  nan      nan    nan   1.445     nan                                None     -25.857     -26.120     -27.174       0.403     -26.606       0.279
Gaia DR3 2572363910527770240  27.0030624   9.8294020 10.436  0.898       3.154  17.1780  37.6827     0.53    -4.35     0.27    9.141  nan      nan    nan   0.964     nan                            Gaia_DR3     -38.574     -24.906     -44.141       0.022     -22.469       0.017
Gaia DR3 2577164687532517120  18.3896951   8.1185056 14.574  2.489       4.001   8.5321  37.7668     3.85     4.61     4.67   11.167  nan      nan    nan   1.123     nan                            Gaia_DR3     -45.632     -31.362     -38.218       0.038     -37.173       0.023
Gaia DR3 2740287992111847168 359.0095472   3.9005034 17.371  2.867       3.507  11.2764  37.8675    10.91      nan      nan    6.639  nan      nan    nan   1.039     nan                                None     -22.948     -18.781     -18.042       0.100     -18.648       0.065
Gaia DR3 2572363906232822656  27.0015138   9.8287236 12.402  1.510       3.280  17.1764  37.9760     0.53    -5.00     0.89    9.240  nan      nan    nan   1.053     nan                            Gaia_DR3     -38.991     -25.175     -44.917       0.019     -22.785       0.018
Gaia DR3 2754664037924643072   7.8881521  11.6098129 18.713  4.126       3.500   4.7339  38.0337     6.39      nan      nan   11.514  nan      nan    nan   1.259     nan                                None     -43.741     -34.523     -38.803       0.411     -41.435       0.303
Gaia DR3 2572345631146781952  27.3136120   9.6844276  9.263  0.747       2.955  17.4645  38.0549     0.45    -5.67     0.19    7.919  nan      nan    nan   1.051     nan                            Gaia_DR3     -33.441     -21.543     -36.397       0.022     -17.594       0.017
Gaia DR3 2806254154292109056   7.8563001  23.8951093 16.283    nan       1.850  16.7247  38.0700     3.23      nan      nan    7.576  nan      nan    nan   0.904     nan                                None     -28.772     -24.375     -27.188       0.077     -21.880       0.056
Gaia DR3 2783197223658846336  11.2313167  19.0722241 13.134  1.518       3.545  11.8745  38.1148     3.49   -17.07     1.05    6.685  nan      nan    nan   3.718     nan                            Gaia_DR3     -26.104     -20.555     -23.133       0.062     -16.539       0.039
Gaia DR3 2546611316685377408   2.1085585   1.2814969 18.670  0.334       4.625   9.7495  38.1530    10.61      nan      nan    6.494  nan      nan    nan   0.960     nan                                None     -23.287     -17.640     -29.586       0.374     -18.293       0.224
Gaia DR3 2823365956835124992 357.8033390  20.5579438 15.098  2.395       2.517  17.6555  38.1579     6.93   -29.40     4.46    8.972  nan      nan    nan   1.034     nan                            Gaia_DR3     -30.533     -30.458     -25.893       0.033     -29.396       0.021
Gaia DR3 2739312175541762304   1.3288133   3.4967593 10.609  1.012       4.377   9.2605  38.1949    10.33   -12.82     0.23   11.146  nan      nan    nan   1.051     nan                            Gaia_DR3     -39.617     -31.251     -49.760       0.023     -29.547       0.019
Gaia DR3 2447195025785497984 357.7705396  -4.0807762 16.965  3.070       4.688  16.5421  38.2213    13.01      nan      nan    7.491  nan      nan    nan   0.994     nan                                None     -25.485     -18.553     -19.798       0.096     -23.294       0.080
Gaia DR3 2534076540531411200  21.4164163   0.0718679 17.368  2.728       2.608  13.6241  38.2511     4.64      nan      nan    6.890  nan      nan    nan   0.974     nan                                None     -28.549     -18.374     -24.993       0.128     -19.679       0.072
Gaia DR3 2581897741492428544  13.6809105   9.7878484 19.040  3.284       3.417   4.5681  38.3091     5.01      nan      nan   11.561  nan      nan    nan   1.131     nan                                None     -45.941     -33.378     -48.185       0.456     -25.359       0.321
Gaia DR3 2543706342541501440   6.4476707  -0.1999275 10.612  1.151       4.978   8.1993  38.3444     9.62     4.93     0.21   11.285  nan      nan    nan   0.912     nan                            Gaia_DR3     -42.313     -30.002     -33.039       0.017     -22.637       0.014
Gaia DR3 2446031295807561472 358.7231702  -5.7133535 16.902  2.979       4.704  17.0697  38.3886    13.07      nan      nan    9.419  nan      nan    nan   1.001     nan                                None     -32.438     -22.633     -36.365       0.073     -14.160       0.056
Gaia DR3 2641249757117045632 354.5419559  -0.7474191 14.750  2.533       3.204  17.2255  38.4146    13.20     4.90     4.52    7.709  nan      nan    nan   1.481     nan                            Gaia_DR3     -25.070     -20.271     -27.472       0.047     -24.891       0.037
Gaia DR3 2646043211201549568 355.5037678   1.0115955 17.780  3.275       2.180  15.5877  38.4329    12.55      nan      nan    9.984  nan      nan    nan   0.908     nan                                None     -32.927     -27.085     -34.309       0.168     -22.710       0.142
Gaia DR3 2524744268087971328  14.2524878  -5.4386755 16.435  2.846       2.763  13.4623  38.4938     8.24      nan      nan    6.850  nan      nan    nan   1.080     nan                                None     -27.323     -17.208     -25.866       0.079     -20.923       0.071
Gaia DR3 2512022471877057792  26.7026289   2.3064744 16.919  2.775       2.657  17.5353  38.5108     2.32      nan      nan    7.837  nan      nan    nan   0.994     nan                                None     -33.046     -21.061     -28.659       0.081     -20.911       0.071
Gaia DR3 2760148161406972672 357.1150150   9.6983068 14.257  2.392       0.818  12.7972  38.5513    10.02     5.72     3.18   10.666  nan      nan    nan   1.143     nan                            Gaia_DR3     -35.968     -32.697     -37.740       0.028     -32.208       0.015
Gaia DR3 2764704743751473920 354.4260835  12.5930308 15.592  2.497       4.733  16.0627  38.6053    10.00   -10.77     4.68    7.309  nan      nan    nan   1.052     nan                            Gaia_DR3     -23.729     -23.406     -18.155       0.041     -18.704       0.026
Gaia DR3 2776062355267228160  12.1199499  12.9510727 13.445  2.099       3.604   6.1081  38.6409     4.74    -9.14     1.43   11.510  nan      nan    nan   1.096     nan                            Gaia_DR3     -45.241     -34.128     -41.627       0.019     -26.164       0.017
Gaia DR3 2787205317208111232  19.9574614  19.9381724 15.119  2.469       3.650  16.0272  38.6834     0.54    -8.76     3.83    9.897  nan      nan    nan   1.077     nan                            Gaia_DR3     -40.753     -28.473     -33.164       0.039     -27.840       0.024
Gaia DR3 2572178677178087936  26.9345982   9.0722408 15.150  2.415       4.125  17.0318  38.6887     0.72    -8.37     4.20    7.583  nan      nan    nan   0.942     nan                            Gaia_DR3     -31.993     -20.653     -26.308       0.040     -23.993       0.033
Gaia DR3 2802099890124683520  12.0893411  21.7532433 20.164  2.451       4.783  14.6407  38.7679     2.54      nan      nan    7.006  nan      nan    nan   1.197     nan                                None     -27.532     -21.607     -33.201       1.000     -25.822       0.637
Gaia DR3 2781222771357950592  12.0038614  15.8756186 18.947  3.420       4.824   8.8598  38.7689     4.05      nan      nan    6.403  nan      nan    nan   0.955     nan                                None     -25.147     -19.302     -31.603       0.344     -20.148       0.263
Gaia DR3 2446459761745216256 358.5220460  -4.5228998 15.807  2.726       1.834  16.3216  38.8024    12.89      nan      nan    9.824  nan      nan    nan   1.101     nan                                None     -33.745     -24.154     -30.214       0.046     -25.555       0.034
Gaia DR3 2659835210182570496 352.0081648   3.9792923 18.001  3.331       2.897  18.0287  38.8140    12.79      nan      nan    8.942  nan      nan    nan   1.011     nan                                None     -27.964     -25.572     -27.742       0.190     -31.028       0.141
Gaia DR3 2472272515193012224  18.6484568  -8.4739983 15.003  2.378       4.481  18.0417  38.8263     7.40    -0.91     3.76    8.935  nan      nan    nan   1.047     nan                            Gaia_DR3     -36.558     -22.002     -42.715       0.048     -16.228       0.047
Gaia DR3 2804142675354916736  14.9895828  23.9105544    nan    nan       4.768  17.3561  38.8643     1.12      nan      nan    7.676  nan      nan    nan   1.111     nan                                None     -30.765     -23.187     -23.524       1.083     -20.522       0.943
Gaia DR3 2589064014684818688  25.4029806  15.0267115 11.912  1.349       3.443  17.1260  38.8803    -0.11    -5.78     0.79    9.525  nan      nan    nan   1.159     nan                            Gaia_DR3     -40.025     -26.231     -43.064       0.019     -32.440       0.014
Gaia DR3 2779105455560649344   7.3021226  13.4375810 19.529  3.060       4.561   6.6400  38.9921     6.12      nan      nan    6.276  nan      nan    nan   0.981     nan                                None     -23.717     -19.134     -20.908       0.423     -13.794       0.354
Gaia DR3 2534076540531361792  21.4143955   0.0767964 12.096  1.153       2.162  13.6198  39.0197     4.64    16.61     0.78    6.834  nan      nan    nan   1.130     nan                            Gaia_DR3     -28.318     -18.225     -25.556       0.024     -19.664       0.015
Gaia DR3 2776919080983656320  14.0266519  13.6327085 13.788  2.132       1.643   7.5812  39.0210     3.97   -28.23     1.45   11.442  nan      nan    nan   1.073     nan                            Gaia_DR3     -45.576     -33.707     -49.467       0.026     -34.461       0.016
Gaia DR3 2750774859138956288   7.8986726   9.6687676 15.259  2.921       2.129   3.0558  39.0305     6.87    25.17     4.31   11.728  nan      nan    nan   6.880     nan                            Gaia_DR3     -44.559     -34.608     -48.959       0.291     -37.499       0.200
Gaia DR3 2805095848856762752  12.8801784  25.3250079 19.838  0.742       3.435  18.2827  39.0346     1.39      nan      nan    8.765  nan      nan    nan   1.006     nan                                None     -34.642     -27.070     -38.545       0.459     -22.063       0.337
Gaia DR3 2782189207719019776   9.3801056  16.3113967 17.519  2.966       2.153   9.0447  39.0652     4.75      nan      nan    6.401  nan      nan    nan   1.033     nan                                None     -24.629     -19.656     -26.652       0.115     -17.571       0.091
Gaia DR3 2820961840301458304 354.1736846  17.2455690 14.854  2.310       0.807  18.2332  39.1045     8.80   -17.51    10.12    8.144  nan      nan    nan   1.010     nan                            Gaia_DR3     -26.340     -27.421     -25.594       0.027     -26.254       0.018
Gaia DR3 2776919080983656448  14.0293221  13.6322549 14.318  2.308       2.131   7.5823  39.1995     3.97   -27.87     2.37   11.468  nan      nan    nan   1.081     nan                            Gaia_DR3     -45.679     -33.782     -50.809       0.029     -34.248       0.021
Gaia DR3 2529075484907959552  10.3051519  -3.8957226 16.322  2.928       1.853  11.1831  39.3167     9.20      nan      nan   11.057  nan      nan    nan   1.033     nan                                None     -42.867     -28.082     -41.035       0.076     -31.994       0.068
Gaia DR3 2377631948753405952  10.8420752 -11.0740167 18.049  3.560       4.248  18.3791  39.3204    10.46      nan      nan    8.838  nan      nan    nan   0.938     nan                                None     -34.408     -20.189     -38.244       0.233     -27.113       0.171
Gaia DR3 2512424751398933248  26.7586684   3.2586355 17.896  3.077       2.246  17.3335  39.3927     2.09      nan      nan    7.574  nan      nan    nan   0.933     nan                                None     -31.943     -20.412     -29.108       0.150     -18.216       0.129
Gaia DR3 2377825737678147328  11.7030136  -9.9939284 14.004  1.986       4.210  17.3722  39.4367     9.98     8.55     2.43    7.581  nan      nan    nan   0.998     nan                            Gaia_DR3     -29.706     -17.707     -25.265       0.022     -22.760       0.020
Gaia DR3 2847703749794867200 357.7584557  21.7314232  9.876  0.757       1.683  18.5586  39.4785     6.61     2.77     0.34    8.646  nan      nan    nan   0.836     nan                            Gaia_DR3     -29.408     -29.614     -27.984       0.020     -26.897       0.011
Gaia DR3 2553280408758916480  13.2251195   5.6477668 12.031  1.021       0.711   3.7536  39.5364     6.13    13.43     0.53    6.160  nan      nan    nan   1.114     nan                            Gaia_DR3     -24.403     -17.288     -23.480       0.025     -17.261       0.018
Gaia DR3 2746698454139943936   0.4554870   7.9727004 13.748  2.457       4.092   9.3092  39.5671     9.51     4.55     1.32   11.343  nan      nan    nan   5.212     nan                            Gaia_DR3     -39.905     -33.719     -45.317       0.095     -41.870       0.061
Gaia DR3 2538790804009930752  18.3145954   2.7653403 16.456  3.011       1.766   9.5860  39.5751     5.10      nan      nan   11.311  nan      nan    nan   1.140     nan                                None     -46.201     -30.774     -44.817       0.101     -26.798       0.063
Gaia DR3 2806254154292109184   7.8561743  23.8946109 15.533  2.677       1.862  16.7242  39.6335     3.23      nan      nan    7.354  nan      nan    nan   1.048     nan                                None     -27.932     -23.664     -26.419       0.038     -21.204       0.029
Gaia DR3 2761004676668886144 351.0159530   8.1435270 19.302  2.953       4.629  18.6542  39.6391    12.03      nan      nan    8.568  nan      nan    nan   1.124     nan                                None     -26.364     -26.184     -24.708       0.450     -34.379       0.351
Gaia DR3 2821914738925637632 356.2710391  18.4919201 16.642  2.871       4.242  17.3084  39.6493     7.91      nan      nan    7.525  nan      nan    nan   1.054     nan                                None     -25.085     -25.348     -20.524       0.063     -30.296       0.045
Gaia DR3 2448275119865691648   1.2544269  -3.4358447 18.908  3.147       4.306  13.7064  39.6793    11.88      nan      nan    6.799  nan      nan    nan   1.068     nan                                None     -24.146     -17.134     -27.135       0.273     -22.534       0.217
 Gaia DR3 289805877530765824  21.1516706  22.4545351 16.397  2.859       1.108  18.6922  39.7803    -0.44      nan      nan    8.353  nan      nan    nan   1.000     nan                                None     -34.574     -23.773     -33.725       0.074     -22.016       0.041
Gaia DR3 2738414974053816320   0.4477920   1.2552532 18.022  3.803       4.210  11.1159  39.7889    11.10      nan      nan   11.140  nan      nan    nan   0.951     nan                                None     -39.189     -30.274     -48.617       0.162     -33.249       0.084
Gaia DR3 2800106952284396416   7.1071752  23.1301213 17.217  2.820       1.740  16.0664  39.7893     3.65      nan      nan    7.181  nan      nan    nan   1.002     nan                                None     -27.091     -23.179     -29.713       0.096     -22.920       0.068
Gaia DR3 2846740646328554752   0.3670807  21.3185900 16.421  2.847       1.503  16.7508  39.8140     6.03      nan      nan    7.339  nan      nan    nan   1.876     nan                                None     -25.793     -24.643     -27.454       0.094     -26.271       0.063
Gaia DR3 2643483238895122944 357.4507083   1.4254151 19.636  2.997       3.075  13.6479  39.8571    11.92      nan      nan    6.780  nan      nan    nan   1.082     nan                                None     -22.966     -18.502     -27.327       0.458     -19.045       0.362
Gaia DR3 2792198233865100928  16.8817074  24.0640185 16.010  2.599       2.169  18.0996  39.9153     0.51      nan      nan    7.792  nan      nan    nan   0.994     nan                                None     -31.584     -23.120     -35.011       0.060     -24.092       0.040
Gaia DR3 2849735716002046336   1.3325186  23.9879220 16.060  2.542       3.746  18.5875  39.9489     5.02      nan      nan    8.101  nan      nan    nan   0.959     nan                                None     -28.794     -27.455     -23.572       0.049     -23.761       0.052
