GaiaDR3                               RA         DEC   Gmag  Bp-Rp  Voff(km/s) Sep(deg)   3D(pc) Vr(pred)  Vr(obs)    Vrerr Plx(mas)  SpT    FnuvJ  W1-W3    RUWE  XCrate                               RVsrc    PMRApred   PMDecpred        PMRA     PMRAerr       PMDec    PMDecerr
 Gaia DR3 852857845015534080 152.1027773  55.5399563 10.315  0.755       0.000   0.0000   0.0000     5.32     5.32     0.21    6.297  nan      nan    nan   1.067     nan                            Gaia_DR3     -21.596     -26.714     -21.596       0.013     -26.714       0.015
 Gaia DR3 852857845015942400 152.1035046  55.5394652 15.443    nan       0.248   0.0006   0.4625     5.32      nan      nan    6.315  nan      nan    nan   1.181     nan                                None     -21.659     -26.792     -21.971       0.053     -26.899       0.067
Gaia DR3 1045011825684410240 152.0702665  55.5909228 11.478  0.966       0.297   0.0542   0.8784     5.30     5.66     0.53    6.263  nan      nan    nan   1.026     nan                            Gaia_DR3     -21.464     -26.586     -21.761       0.016     -26.842       0.021
 Gaia DR3 852150068765116800 154.6486410  54.7175622 19.073    nan       1.922   1.6717   6.2685     5.18      nan      nan    6.136  nan      nan    nan   1.084     nan                                None     -22.151     -25.148     -24.419       0.427     -24.131       0.514
 Gaia DR3 852744045562133248 152.3238249  54.7693367 16.586  3.102       2.237   0.7809   7.3582     5.55      nan      nan    6.589  nan      nan    nan   1.028     nan                                None     -22.703     -27.781     -19.609       0.045     -28.068       0.048
 Gaia DR3 854870741568553856 156.2384200  57.1912242 17.229  2.696       2.323   2.8230   8.6690     4.07      nan      nan    6.456  nan      nan    nan   0.986     nan                                None     -24.010     -26.189     -26.061       0.068     -23.781       0.076
Gaia DR3 1021330892138862336 144.2995537  54.2225167 12.612  1.297       0.849   4.6754  13.0167     6.96    31.27     0.68    6.264  nan      nan    nan   1.008     nan                            Gaia_DR3     -17.769     -28.578     -18.770       0.012     -29.083       0.013
 Gaia DR3 853525042415266048 157.1690299  55.0731399 17.083  2.801       2.427   2.9205  14.3039     4.62      nan      nan    5.868  nan      nan    nan   0.986     nan                                None     -22.190     -23.308     -23.960       0.056     -20.882       0.060
 Gaia DR3 851958719382212352 156.1228884  54.2218174 15.686  2.443       2.610   2.6614  15.6015     5.08      nan      nan    5.801  nan      nan    nan   1.090     nan                                None     -21.526     -23.275     -24.718       0.029     -23.234       0.029
Gaia DR3 1026334700836998016 142.6790223  58.0545211 14.887  2.317       1.979   5.7339  15.9075     5.70   -14.84     3.07    6.283  nan      nan    nan   1.076     nan                            Gaia_DR3     -17.006     -29.637     -17.181       0.023     -27.022       0.021
Gaia DR3 1025750031233659520 141.3898466  56.6019299 18.645  3.261       2.424   6.0666  16.8401     6.42      nan      nan    6.278  nan      nan    nan   1.113     nan                                None     -16.332     -29.723     -19.480       0.174     -30.344       0.179
Gaia DR3 1025750344766732544 141.4300199  56.6099168 13.502  1.638       2.918   6.0454  16.9695     6.41    11.79     2.38    6.219  nan      nan    nan   1.134     nan                            Gaia_DR3     -16.200     -29.437     -19.760       0.013     -30.838       0.013
 Gaia DR3 828474731560715520 147.6613105  52.8179352  9.190  0.651       2.379   3.7624  17.4355     6.99      nan      nan    6.921  nan      nan    nan   4.787     nan                                None     -21.450     -30.356     -20.219       0.045     -33.602       0.052
Gaia DR3 1025750344765954176 141.4298630  56.6103825 16.812    nan       2.032   6.0455  17.4849     6.41      nan      nan    6.543  nan      nan    nan   1.388     nan                                None     -17.044     -30.971     -19.430       0.096     -29.500       0.085
Gaia DR3 1024285413026020864 140.0246196  56.4825272 17.853  3.079       2.668   6.8084  19.0028     6.62      nan      nan    6.239  nan      nan    nan   0.984     nan                                None     -15.530     -29.840     -12.316       0.098     -31.250       0.094
 Gaia DR3 854101354011373056 161.1734276  56.7300984 18.342  2.668       2.305   5.1885  19.1331     3.36      nan      nan    5.855  nan      nan    nan   3.031     nan                                None     -23.643     -22.070     -24.574       0.301     -19.382       0.340
 Gaia DR3 848221273200944384 153.3466882  51.8263291 17.413  2.902       1.979   3.7858  20.3538     6.39      nan      nan    5.685  nan      nan    nan   1.031     nan                                None     -20.002     -23.317     -21.580       0.073     -25.087       0.083
Gaia DR3 1022982594826185984 139.8829640  53.7553436 19.752  3.015       2.868   7.2816  20.4426     7.71      nan      nan    6.207  nan      nan    nan   1.470     nan                                None     -15.377     -29.271     -14.240       0.487     -32.848       0.443
 Gaia DR3 848366683613755392 155.7358713  51.3152207 10.847  1.006       2.842   4.7455  20.5689     6.12    24.91     0.85    5.744  nan      nan    nan  13.923     nan                            Gaia_DR3     -21.165     -22.817     -24.119       0.179     -21.051       0.235
 Gaia DR3 851054027471103488 162.7743805  56.2375986  7.453  0.028       1.516   6.0190  21.3200     3.21    -9.08     0.14    6.914  nan      nan    nan   0.908     nan                            Gaia_DR3     -28.596     -25.366     -29.929       0.020     -27.128       0.023
Gaia DR3 1052124811218542208 154.4595226  62.9520410 15.172  2.343       1.883   7.5081  21.6039     2.37      nan      nan    6.118  nan      nan    nan   1.039     nan                                None     -22.004     -25.836     -19.818       0.021     -26.895       0.025
 Gaia DR3 827958888808752896 147.1694095  51.3180289 14.254  1.952       2.830   5.1416  21.6135     7.61    -1.12     5.02    5.733  nan      nan    nan   3.697     nan                            Gaia_DR3     -17.551     -25.033     -19.404       0.092     -27.908       0.080
 Gaia DR3 826470631101227776 148.4093488  49.0204172 16.415  2.681       2.935   6.8975  22.1679     8.23      nan      nan    6.832  nan      nan    nan   0.996     nan                                None     -21.565     -29.024     -25.340       0.044     -30.924       0.038
Gaia DR3 1047459858260159232 154.6295661  58.9130233 19.256  2.981       2.507   3.6392  22.1909     3.75      nan      nan    5.610  nan      nan    nan   1.016     nan                                None     -20.243     -23.383     -18.802       0.154     -20.791       0.211
 Gaia DR3 851062853627545216 162.3023365  56.2568949 10.486  0.863       0.414   5.7578  22.2822     3.29    -4.31     3.49    7.021  nan      nan    nan   5.231     nan                            Gaia_DR3     -28.836     -25.956     -28.892       0.065     -26.566       0.072
 Gaia DR3 855424173874272896 159.2194341  58.5757743 10.349  0.774       2.392   4.9144  23.5412     3.12    29.63     0.22    7.193  nan      nan    nan   1.020     nan                            Gaia_DR3     -28.164     -28.099     -31.584       0.010     -29.309       0.013
 Gaia DR3 861744162415473920 164.5105402  60.7504334 20.200  2.639       2.279   8.3457  23.5734     1.54      nan      nan    6.570  nan      nan    nan   0.988     nan                                None     -27.843     -23.652     -30.905       0.411     -22.887       0.522
 Gaia DR3 855584702571839616 161.5801802  59.5179825 15.863  2.522       2.067   6.4486  23.7057     2.42      nan      nan    5.766  nan      nan    nan   1.021     nan                                None     -23.430     -21.767     -22.990       0.028     -24.241       0.037
Gaia DR3 1038558246480295936 139.7704301  59.6925542 19.802  2.879       1.749   7.7839  23.9670     5.37      nan      nan    6.813  nan      nan    nan   1.060     nan                                None     -16.813     -33.130     -15.497       0.273     -35.269       0.304
Gaia DR3 1038455991899787264 137.4626365  58.9772181 11.126  0.872       2.938   8.6090  24.5234     5.89     1.69     0.29    6.133  nan      nan    nan   1.202     nan                            Gaia_DR3     -13.946     -30.238     -17.221       0.012     -32.161       0.016
 Gaia DR3 825895788382069504 145.5133126  48.9835343 19.210  3.152       2.616   7.6899  25.3452     8.72      nan      nan    6.965  nan      nan    nan   1.025     nan                                None     -20.427     -30.390     -16.613       0.221     -29.939       0.235
Gaia DR3 1018207694999325056 140.9245885  49.9530720 19.502  0.450       1.150   8.7569  25.6579     9.04      nan      nan    6.040  nan      nan    nan   2.106     nan                                None     -15.484     -27.558     -14.370       0.434     -28.508       0.455
 Gaia DR3 835306478341160704 158.7736367  50.2782509 14.280  1.963       2.606   6.6172  25.9336     5.85    -4.48     3.59    7.175  nan      nan    nan   1.072     nan                            Gaia_DR3     -27.884     -27.220     -24.892       0.016     -29.785       0.018
Gaia DR3 1025295451894647680 145.7929421  57.0151186 17.247  3.115       0.792   3.7991  26.0604     5.71      nan      nan    5.485  nan      nan    nan   1.035     nan                                None     -16.207     -25.042     -15.505       0.073     -25.629       0.074
 Gaia DR3 844167236390451456 168.5720931  55.5305678 14.270  1.902       1.643   9.2981  26.1255     2.26   -27.63     2.50    6.187  nan      nan    nan   1.130     nan                            Gaia_DR3     -27.596     -20.422     -26.961       0.012     -22.468       0.015
 Gaia DR3 832347280233018112 161.0997876  47.8712756 11.531  0.980       2.964   9.4649  26.1793     6.09    -1.55     0.37    6.459  nan      nan    nan   0.964     nan                            Gaia_DR3     -26.053     -23.377     -25.377       0.012     -19.399       0.015
 Gaia DR3 833740327106226688 158.7636805  46.9407351 11.413  1.065       1.790   9.5467  26.3703     6.89    -2.98     0.67    6.437  nan      nan    nan  17.286     nan                            Gaia_DR3     -25.015     -23.923     -22.632       0.259     -24.390       0.324
Gaia DR3 1018987420543047424 140.8860483  50.5236873 13.037  1.675       2.717   8.3898  26.6507     8.83   -45.56     2.78    5.873  nan      nan    nan  18.785     nan                            Gaia_DR3     -15.036     -26.910     -13.706       0.250     -23.821       0.249
Gaia DR3 1038558246481201664 139.7708552  59.6932579 15.825  2.589       1.810   7.7840  27.0285     5.37      nan      nan    7.093  nan      nan    nan   0.997     nan                                None     -17.505     -34.492     -15.060       0.024     -35.653       0.030
 Gaia DR3 825465265156852352 144.0738473  47.8970621 16.875  2.873       2.933   9.1059  27.2485     9.34      nan      nan    6.836  nan      nan    nan   0.975     nan                                None     -19.269     -29.948     -22.412       0.055     -32.775       0.044
 Gaia DR3 830874170874600704 160.1443259  47.6116900 17.346  2.919       2.645   9.3583  27.5029     6.38      nan      nan    6.018  nan      nan    nan   1.033     nan                                None     -23.917     -22.045     -21.562       0.063     -24.434       0.085
 Gaia DR3 834062140414434304 158.9103212  48.2347776 17.824    nan       1.751   8.4182  27.5163     6.46      nan      nan    7.023  nan      nan    nan   0.982     nan                                None     -27.358     -26.271     -24.800       0.115     -25.851       0.211
Gaia DR3 1046834064344636032 151.0749379  58.6578793 15.534  2.427       1.534   3.1674  28.0760     4.37    -0.54     5.52    7.581  nan      nan    nan   1.028     nan                            Gaia_DR3     -25.435     -32.974     -25.040       0.020     -30.554       0.034
Gaia DR3 1039939611042748160 141.0133711  61.7728634  8.400  0.436       2.663   8.4705  28.2340     4.41     2.13     2.97    7.079  nan      nan    nan   0.979     nan                            Gaia_DR3     -18.197     -34.349     -22.115       0.017     -33.690       0.019
 Gaia DR3 860812055728248960 168.4993597  59.6988229 14.489  2.041       1.023   9.6820  28.2824     1.13    -4.76     2.50    6.029  nan      nan    nan   1.104     nan                            Gaia_DR3     -26.872     -20.089     -25.845       0.016     -19.292       0.019
 Gaia DR3 861674858822749440 162.8633018  60.3529688 18.305  3.074       0.694   7.4527  28.4597     1.94      nan      nan    5.646  nan      nan    nan   1.072     nan                                None     -23.381     -20.903     -22.667       0.107     -21.318       0.116
Gaia DR3 1045811415451780480 152.4098258  57.9462574 14.979  2.310       2.520   2.4122  28.6256     4.42    -6.83     4.60    7.643  nan      nan    nan   0.972     nan                            Gaia_DR3     -26.382     -32.638     -30.436       0.026     -32.412       0.021
Gaia DR3 1030105613403903872 133.9191447  55.1486609 14.574  2.091       2.842  10.3178  28.7221     7.79     5.01     2.49    6.568  nan      nan    nan   1.057     nan                            Gaia_DR3     -12.929     -32.468     -12.617       0.020     -36.390       0.016
 Gaia DR3 861837380385532544 164.5369126  61.3493981 18.703  3.158       2.815   8.6975  28.8327     1.36      nan      nan    5.782  nan      nan    nan   1.045     nan                                None     -24.511     -20.823     -27.673       0.151     -22.156       0.165
 Gaia DR3 860919945307183872 169.7721804  60.1826494 15.675  2.491       1.436  10.4398  28.9509     0.76      nan      nan    6.535  nan      nan    nan   1.030     nan                                None     -29.553     -21.220     -28.406       0.025     -19.608       0.031
Gaia DR3 1047164428933506304 155.3896242  58.0253952 17.849  3.059       1.217   3.0684  29.2694     3.93      nan      nan    5.359  nan      nan    nan   1.042     nan                                None     -19.620     -22.052     -20.637       0.075     -22.977       0.104
 Gaia DR3 839287840008309120 169.2388612  52.3771114 11.763  1.444       2.856  10.5352  29.3254     2.96    16.00     0.49    6.577  nan      nan    nan   4.395     nan                            Gaia_DR3     -29.566     -21.235     -33.420       0.040     -20.327       0.046
Gaia DR3 1039924252239733376 140.9898998  61.6049502 10.128  0.851       1.655   8.3666  29.8494     4.48    -3.17     0.18    5.681  nan      nan    nan   1.627     nan                            Gaia_DR3     -14.594     -27.558     -16.441       0.020     -28.279       0.027
 Gaia DR3 839169543726524928 166.1877818  51.2012213 19.134  3.289       0.719   9.4340  29.9404     3.98      nan      nan    5.832  nan      nan    nan   1.140     nan                                None     -25.268     -19.820     -25.695       0.209     -19.045       0.220
