GaiaDR3                               RA         DEC   Gmag  Bp-Rp  Voff(km/s) Sep(deg)   3D(pc) Vr(pred)  Vr(obs)    Vrerr Plx(mas)  SpT    FnuvJ  W1-W3    RUWE  XCrate                               RVsrc    PMRApred   PMDecpred        PMRA     PMRAerr       PMDec    PMDecerr
Gaia DR3 2556231154370582400  11.4802351   6.3470317 12.049  1.353       0.000   0.0000   0.0000   -26.53      nan      nan    8.688  nan      nan    nan   1.597     nan                                None      -1.850      10.446      -1.850       0.027      10.446       0.026
Gaia DR3 2537272133638202240  14.3208745   0.6135481 11.386  1.055       2.339   6.3957  15.6986   -26.98      nan      nan    8.101  nan      nan    nan   0.977     nan                                None       0.563       5.162       4.475       0.024       5.973       0.024
Gaia DR3 2748426199223890048   3.8087775   6.7924433 18.366  3.264       2.223   7.6340  15.8686   -26.11      nan      nan    9.105  nan      nan    nan   0.982     nan                                None      -8.844      11.257      -4.595       0.201      10.856       0.148
Gaia DR3 2564794593309163392  19.7305138   7.0293233 19.458  0.766       2.946   8.2223  17.1223   -26.33      nan      nan    8.430  nan      nan    nan   1.044     nan                                None       5.112      10.666      10.319       0.547      11.220       0.367
Gaia DR3 2578605528801094656  19.0600115   8.0279755 17.097  2.863       2.899   7.7054  17.7109   -26.25      nan      nan    9.491  nan      nan    nan   3.985     nan                                None       5.126      12.935       4.178       0.717       7.212       0.536
Gaia DR3 2778536634386736896  12.9933212  15.7599546 17.512  3.289       2.475   9.5291  19.2999   -25.26      nan      nan    9.055  nan      nan    nan   3.041     nan                                None      -0.566      19.037      -4.602       0.464      21.492       0.357
Gaia DR3 2540881868967033984   6.3737918  -2.7723227 19.859  2.683       0.785  10.4479  22.6157   -26.90      nan      nan    9.571  nan      nan    nan   1.063     nan                                None      -6.882       2.891      -8.419       0.842       3.271       0.542
Gaia DR3 2532977617314380800  17.4209963  -0.9291124 17.730  3.067       2.159   9.3866  22.8942   -27.00      nan      nan    7.895  nan      nan    nan   1.049     nan                                None       2.981       3.820       6.025       0.142       5.731       0.102
Gaia DR3 2538099073757293696  16.6476657   1.0834292 17.272  2.939       2.276   7.3673  23.4671   -26.92      nan      nan    7.553  nan      nan    nan   1.046     nan                                None       2.272       5.164       1.419       0.126       1.642       0.079
Gaia DR3 2540555790755342848   5.2746374  -2.8188070 18.822  0.440       1.649  11.0636  23.6158   -26.83      nan      nan    8.243  nan      nan    nan   0.947     nan                                None      -6.820       2.458      -5.575       0.322       5.040       0.198
Gaia DR3 2546428321014877824   3.8935866   1.3273067 16.883  3.002       1.840   9.0807  24.9543   -26.56      nan      nan    7.647  nan      nan    nan   5.011     nan                                None      -7.364       5.400      -7.699       0.429       2.452       0.280
Gaia DR3 2540555863770173696   5.2750081  -2.8150335 10.917  0.926       1.599  11.0603  25.5806   -26.83      nan      nan    7.944  nan      nan    nan   0.963     nan                                None      -6.572       2.372      -4.889       0.021       4.455       0.015
Gaia DR3 2754111155374632960   6.1514376  10.4397215 11.723  1.414       2.390   6.6729  26.1070   -25.85      nan      nan    7.313  nan      nan    nan   1.050     nan                                None      -5.419      11.632      -7.706       0.025      14.521       0.017
Gaia DR3 2525500285411569280  12.6317964  -5.3141597  7.887  0.499       1.843  11.7177  26.1833   -27.15      nan      nan    8.032  nan      nan    nan   1.224     nan                                None      -0.791       0.369      -0.347       0.038      -2.719       0.035
Gaia DR3 2740987380289967360   2.6295166   4.4145587 18.462  3.804       1.996   9.0206  26.3245   -26.23      nan      nan   10.581  nan      nan    nan   0.900     nan                                None     -11.499      10.635     -15.017       0.289       7.907       0.182
Gaia DR3 2560177954437454080  22.2213069   3.8495877 16.510 -0.199       2.788  10.9852  26.3749   -26.47      nan      nan    7.835  nan      nan    nan   1.053     nan                                None       6.677       7.468       2.388       0.092       5.789       0.042
Gaia DR3 2525500285411568768  12.6325161  -5.3119270 15.933  2.363       2.294  11.7156  26.8143   -27.15      nan      nan    7.946  nan      nan    nan   1.144     nan                                None      -0.782       0.367      -4.314       0.121      -1.146       0.115
Gaia DR3 2540455391599366784   5.7862119  -3.4221493 19.366  3.646       2.391  11.3031  28.3967   -26.88      nan      nan    7.686  nan      nan    nan   1.022     nan                                None      -5.972       1.830      -9.391       0.489       0.010       0.342
Gaia DR3 2558288924741493760  22.8757154   1.3866154 18.715  3.346       2.020  12.4011  28.6707   -26.59      nan      nan    7.878  nan      nan    nan   0.967     nan                                None       7.220       5.610       4.198       0.310       7.069       0.149
Gaia DR3 2529358673575568640  12.4433140  -3.2436548 16.667  3.077       2.545   9.6388  29.0584   -27.12      nan      nan    7.395  nan      nan    nan   0.968     nan                                None      -0.867       1.870      -4.607       0.075       3.194       0.076
Gaia DR3 2749091163239460992   6.7356524   8.5840050 13.115  2.017       1.524   5.2088  29.2102   -26.11      nan      nan   11.449  nan      nan    nan   1.093     nan                                None      -7.823      16.192     -10.011       0.017      19.147       0.015
Gaia DR3 2538652746581299456  17.6378556   2.2507906 15.562  2.395       2.150   7.3801  29.3883   -26.82      nan      nan    7.166  nan      nan    nan   0.969     nan                                None       2.860       5.726       1.501       0.053       2.777       0.034
