GaiaDR3                               RA         DEC   Gmag  Bp-Rp  Voff(km/s) Sep(deg)   3D(pc) Vr(pred)  Vr(obs)    Vrerr Plx(mas)  SpT    FnuvJ  W1-W3    RUWE  XCrate                               RVsrc    PMRApred   PMDecpred        PMRA     PMRAerr       PMDec    PMDecerr
Gaia DR3 1023967108706495360 136.4259990  55.3071230 14.656  2.092       0.000   0.0000   0.0000   -17.58   -17.58     3.36    5.335  nan      nan    nan   1.177     nan                            Gaia_DR3      -3.586     -56.841      -3.586       0.034     -56.841       0.034
Gaia DR3 1018408836908964608 143.2846150  50.3108256 17.444  2.621       0.974   6.4862  21.3537   -13.50      nan      nan    5.449  nan      nan    nan   1.011     nan                                None      -7.964     -59.068      -8.914       0.078     -58.478       0.075
Gaia DR3 1012613242399478656 136.6157389  48.4059820 15.935  2.518       1.686   6.9021  23.3233   -11.39      nan      nan    5.554  nan      nan    nan   1.027     nan                                None      -3.855     -61.213      -2.686       0.036     -59.623       0.030
Gaia DR3 1026566044955536384 142.4207319  58.6049517 18.462  3.036       0.299   4.6401  23.7164   -20.72      nan      nan    4.876  nan      nan    nan   0.939     nan                                None      -6.646     -50.387      -6.342       0.116     -50.435       0.125
Gaia DR3 1028645736839517056 127.9167432  52.6686022 17.461  2.877       2.436   5.6509  23.8087   -15.16      nan      nan    5.831  nan      nan    nan   0.942     nan                                None       1.861     -63.178      -0.455       0.084     -65.074       0.082
Gaia DR3 1030966462289100800 132.7423987  56.0389272 15.873  2.220       0.817   2.2020  26.4518   -18.15      nan      nan    4.700  nan      nan    nan   1.076     nan                                None      -1.144     -49.966      -1.119       0.037     -50.776       0.029
Gaia DR3 1040112406167114880 139.2642346  62.0541479 17.420  2.925       0.309   6.9048  26.5861   -23.49      nan      nan    5.814  nan      nan    nan   0.971     nan                                None      -5.818     -58.776      -5.534       0.064     -58.524       0.081
Gaia DR3 1015326665297829632 131.5941227  49.6730353 14.149  1.548       1.297   6.3524  26.9735   -12.44    33.63     2.75    4.913  nan      nan    nan   1.069     nan                            Gaia_DR3      -0.538     -54.006       0.761       0.018     -54.343       0.016
Gaia DR3 1022804031561903616 139.2996010  53.7798460 15.796  2.523       1.935   2.2605  27.0764   -16.35      nan      nan    6.201  nan      nan    nan   1.076     nan                                None      -6.230     -66.452      -7.388       0.033     -68.701       0.028
 Gaia DR3 827360234791540480 149.3574378  51.5791860 18.333  3.064       2.536   8.5396  27.8364   -15.20      nan      nan    5.399  nan      nan    nan   1.030     nan                                None     -11.571     -57.355      -9.735       0.124     -59.583       0.155
Gaia DR3 1041098290140512256 134.3701567  60.5354910  9.943  0.727       1.451   5.3405  28.7476   -22.07   -33.50     0.19    6.105  nan      nan    nan   1.196     nan                            Gaia_DR3      -2.644     -62.823      -1.048       0.011     -63.790       0.014
 Gaia DR3 825376720110588928 142.3936403  47.3932869 13.966  1.768       2.340   8.7400  29.0549   -10.80   -21.76     1.93    5.569  nan      nan    nan   0.937     nan                            Gaia_DR3      -7.574     -61.188     -10.320       0.014     -61.154       0.014
Gaia DR3 1028645736838864768 127.9161873  52.6700758 19.426  3.198       2.089   5.6504  29.4175   -15.16      nan      nan    6.111  nan      nan    nan   1.091     nan                                None       1.951     -66.215      -0.710       0.357     -65.816       0.344
Gaia DR3 1089874515735043712 126.0110722  60.6188205 10.853  0.850       2.399   7.6477  29.8786   -22.15    17.78     0.28    5.905  nan      nan    nan   0.942     nan                            Gaia_DR3       3.195     -60.683       1.723       0.010     -63.281       0.010
