GaiaDR3                               RA         DEC   Gmag  Bp-Rp  Voff(km/s) Sep(deg)   3D(pc) Vr(pred)  Vr(obs)    Vrerr Plx(mas)  SpT    FnuvJ  W1-W3    RUWE  XCrate                               RVsrc    PMRApred   PMDecpred        PMRA     PMRAerr       PMDec    PMDecerr
Gaia DR3 3798833775141351552 174.9602517   0.6035967 12.806  0.969       0.000   0.0000   0.0000     7.92     7.92     1.62    3.341  nan      nan    nan   1.048     nan                            Gaia_DR3     -18.673       4.571     -18.673       0.022       4.571       0.015
Gaia DR3 3798832709989462016 175.0084992   0.5647868 14.090  1.356       0.259   0.0619   2.4811     7.89     7.20     3.21    3.314  nan      nan    nan   1.023     nan                            Gaia_DR3     -18.526       4.537     -18.699       0.022       4.486       0.016
Gaia DR3 3793924073470651136 175.4084423  -1.0669218 18.209  2.582       2.597   1.7296   9.6643     7.52      nan      nan    3.381  nan      nan    nan   1.005     nan                                None     -18.942       4.786     -20.063       0.229       3.313       0.126
Gaia DR3 3797229308506314880 172.7846282  -0.1677897 17.025  1.796       1.642   2.3083  12.5388     8.83      nan      nan    3.306  nan      nan    nan   3.220     nan                                None     -18.254       4.598     -17.588       0.357       3.667       0.275
Gaia DR3 3793775364523114240 174.6826701  -1.8051918 19.575  2.735       2.661   2.4247  18.5873     7.77      nan      nan    3.198  nan      nan    nan   0.995     nan                                None     -17.851       4.599     -19.645       0.516       4.618       0.277
Gaia DR3 3796183917758892800 177.5212668   0.9713346 15.800  2.158       2.798   2.5870  20.0917     6.77      nan      nan    3.519  nan      nan    nan   0.969     nan                                None     -19.911       4.792     -21.198       0.046       6.421       0.032
Gaia DR3 3794915180124281856 178.8847698  -0.3859876 18.822  2.454       1.824   4.0473  21.3777     5.97      nan      nan    3.387  nan      nan    nan   1.050     nan                                None     -19.267       4.721     -19.360       0.299       6.020       0.158
Gaia DR3 3896067604179543424 177.1226912   4.0465137 18.010  2.612       2.457   4.0646  21.8411     7.29      nan      nan    3.409  nan      nan    nan   1.108     nan                                None     -19.251       4.364     -17.829       0.189       3.318       0.138
Gaia DR3 3600483801636342912 176.4257567  -3.1106876 19.489  2.897       1.405   3.9927  23.6046     6.80      nan      nan    3.478  nan      nan    nan   1.106     nan                                None     -19.581       5.098     -18.788       0.584       5.755       0.318
Gaia DR3 3793039967338044160 175.4990696  -2.0638195 13.179  1.021       2.891   2.7213  24.8330     7.36   -17.50     2.76    3.131  nan      nan    nan   1.002     nan                            Gaia_DR3     -17.550       4.517     -15.643       0.018       4.591       0.012
Gaia DR3 3601871041713139840 178.9193903  -2.6913413 16.351  2.030       2.570   5.1499  26.8985     5.69      nan      nan    3.369  nan      nan    nan   1.046     nan                                None     -19.172       4.864     -18.252       0.062       6.440       0.041
Gaia DR3 3798502650343107584 172.2714197   1.6616006 19.585  2.693       1.328   2.8890  27.2004     9.27      nan      nan    3.110  nan      nan    nan   1.033     nan                                None     -17.120       4.134     -17.958       0.436       3.896       0.293
Gaia DR3 3891586377037688704 180.1420878   1.7076786 17.107  2.954       2.226   5.2970  27.6373     5.62      nan      nan    3.362  nan      nan    nan   1.265     nan                                None     -19.214       4.541     -20.292       0.132       3.390       0.071
Gaia DR3 3793312543142867712 173.7955465  -2.6462765 14.793  1.690       1.839   3.4522  27.9632     8.08     7.48     4.71    3.605  nan      nan    nan   1.491     nan                            Gaia_DR3     -20.024       5.284     -19.654       0.050       3.937       0.027
Gaia DR3 3797862975093523456 171.1842945   0.0235499 18.063  2.961       0.950   3.8202  28.0340     9.58      nan      nan    3.141  nan      nan    nan   1.022     nan                                None     -17.176       4.350     -16.874       0.159       3.797       0.132
