GaiaDR3                               RA         DEC   Gmag  Bp-Rp  Voff(km/s) Sep(deg)   3D(pc) Vr(pred)  Vr(obs)    Vrerr Plx(mas)  SpT    FnuvJ  W1-W3    RUWE  XCrate                               RVsrc    PMRApred   PMDecpred        PMRA     PMRAerr       PMDec    PMDecerr
Gaia DR3 6113245033656232448 206.1070405 -40.3373410 12.246  2.631       0.000   0.0000   0.0000    18.38    18.38     0.36   44.535  nan      nan    nan   1.858     nan                            Gaia_DR3     151.813      68.402     151.813       0.033      68.402       0.025
Gaia DR3 6113245033659187200 206.1051104 -40.3363932 12.434  2.701       0.379   0.0018   0.0089    18.38    18.36     0.51   44.552  nan      nan    nan   1.904     nan                            Gaia_DR3     151.879      68.423     150.407       0.039      71.661       0.028
Gaia DR3 6113271494953274752 206.1157500 -40.3107987 13.260  2.922       0.377   0.0274   0.0215    18.38    19.23     1.33   44.498  nan      nan    nan   1.211     nan                            Gaia_DR3     151.661      68.280     151.991       0.016      71.798       0.014
Gaia DR3 6005425828227820160 228.0345072 -39.6993242 10.640  2.105       2.137  16.7621   6.8062    22.06      nan      nan   42.382  nan      nan    nan   1.207     nan                                None      71.522      89.989      77.651       0.024     108.073       0.021
Gaia DR3 6005425828227821952 228.0334514 -39.6978497 10.657  2.120       1.129  16.7615   6.8103    22.06    36.34     0.27   42.357  nan      nan    nan   1.184     nan                            Gaia_DR3      71.483      89.930      65.617       0.025      98.129       0.021
Gaia DR3 3645393972547522560 210.5436911  -3.9171227 11.623  2.536       2.482  36.6396  14.3228    20.30     0.27     0.46   43.338  nan      nan    nan   1.351     nan                            Gaia_DR3     134.050     -45.433     116.390       0.035     -31.208       0.026
Gaia DR3 3635080656558301184 201.1391254  -5.1641516  5.657  0.571       1.121  35.4559  15.4926    17.75    10.63     0.97   37.483  nan      nan    nan  14.900     nan                            Gaia_DR3     140.112     -37.688     132.135       0.773     -33.841       0.507
Gaia DR3 4039831777499368960 266.7535647 -37.6981529 20.037    nan       1.580  46.2538  16.5529    22.29      nan      nan   81.770  nan      nan    nan   1.729     nan                                None    -144.814     158.764    -165.554       1.656     141.119       1.409
Gaia DR3 3459063722719455488 179.1434839 -40.7813826 16.707  4.143       2.962  20.4089  17.1609    11.23      nan      nan   27.537  nan      nan    nan   0.971     nan                                None     132.971       7.598     116.188       0.046       3.875       0.053
Gaia DR3 5828450326424110976 247.9859017 -63.5337272 12.543  2.601       2.039  33.6556  17.3243    16.70    14.64     0.43   32.527  nan      nan    nan   1.060     nan                            Gaia_DR3      -3.191     132.474     -17.134       0.013     131.421       0.015
Gaia DR3 3582720018762446848 185.6707916  -8.9006591 13.674  2.815       1.002  36.3105  17.8740    12.74    -9.33    22.87   33.290  nan      nan    nan   1.219     nan                            Gaia_DR3     152.240     -31.091     147.193       0.026     -35.985       0.021
Gaia DR3 6058302235811716224 186.3097256 -60.1059944 16.435  3.825       1.789  23.2759  18.5383    11.55      nan      nan   27.098  nan      nan    nan   1.001     nan                                None     123.155      42.089     113.196       0.043      44.377       0.048
Gaia DR3 6034535845265993728 253.9123424 -25.4793553 19.714    nan       1.618  42.2154  18.5489    24.89      nan      nan   36.469  nan      nan    nan   1.364     nan                                None     -23.199      37.168     -19.776       1.273      25.213       0.979
Gaia DR3 6340924518488131968 224.1437204  -0.7572518 13.854  2.932       1.801  42.8379  19.8714    22.89    -0.80     6.11   34.265  nan      nan    nan   1.230     nan                            Gaia_DR3      69.167     -43.679      60.804       0.024     -53.643       0.024
Gaia DR3 6317407201723597952 234.6665838  -8.7948385  6.463  0.672       2.578  40.4835  19.9170    24.85     1.58     0.12   32.627  nan      nan    nan   1.059     nan                            Gaia_DR3      36.091     -17.723      20.662       0.030     -26.469       0.023
Gaia DR3 3479615106870788864 178.5151278 -31.0292049 17.108  0.694       2.987  24.1403  21.0089    11.07      nan      nan   25.390  nan      nan    nan   0.985     nan                                None     123.146      -3.978     114.389       0.080       9.399       0.057
Gaia DR3 5972529952179046912 261.0142440 -38.8105042 13.445  2.937       2.622  41.6556  21.0935    22.67    34.76     3.78   31.562  nan      nan    nan   3.350     nan                            Gaia_DR3     -40.129      67.167     -25.592       0.057      57.524       0.043
Gaia DR3 4127420626087054976 253.3549281 -20.4157378  5.691  0.863       1.173  44.7061  21.3272    25.24   -20.38     0.43   33.016  nan      nan    nan   4.577     nan                            Gaia_DR3     -19.338      18.287     -26.361       0.293      14.121       0.214
Gaia DR3 5473349302315730944 152.9396489 -24.4262932 13.694  2.666       2.097  46.8651  21.6477     1.07    10.05     1.78   33.900  nan      nan    nan   1.108     nan                            Gaia_DR3     176.423     -46.373     188.189       0.057     -37.089       0.049
Gaia DR3 3619487618876609280 208.8337448  -7.7086592 19.514  3.820       2.441  32.7194  21.8577    20.14      nan      nan   26.976  nan      nan    nan   1.026     nan                                None      86.786     -20.920      96.751       0.429     -11.257       0.295
Gaia DR3 6002801225266100224 233.8867753 -40.7396862 13.395  2.588       2.460  21.0270  21.8921    22.40    -5.94     0.90   24.204  nan      nan    nan   1.299     nan                            Gaia_DR3      28.451      55.741      16.205       0.020      52.981       0.016
Gaia DR3 3737813697298504576 196.1572532  13.3519874 12.292  2.657       2.763  54.4785  22.9835    13.76     6.30     1.01   37.060  nan      nan    nan  16.966     nan                            Gaia_DR3     149.719     -76.510     128.173       0.375     -77.849       0.352
Gaia DR3 4118006263949027200 264.4161633 -21.6175702 19.267    nan       2.993  52.3572  23.1553    24.26      nan      nan   35.029  nan      nan    nan   1.683     nan                                None     -54.975      20.618     -43.128       1.137       1.956       0.610
Gaia DR3 4115994668759773184 259.3084814 -20.4124079 20.135  1.504       2.840  49.1807  23.1768    24.85      nan      nan   32.853  nan      nan    nan   1.242     nan                                None     -36.803      17.170     -22.757       1.404       3.404       1.245
Gaia DR3 4127725568766283776 257.0472485 -21.0078208 20.331  1.866       2.824  47.1221  24.4322    25.00      nan      nan   29.995  nan      nan    nan   1.765     nan                                None     -27.545      17.742     -15.180       2.428       4.861       1.695
Gaia DR3 4595127343251508992 262.8734756  27.3553301 16.781  4.612       2.784  85.7790  24.6492    18.20      nan      nan   83.654  nan      nan    nan   1.151     nan                                None    -120.034    -292.243     -90.208       0.077    -253.252       0.091
Gaia DR3 5881104598285505280 222.9572347 -56.5038052 15.690  3.270       0.862  19.5421  24.9975    17.76      nan      nan   22.221  nan      nan    nan   1.073     nan                                None      47.059      71.931      43.157       0.035      72.973       0.043
Gaia DR3 4412390297423038336 243.0194899   3.3054954 10.607  2.238       2.513  55.1716  25.0016    24.27     8.44     0.22   33.652  nan      nan    nan  11.379     nan                            Gaia_DR3      11.906     -55.065      29.157       0.183     -59.575       0.140
Gaia DR3 6007183053965417344 228.9376203 -37.9171572 15.665  3.058       2.472  17.8248  25.3481    22.46    25.00    11.67   21.846  nan      nan    nan   0.974     nan                            Gaia_DR3      35.162      43.551      31.154       0.046      54.206       0.044
Gaia DR3 3668695578877518976 216.0934149   4.1759883 15.133  3.241       0.805  45.4470  25.4184    20.72     0.95     7.58   28.166  nan      nan    nan   1.104     nan                            Gaia_DR3      75.272     -46.789      80.051       0.046     -46.687       0.038
Gaia DR3 4112292857937200256 255.7069876 -25.3007636 20.011  1.955       2.867  43.6749  25.9438    24.81      nan      nan   26.997  nan      nan    nan   1.750     nan                                None     -21.543      26.814     -12.973       1.530      12.932       1.212
Gaia DR3 4136262726810104960 259.1594325 -15.4193949 20.518  2.025       1.701  52.1363  26.2717    24.98      nan      nan   30.146  nan      nan    nan   1.383     nan                                None     -33.371       1.966     -22.571       2.594       2.397       1.844
Gaia DR3 4369747594365857408 262.7800313  -2.6551425 13.435  3.020       2.538  63.3636  26.4869    24.06   -28.45     1.27   36.563  nan      nan    nan   1.279     nan                            Gaia_DR3     -52.165     -40.386     -44.736       0.019     -22.285       0.015
Gaia DR3 4350368633207571200 241.7706747  -5.5179867 11.541  2.131       2.869  47.2608  26.7018    25.13   -18.04     0.25   27.594  nan      nan    nan   1.505     nan                            Gaia_DR3      12.891     -22.976       6.747       0.031     -38.494       0.024
Gaia DR3 4415724630860603392 230.4857367  -0.5647524 13.290  2.933       0.585  45.5225  27.0996    23.78   -15.57     2.50   26.604  nan      nan    nan  29.943     nan                            Gaia_DR3      39.238     -34.294      41.274       0.452     -36.866       0.426
Gaia DR3 4335629503740442624 256.2806868  -9.8839695 19.874  2.101       1.633  53.6971  27.2399    25.13      nan      nan   29.714  nan      nan    nan   2.038     nan                                None     -25.243     -12.927     -18.391       1.820      -5.328       1.478
Gaia DR3 4122237219037171840 259.8598982 -19.6879362 19.552  1.282       2.630  50.0278  27.2649    24.83      nan      nan   28.111  nan      nan    nan   4.247     nan                                None     -32.868      12.723     -26.354       1.687      -1.437       1.414
Gaia DR3 6247290417511847680 240.5632348 -19.4521492  8.079  0.881       1.292  36.0795  27.2787    25.29   -21.70     0.13   23.806  nan      nan    nan   1.265     nan                            Gaia_DR3      13.725      11.060      18.598       0.038       6.781       0.027
Gaia DR3 4496250461589918080 268.6801696  12.8551595 11.186  2.196       2.074  78.5630  27.3453    20.98   -30.57     0.37   48.352  nan      nan    nan   1.158     nan                            Gaia_DR3     -93.559    -115.211     -79.474       0.018    -130.972       0.018
Gaia DR3 4124505202334830208 262.8144839 -16.8429795 19.724  1.372       1.198  53.9840  27.3923    24.60      nan      nan   29.666  nan      nan    nan   2.458     nan                                None     -42.414       5.122     -36.704       1.347       0.275       1.010
Gaia DR3 6247909683071991552 237.1521886 -19.8856035 10.127  1.427       1.947  33.4576  27.4476    25.08    17.37     0.18   23.132  nan      nan    nan   1.088     nan                            Gaia_DR3      20.449      11.338      27.154       0.022       4.616       0.015
Gaia DR3 4129441219221297792 257.0415542 -18.1116110 20.601  1.506       1.242  48.8681  27.8257    25.11      nan      nan   27.125  nan      nan    nan   1.287     nan                                None     -24.896       8.797     -18.426       2.074       5.871       2.057
Gaia DR3 4382733754400524544 252.3979654  -0.2362728 14.245  2.988       0.354  58.0368  28.1827    24.64   -13.06     4.84   30.622  nan      nan    nan   1.086     nan                            Gaia_DR3     -15.282     -40.330     -17.159       0.028     -39.022       0.020
Gaia DR3 3550351397169572608 161.0082057 -21.9061056 16.843  0.661       2.059  42.2086  28.1917     4.01      nan      nan   24.723  nan      nan    nan   1.048     nan                                None     128.646     -27.261     137.099       0.072     -33.874       0.064
Gaia DR3 4118377349189898624 263.9326821 -20.4476729 20.425    nan       2.107  52.6667  28.4504    24.37      nan      nan   27.958  nan      nan    nan   1.335     nan                                None     -42.702      13.658     -39.833       1.866       1.578       1.008
Gaia DR3 3550351392873531392 161.0105758 -21.9042972 13.364  2.607       1.975  42.2079  28.4557     4.01    73.26     0.92   24.534  nan      nan    nan   1.292     nan                            Gaia_DR3     127.660     -27.051     136.354       0.018     -32.410       0.018
Gaia DR3 4061861042777546240 265.3854318 -26.2087640 20.276  3.120       2.654  50.5621  28.8355    23.85      nan      nan   26.808  nan      nan    nan   1.515     nan                                None     -44.323      26.389     -32.271       1.884      17.461       1.082
Gaia DR3 4068309639894042496 266.0336156 -24.3676560 19.765  2.040       2.938  52.0476  28.8831    23.90      nan      nan   27.301  nan      nan    nan   1.720     nan                                None     -46.662      22.233     -42.817       1.601       5.768       0.865
Gaia DR3 6731078419953138304 284.0978994 -36.7443228 12.440  2.452       1.534  59.0477  29.2050    19.58   -11.03     0.60   29.846  nan      nan    nan   8.701     nan                            Gaia_DR3     -94.113      42.194     -92.432       0.164      51.697       0.133
Gaia DR3 4124402604141099520 263.2028492 -17.0030706 19.745  1.148       2.328  54.1785  29.4844    24.55      nan      nan   27.523  nan      nan    nan   2.601     nan                                None     -40.286       5.072     -26.870       1.602       6.649       1.028
