GaiaDR3                               RA         DEC   Gmag  Bp-Rp  Voff(km/s) Sep(deg)   3D(pc) Vr(pred)  Vr(obs)    Vrerr Plx(mas)  SpT    FnuvJ  W1-W3    RUWE  XCrate                               RVsrc    PMRApred   PMDecpred        PMRA     PMRAerr       PMDec    PMDecerr
Gaia DR3 5413438219396893568 153.7088543 -47.1548781 12.129  2.838       0.000   0.0000   0.0000    34.66    34.66     0.48   79.321  nan      nan    nan   1.233     nan                            Gaia_DR3   -1054.201     414.512   -1054.201       0.018     414.512       0.019
 Gaia DR3 576506489410890752 135.5267261   0.5549659 16.096  4.436       1.448  50.2877  16.7679    59.22      nan      nan   46.011  nan      nan    nan   1.023     nan                                None    -454.583     -88.711    -465.142       0.089     -97.977       0.059
Gaia DR3 3154368194301157376 107.3896972   8.0148701 13.117  2.845       2.534  68.7258  21.9289    72.46    21.13     0.63   43.307  nan      nan    nan   3.564     nan                            Gaia_DR3    -121.796    -172.239    -110.811       0.064    -192.602       0.051
Gaia DR3 3315882290597093504  88.5420175   1.8742261 11.877  2.523       1.844  74.8433  24.4136    74.38    15.36     0.31   40.881  nan      nan    nan   1.270     nan                            Gaia_DR3      98.427     -94.900      82.539       0.022     -94.394       0.018
Gaia DR3 6452644795474573184 317.2636417 -60.9623488 13.524  2.718       2.019  71.0668  25.4269   -20.60    18.94     0.97   37.668  nan      nan    nan   1.157     nan                            Gaia_DR3     386.268    -435.009     379.964       0.011    -449.751       0.013
Gaia DR3 5948579462188230144 264.7142278 -47.6371114 13.214  2.817       1.453  67.8209  25.4336   -43.38   -26.22     0.97   36.556  nan      nan    nan   1.202     nan                            Gaia_DR3    -126.275    -464.876    -134.465       0.019    -472.512       0.012
Gaia DR3 2903218916516381568  88.4415044 -30.6404647 11.388  2.220       2.510  51.7963  25.4460    68.62    25.25     0.22   32.015  nan      nan    nan   1.123     nan                            Gaia_DR3      77.966     207.285      78.956       0.015     190.373       0.017
Gaia DR3 4363125648147587328 261.0695576  -4.3650158 11.107  2.404       2.781  98.4251  25.6880   -71.72    65.86     0.22   48.519  nan      nan    nan   1.264     nan                            Gaia_DR3    -215.259    -143.959    -234.461       0.027    -122.974       0.019
Gaia DR3 5618343000195172864 112.0305576 -23.8036497 13.876  3.332       1.652  40.4816  26.9930    70.30    38.71     1.84   28.319  nan      nan    nan   1.255     nan                            Gaia_DR3    -115.338     129.344    -105.528       0.010     128.318       0.021
Gaia DR3 5618343000187119104 112.0310740 -23.8037838 14.005  2.874       0.985  40.4812  27.0578    70.30      nan      nan   28.265  nan      nan    nan   0.978     nan                                None    -115.120     129.096    -118.033       0.027     124.001       0.052
Gaia DR3 2948715505087236096 105.2656964 -13.6458772 13.213  2.740       2.341  52.3135  27.3634    74.74    29.90     0.69   30.132  nan      nan    nan   1.254     nan                            Gaia_DR3     -67.161      59.302     -63.937       0.016      73.820       0.016
Gaia DR3 6206195620664214400 230.8168808 -34.2031565 15.371  0.212       2.574  57.4775  27.9634   -38.28      nan      nan   30.635  nan      nan    nan   0.954     nan                                None    -353.735    -235.061    -364.357       0.043    -247.848       0.032
Gaia DR3 5752796848303604480 126.7941527  -9.3392295 13.094  2.788       2.134  44.1676  28.1037    66.25    53.23     0.83   27.981  nan      nan    nan  17.719     nan                            Gaia_DR3    -220.093      13.072    -232.023       0.289       9.061       0.252
Gaia DR3 5322816367956156160 127.9829778 -50.1880946 10.284  1.512       1.703  17.1680  28.7704    48.16   -18.73     0.23   24.646  nan      nan    nan   1.033     nan                            Gaia_DR3    -200.913     230.849    -201.408       0.013     222.015       0.017
Gaia DR3 3115949918001704960 106.7774959   2.7373584 14.003  2.869       1.832  64.6072  28.7933    74.03    -4.50     4.75   31.396  nan      nan    nan   1.078     nan                            Gaia_DR3     -83.028     -80.237     -95.102       0.020     -81.375       0.017
Gaia DR3 3120389196196563200  96.6235180   0.6884679 17.454  4.972       2.427  68.8581  29.5894    75.46      nan      nan   31.546  nan      nan    nan   0.999     nan                                None       5.311     -63.039      10.406       0.123     -47.725       0.125
