GaiaDR3                               RA         DEC   Gmag  Bp-Rp  Voff(km/s) Sep(deg)   3D(pc) Vr(pred)  Vr(obs)    Vrerr Plx(mas)  SpT    FnuvJ  W1-W3    RUWE  XCrate                               RVsrc    PMRApred   PMDecpred        PMRA     PMRAerr       PMDec    PMDecerr
Gaia DR3 3581264372742210048 183.6456611  -9.5626283 12.082  1.039       0.000   0.0000   0.0000    15.97    15.97     1.15    4.782  nan      nan    nan   1.059     nan                            Gaia_DR3     -22.324       2.109     -22.324       0.023       2.109       0.021
Gaia DR3 3582161368073248640 182.7665196  -8.8375600 12.099  0.986       1.566   1.1309   4.2383    16.32   -16.16     0.48    4.761  nan      nan    nan   1.113     nan                            Gaia_DR3     -21.976       1.949     -21.929       0.024       0.378       0.016
Gaia DR3 3577649315949074944 185.1375112 -11.2709465 17.327  2.708       1.796   2.2519   8.4064    15.33      nan      nan    4.745  nan      nan    nan   1.035     nan                                None     -22.566       2.454     -21.532       0.121       0.984       0.086
Gaia DR3 3583090485461952768 185.7689846  -7.8285188 17.221  3.027       1.820   2.7225  10.2431    15.20      nan      nan    4.845  nan      nan    nan   1.029     nan                                None     -23.214       1.526     -21.373       0.100       1.266       0.073
Gaia DR3 3583594100442699264 186.3930807  -6.6855033 14.367  1.779       1.247   3.9590  14.4798    14.98    21.04     3.09    4.818  nan      nan    nan   0.990     nan                            Gaia_DR3     -23.253       1.180     -23.300       0.027      -0.086       0.020
Gaia DR3 3596202505220410496 182.4327348  -6.6627486 16.793  2.678       0.561   3.1386  16.1702    16.51      nan      nan    5.066  nan      nan    nan   1.006     nan                                None     -23.282       1.426     -23.793       0.101       1.113       0.070
Gaia DR3 3584782672512644224 185.7332834  -5.3728444 18.149  2.365       1.607   4.6730  18.1924    15.26      nan      nan    4.655  nan      nan    nan   1.010     nan                                None     -22.295       0.827     -20.739       0.213       0.571       0.172
Gaia DR3 3576045609520502272 186.9961807 -13.2662942 18.269  2.658       2.702   4.9497  19.2533    14.51      nan      nan    4.650  nan      nan    nan   1.022     nan                                None     -22.594       2.761     -20.110       0.205       3.680       0.148
Gaia DR3 3597195334155081984 184.0468066  -4.1555764 11.358  0.894       1.047   5.4217  19.8203    15.94     7.34     1.30    4.839  nan      nan    nan   1.108     nan                            Gaia_DR3     -22.707       0.577     -23.760       0.025       0.758       0.020
Gaia DR3 3587343572533330304 177.6240477 -10.7445888 17.229  2.782       1.266   6.0438  22.3133    18.11      nan      nan    4.893  nan      nan    nan   1.027     nan                                None     -20.977       2.927     -20.351       0.112       4.074       0.066
Gaia DR3 3579175678606443520 189.5982328  -9.0667876 13.768  1.524       2.429   5.8949  22.9478    13.63   -10.25     1.90    5.001  nan      nan    nan   1.045     nan                            Gaia_DR3     -24.984       1.664     -27.478       0.023       2.245       0.019
Gaia DR3 3600662850233587968 179.9861379  -4.2153327 15.147  1.979       1.195   6.4640  23.6635    17.47    23.45     6.07    4.868  nan      nan    nan   1.037     nan                            Gaia_DR3     -21.626       0.714     -22.415       0.037       1.653       0.019
Gaia DR3 3527872667917002880 186.9441168 -14.3080901 19.967  2.677       2.923   5.7382  24.0431    14.48      nan      nan    4.546  nan      nan    nan   1.079     nan                                None     -22.079       2.957     -19.279       0.752       3.038       0.513
Gaia DR3 3601209131417581568 181.2892650  -3.3705508 17.979  2.696       2.754   6.6196  25.1398    16.99      nan      nan    4.654  nan      nan    nan   0.987     nan                                None     -21.061       0.402     -18.760       0.205       1.819       0.159
Gaia DR3 3575309898803580928 180.0526536 -11.6971984 14.485  1.672       2.035   4.1261  25.7028    17.20    -9.66     4.81    4.359  nan      nan    nan   1.044     nan                            Gaia_DR3     -19.382       2.720     -20.095       0.027       0.991       0.019
Gaia DR3 3573721001422192128 180.1431854 -13.6777142 19.863  2.407       1.938   5.3570  26.2297    17.06      nan      nan    4.430  nan      nan    nan   1.054     nan                                None     -19.725       3.311     -19.874       0.578       1.508       0.364
Gaia DR3 3693618380744302592 186.6489994  -2.7882908 12.078  1.028       2.954   7.4025  28.1682    14.92   -16.25     3.02    4.638  nan      nan    nan   2.968     nan                            Gaia_DR3     -22.450       0.132     -25.166       0.073      -0.850       0.051
Gaia DR3 3576441846023197312 187.0024915 -12.9254255 17.747  2.985       2.350   4.7058  28.9148    14.53      nan      nan    5.401  nan      nan    nan   1.049     nan                                None     -26.246       3.108     -23.660       0.148       3.794       0.123
Gaia DR3 3598258248366915456 182.5549631  -3.2805150 18.059  2.887       2.142   6.3748  29.2253    16.52      nan      nan    5.261  nan      nan    nan   1.016     nan                                None     -24.216       0.394     -25.655       0.206      -1.496       0.137
Gaia DR3 3568560198782058240 179.9567139 -16.6493661 17.730  2.720       2.085   7.9443  29.7426    16.92      nan      nan    4.670  nan      nan    nan   1.037     nan                                None     -20.738       4.377     -22.164       0.146       5.853       0.085
