GaiaDR3                               RA         DEC   Gmag  Bp-Rp  Voff(km/s) Sep(deg)   3D(pc) Vr(pred)  Vr(obs)    Vrerr Plx(mas)  SpT    FnuvJ  W1-W3    RUWE  XCrate                               RVsrc    PMRApred   PMDecpred        PMRA     PMRAerr       PMDec    PMDecerr
Gaia DR3 2318295979126499200   7.3020357 -30.4541281 11.158  1.480       0.000   0.0000   0.0000    57.57      nan      nan   15.900  nan      nan    nan   1.549     nan                                None     150.032     -87.132     150.032       0.028     -87.132       0.030
Gaia DR3 5003038563652070912  13.5613433 -34.7917661 13.066  2.301       2.508   6.8242   9.8261    63.19      nan      nan   17.836  nan      nan    nan   1.390     nan                                None     152.338     -71.075     146.158       0.018     -63.953       0.027
Gaia DR3 5001050749708068608  10.2689751 -37.1619941 17.018  0.236       0.542   7.1454  13.8933    62.01      nan      nan   13.534  nan      nan    nan   1.037     nan                                None     122.151     -50.554     120.616       0.053     -50.748       0.098
Gaia DR3 2336290689505289472   1.8449709 -25.3572502  6.950  0.619       1.972   7.0145  15.0555    51.04      nan      nan   20.213  nan      nan    nan   0.982     nan                                None     204.648    -140.205     210.951       0.023    -134.649       0.019
Gaia DR3 2340821433326500352 358.2057723 -22.8256386 17.266  4.309       1.639  11.1401  17.9200    46.67      nan      nan   20.603  nan      nan    nan   5.107     nan                                None     217.012    -157.813     219.036       0.725    -164.637       0.500
Gaia DR3 5035027926749223168  22.5614220 -29.8219346 13.882  2.631       2.753  13.2017  21.0262    66.38      nan      nan   21.798  nan      nan    nan   1.327     nan                                None     154.313     -98.386     165.104       0.028     -91.785       0.013
Gaia DR3 5024960901364576000  26.9981775 -27.7053376 14.085  2.895       2.548  17.4083  24.8234    67.71      nan      nan   22.820  nan      nan    nan   1.438     nan                                None     143.580    -109.233     149.214       0.026     -98.344       0.018
Gaia DR3 2428165984201926400   4.6557110  -9.9385095 14.972  2.789       0.844  20.6631  26.2058    42.74      nan      nan   13.740  nan      nan    nan   1.049     nan                                None     134.386    -130.044     132.978       0.042    -132.043       0.025
Gaia DR3 2428165984201926528   4.6561358  -9.9391189 14.988  2.790       1.602  20.6625  26.2400    42.74      nan      nan   13.727  nan      nan    nan   1.163     nan                                None     134.264    -129.925     129.943       0.045    -128.247       0.027
Gaia DR3 2425650847058388224   8.7484683 -10.3550069 17.810  0.759       1.061  20.1441  26.5925    46.23      nan      nan   22.927  nan      nan    nan   0.998     nan                                None     211.816    -212.691     206.713       0.178    -213.195       0.130
Gaia DR3 4941513225856986880  30.5401415 -47.5168275 15.881  2.834       1.099  24.6665  27.7272    72.58      nan      nan   15.131  nan      nan    nan   1.094     nan                                None      85.277       9.228      84.727       0.031      12.688       0.037
Gaia DR3 4946403613059558272  37.1207094 -45.0229182  8.502  0.841       1.955  27.4795  29.0531    74.56      nan      nan   17.492  nan      nan    nan   1.113     nan                                None      76.308       6.117      69.146       0.016       5.302       0.018
Gaia DR3 6598448524173106688 336.0112671 -36.1551666 14.690  2.764       1.805  26.6438  29.9524    36.82      nan      nan   21.678  nan      nan    nan   1.045     nan                                None     261.387    -169.041     256.138       0.028    -162.677       0.021
