GaiaDR3                               RA         DEC   Gmag  Bp-Rp  Voff(km/s) Sep(deg)   3D(pc) Vr(pred)  Vr(obs)    Vrerr Plx(mas)  SpT    FnuvJ  W1-W3    RUWE  XCrate                               RVsrc    PMRApred   PMDecpred        PMRA     PMRAerr       PMDec    PMDecerr
Gaia DR3 2308834780352875904   5.2377658 -35.9984716 12.040  1.044       0.000   0.0000   0.0000     4.71     4.71     0.33    4.652  nan      nan    nan   1.678     nan                            Gaia_DR3      52.831     -46.940      52.831       0.015     -46.940       0.021
Gaia DR3 2308834784647991168   5.2367569 -35.9975721 19.030  2.164       3.368   0.0012   7.3380     4.71      nan      nan    4.498  nan      nan    nan   0.933     nan                                None      51.087     -45.391      50.394       0.173     -48.509       0.270
Gaia DR3 4998559840475055104   5.5512776 -37.5050134 18.094  2.842       3.978   1.5273  17.1211     6.20      nan      nan    4.329  nan      nan    nan   0.968     nan                                None      49.280     -43.385      46.887       0.093     -40.655       0.130
Gaia DR3 2312754230068365568   0.8137815 -34.5404915 19.523  2.918       3.341   3.8946  18.5009     0.13      nan      nan    4.428  nan      nan    nan   0.986     nan                                None      48.388     -46.940      51.173       0.214     -48.344       0.299
Gaia DR3 2315296335311482880   5.3429589 -33.8302728 18.858  2.932       4.481   2.1699  19.0617     2.98      nan      nan    5.061  nan      nan    nan   1.076     nan                                None      57.529     -51.167      57.774       0.152     -46.391       0.266
Gaia DR3 5000587717873604608  10.3848213 -38.0869854 16.111  2.376       4.755   4.6077  20.6955    10.33      nan      nan    4.431  nan      nan    nan   1.333     nan                                None      52.159     -41.680      51.548       0.046     -46.080       0.059
Gaia DR3 2313293506162686336   1.4195803 -33.1086467 18.337  2.869       3.679   4.2701  21.1913    -0.66      nan      nan    4.381  nan      nan    nan   0.969     nan                                None      48.149     -46.152      48.247       0.112     -49.549       0.125
Gaia DR3 2318275874384307712   7.6667718 -30.6533785 12.269  1.048       3.059   5.7168  21.4532     2.22   -17.47     0.66    4.704  nan      nan    nan   1.356     nan                            Gaia_DR3      54.398     -46.530      52.343       0.018     -48.763       0.018
Gaia DR3 2318275874384624256   7.6690968 -30.6528344 18.388  2.909       3.491   5.7180  21.7007     2.22      nan      nan    4.600  nan      nan    nan   0.963     nan                                None      53.195     -45.500      52.057       0.175     -48.687       0.170
Gaia DR3 4998559737395823616   5.5381206 -37.5021832 13.941  1.562       2.024   1.5228  23.4185     6.19   -36.96     5.39    4.209  nan      nan    nan   1.093     nan                            Gaia_DR3      47.911     -42.191      47.002       0.013     -40.641       0.017
Gaia DR3 4996037973117916032   0.6925328 -41.1834537 10.842  0.780       2.258   6.2831  23.7320     5.86    51.10     0.34    4.749  nan      nan    nan   0.972     nan                            Gaia_DR3      51.839     -50.065      53.350       0.013     -48.383       0.013
Gaia DR3 5006416710049111680  12.1758096 -33.2932078 17.803  2.770       2.729   6.3143  25.0251     8.03      nan      nan    4.507  nan      nan    nan   1.054     nan                                None      53.604     -42.154      51.474       0.130     -43.633       0.134
Gaia DR3 4995298139231241984   4.4484271 -41.6047603 14.072  2.171       4.739   5.6399  25.4540     8.81    34.47     2.89    5.007  nan      nan    nan   3.241     nan                            Gaia_DR3      56.503     -50.312      57.841       0.046     -45.492       0.055
Gaia DR3 4997117173844509184   4.4859374 -40.1843458 18.155  2.919       3.937   4.2274  26.4155     7.65      nan      nan    4.246  nan      nan    nan   0.970     nan                                None      47.932     -42.829      44.566       0.112     -43.874       0.152
Gaia DR3 2306058895745473920   0.2347870 -40.4598531 15.423  2.297       2.294   5.9433  26.8405     4.92   -15.88     9.03    5.030  nan      nan    nan   1.026     nan                            Gaia_DR3      54.658     -53.380      52.343       0.028     -52.632       0.030
Gaia DR3 2307599341600380288   0.2234724 -37.7221777 19.988  0.173       2.879   4.3658  26.8976     2.50      nan      nan    4.243  nan      nan    nan   1.043     nan                                None      46.100     -45.192      43.548       0.398     -45.532       0.460
Gaia DR3 2313228879789736704   1.6337110 -33.3105030 16.933  2.485       4.095   4.0012  26.9238    -0.32      nan      nan    5.206  nan      nan    nan   1.040     nan                                None      57.330     -54.729      59.158       0.051     -58.835       0.057
Gaia DR3 6533492362205785088 358.9990341 -41.3076806 19.371  3.186       3.136   7.2018  28.2761     4.83      nan      nan    4.885  nan      nan    nan   1.014     nan                                None      52.429     -52.513      49.965       0.366     -50.425       0.360
Gaia DR3 4996003853897739008   0.3236929 -41.5400856 10.239  0.851       4.540   6.7344  28.8724     5.93    24.58     0.26    4.395  nan      nan    nan   0.911     nan                            Gaia_DR3      47.794     -46.493      51.589       0.014     -48.305       0.015
Gaia DR3 2311583598078399104 355.6584092 -36.2652597 16.997  2.872       1.411   7.7383  29.0728    -2.01      nan      nan    4.756  nan      nan    nan   0.965     nan                                None      49.198     -53.079      50.337       0.063     -52.240       0.047
Gaia DR3 5032020036596909568  11.5064742 -29.9721521 18.436  2.976       2.147   7.9937  30.0244     4.88      nan      nan    4.637  nan      nan    nan   1.027     nan                                None      54.938     -44.068      55.214       0.147     -41.987       0.194
Gaia DR3 2313206717758439424   1.8684285 -33.6170213 17.781  3.063       3.337   3.6498  30.6047     0.12      nan      nan    4.134  nan      nan    nan   1.033     nan                                None      45.621     -43.355      42.730       0.075     -43.667       0.103
Gaia DR3 4991723416475310848   4.2509235 -44.2932110 18.549  0.071       4.091   8.3288  31.1386    10.90      nan      nan    4.697  nan      nan    nan   1.023     nan                                None      52.924     -46.868      50.186       0.146     -43.883       0.174
Gaia DR3 5027448855660426240  14.5963337 -33.1156504 11.482  0.829       4.986   8.2244  32.0832     9.90     5.48     0.42    4.506  nan      nan    nan   1.284     nan                            Gaia_DR3      54.254     -40.925      57.625       0.025     -37.598       0.025
Gaia DR3 2327053241348646272 357.6726146 -29.8364509 19.423  2.785       3.036   8.8428  33.5723    -6.41      nan      nan    4.580  nan      nan    nan   1.108     nan                                None      48.471     -49.742      47.284       0.626     -47.062       0.358
Gaia DR3 4987369595243773440  15.0462978 -40.2713984 17.031  2.775       3.285   8.8116  33.6244    15.53      nan      nan    4.863  nan      nan    nan   1.661     nan                                None      58.670     -42.258      61.493       0.077     -44.096       0.090
Gaia DR3 2323913207938875904 354.6582065 -34.9639779 18.701  2.876       3.506   8.6725  33.8465    -3.91      nan      nan    4.932  nan      nan    nan   0.963     nan                                None      50.417     -55.492      47.594       0.183     -53.186       0.242
Gaia DR3 4987369595242607360  15.0461618 -40.2710908 19.130    nan       3.041   8.8114  34.4448    15.53      nan      nan    4.943  nan      nan    nan   0.999     nan                                None      59.629     -42.948      62.507       0.244     -44.273       0.227
Gaia DR3 4986403914796540288  14.4144004 -41.9407580 16.371  2.610       0.718   9.2755  34.8280    16.26      nan      nan    4.636  nan      nan    nan   0.983     nan                                None      55.770     -40.238      55.939       0.034     -40.919       0.039
Gaia DR3 5006756424782334848  12.5579613 -32.4706034 17.028  2.638       1.452   7.0020  35.1435     7.72      nan      nan    5.265  nan      nan    nan   1.024     nan                                None      62.742     -49.137      62.426       0.075     -50.717       0.077
Gaia DR3 5026549523868347520  16.8259583 -33.3741597 17.636  2.735       4.015   9.8765  37.1518    11.96      nan      nan    4.826  nan      nan    nan   1.043     nan                                None      58.657     -42.529      54.623       0.073     -41.886       0.069
