GaiaDR3                               RA         DEC   Gmag  Bp-Rp  Voff(km/s) Sep(deg)   3D(pc) Vr(pred)  Vr(obs)    Vrerr Plx(mas)  SpT    FnuvJ  W1-W3    RUWE  XCrate                               RVsrc    PMRApred   PMDecpred        PMRA     PMRAerr       PMDec    PMDecerr
Gaia DR3 2785466581298775680  16.6538663  19.2248885 12.105  2.596       0.000   0.0000   0.0000    10.85      nan      nan   40.452  nan      nan    nan   1.625     nan                                None     -42.067    -222.790     -42.067       0.047    -222.790       0.032
 Gaia DR3 103363168277756928  36.1916586  25.9754113 10.780  2.077       2.931  19.2322   9.3612     5.25      nan      nan   35.767  nan      nan    nan   1.322     nan                                None     -82.588    -196.208     -90.210       0.027    -175.465       0.031
Gaia DR3 5145956864601439488  37.9266325 -15.2739758  8.394  1.145       2.380  40.3527  17.9172    20.76      nan      nan   37.188  nan      nan    nan   0.953     nan                                None     -89.657    -126.952     -73.371       0.018    -117.842       0.016
Gaia DR3 2839703015996016256 352.6395203  23.2513550 14.872  3.020       2.243  22.7145  19.2669     9.33      nan      nan   25.291  nan      nan    nan   1.208     nan                                None      16.879    -143.803       7.780       0.032    -136.040       0.025
Gaia DR3 2814739326043006208 351.4310422  16.7006018 16.607  3.917       2.396  24.1046  19.7922    12.28      nan      nan   25.260  nan      nan    nan   1.099     nan                                None      19.014    -136.905      30.624       0.093    -131.620       0.068
 Gaia DR3 165472415467687040  66.0837707  30.7420290 14.479  2.999       2.630  45.8827  20.8987    -3.46      nan      nan   35.405  nan      nan    nan   1.092     nan                                None    -130.825    -167.803    -137.831       0.030    -186.137       0.024
Gaia DR3 2665004946353875328 350.1599631   8.3525791 14.500  3.213       0.730  27.8786  22.1855    15.80      nan      nan   24.517  nan      nan    nan   1.286     nan                                None      20.646    -122.191      23.346       0.184    -119.556       0.111
Gaia DR3 5182289917103436928  48.6666976  -4.8426725 16.811  4.784       2.574  39.6472  22.2424    15.09      nan      nan   28.804  nan      nan    nan   1.014     nan                                None     -86.081    -120.783     -90.471       0.176    -105.785       0.160
Gaia DR3 2665079816223169664 347.0788978   6.4981495 13.448  2.631       2.887  31.4387  23.6168    16.31      nan      nan   24.463  nan      nan    nan   4.204     nan                                None      25.857    -119.078      39.941       0.091    -114.253       0.080
Gaia DR3 2665079816222446080 347.0781979   6.4973444 17.983  3.865       2.245  31.4397  23.8403    16.31      nan      nan   24.305  nan      nan    nan   1.042     nan                                None      25.692    -118.307      35.577       0.212    -112.422       0.173
Gaia DR3 2786050044015590784  21.2444406  18.4766221 12.566  2.372       2.087   4.4082  23.9856    10.76      nan      nan   20.594  nan      nan    nan   1.564     nan                                None     -27.898    -112.171     -19.468       0.031    -115.490       0.021
 Gaia DR3 187247281185703296  78.3218889  37.3367035  6.351  0.695       2.570  56.2208  24.1262    -9.13      nan      nan   37.895  nan      nan    nan   0.941     nan                                None    -151.260    -156.297    -144.922       0.031    -136.772       0.022
 Gaia DR3 187247659142818560  78.3260171  37.3455566 13.256  2.753       2.258  56.2242  24.1277    -9.13      nan      nan   37.895  nan      nan    nan   4.611     nan                                None    -151.261    -156.277    -144.552       0.074    -139.530       0.057
 Gaia DR3 419763960053555968   4.3000322  54.3291178 15.658  3.262       2.882  36.3552  24.2819    -5.78      nan      nan   25.464  nan      nan    nan   1.103     nan                                None      -4.217    -150.943      -1.022       0.027    -166.080       0.031
Gaia DR3 2468607533700284800  17.8835297 -12.8433871  7.341  0.746       2.921  32.0911  24.5267    22.95      nan      nan   24.005  nan      nan    nan   1.030     nan                                None     -27.005     -82.999     -30.422       0.031     -68.620       0.039
Gaia DR3 2772447981373673344   0.1960032  16.4022135 11.841  2.265       2.381  15.9140  24.5638    12.72      nan      nan   21.104  nan      nan    nan  17.105     nan                                None       2.713    -114.500      12.283       0.297    -119.046       0.230
 Gaia DR3 142610957386974336  47.4681063  38.6508965 12.575  2.204       0.151  32.9682  25.2507    -2.50      nan      nan   23.748  nan      nan    nan   1.445     nan                                None     -69.554    -125.197     -69.988       0.023    -125.815       0.019
Gaia DR3 5044165796088003584  45.0853919 -40.5001482 16.292    nan       2.496  65.3200  25.3952    24.50      nan      nan   45.108  nan      nan    nan   0.918     nan                                None    -126.600     -64.660    -146.147       0.070     -51.203       0.090
Gaia DR3 5044165727370002304  45.0858737 -40.5000142 16.044  4.363       1.957  65.3201  25.4422    24.50      nan      nan   44.905  nan      nan    nan   1.001     nan                                None    -126.031     -64.370    -144.405       0.061     -66.745       0.071
Gaia DR3 2860600368353235968   4.8723058  30.1820294 14.810  2.609       2.739  15.2963  25.5142     6.21      nan      nan   20.614  nan      nan    nan   1.098     nan                                None      -4.259    -121.759       4.829       0.030    -129.444       0.025
Gaia DR3 2371865010265708544  16.4238479 -14.7098358 14.094  2.661       2.225  33.9355  26.0244    23.59      nan      nan   23.489  nan      nan    nan   1.266     nan                                None     -24.051     -77.303     -17.816       0.040     -86.386       0.042
Gaia DR3 1732878776902363264 316.4854820   4.4272162 11.180  2.391       2.003  60.4141  26.0800    11.98      nan      nan   37.077  nan      nan    nan   1.113     nan                                None     108.641    -172.631     123.946       0.027    -175.944       0.024
Gaia DR3 2437200671247504256 354.0594157  -9.6022444 17.419  4.224       2.850  36.4263  26.8179    22.53      nan      nan   23.621  nan      nan    nan   1.014     nan                                None      13.387     -87.541      27.443       0.132     -89.491       0.114
Gaia DR3 1992558787456840832 352.4467817  53.4277393 16.549  3.551       1.210  38.9603  27.0659    -5.49      nan      nan   24.166  nan      nan    nan   1.157     nan                                None      16.458    -142.656      10.314       0.055    -142.144       0.050
Gaia DR3 1822370978937299456 301.9285436  18.9825482 12.325  2.767       2.345  69.9808  27.6134     2.33      nan      nan   42.742  nan      nan    nan   1.298     nan                                None     152.150    -208.243     172.847       0.020    -203.996       0.017
 Gaia DR3 246159148562933760  63.4487646  47.6284611 11.507  2.386       2.346  47.2406  28.3098    -9.30      nan      nan   25.968  nan      nan    nan   1.782     nan                                None     -93.709    -115.479    -103.501       0.042    -123.784       0.030
Gaia DR3 1750409424655713024 314.3775154   9.5497221 15.532  3.549       2.216  60.8036  29.0639     9.45      nan      nan   31.719  nan      nan    nan   1.020     nan                                None      96.236    -153.671      81.692       0.049    -156.509       0.036
 Gaia DR3 448961319526490624  54.0751391  56.9849714 11.415  1.933       2.179  46.7882  29.4479   -11.16      nan      nan   24.864  nan      nan    nan   1.684     nan                                None     -80.579    -112.872     -89.176       0.032    -105.351       0.026
Gaia DR3 3365092380904700544 104.8693884  19.5084489 11.679  2.570       2.599  82.0866  29.7049   -11.13      nan      nan   49.453  nan      nan    nan   0.978     nan                                None    -198.033    -192.169    -174.423       0.023    -205.470       0.020
Gaia DR3 2863265996855724672   3.7169757  32.2549081 17.717  4.089       1.381  17.4492  29.8681     5.21      nan      nan   19.041  nan      nan    nan   1.020     nan                                None      -2.358    -113.336      -6.062       0.149    -117.463       0.118
