GaiaDR3                               RA         DEC   Gmag  Bp-Rp  Voff(km/s) Sep(deg)   3D(pc) Vr(pred)  Vr(obs)    Vrerr Plx(mas)  SpT    FnuvJ  W1-W3    RUWE  XCrate                               RVsrc    PMRApred   PMDecpred        PMRA     PMRAerr       PMDec    PMDecerr
Gaia DR3 6050191241556876672 245.4405469 -23.5482864 10.538  0.984       0.000   0.0000   0.0000    -4.54      nan      nan    9.076  nan      nan    nan   1.011     nan                                None     -40.237     -96.474     -40.237       0.019     -96.474       0.014
Gaia DR3 6050179108271899520 245.4550321 -23.5987436 17.637  3.442       0.479   0.0522   0.7368    -4.50      nan      nan    9.137  nan      nan    nan   1.031     nan                                None     -40.494     -97.129     -40.308       0.154     -96.225       0.101
Gaia DR3 6050191241553943808 245.4425534 -23.5497230 18.869  2.663       1.930   0.0023   3.1604    -4.54      nan      nan    8.823  nan      nan    nan   1.001     nan                                None     -39.114     -93.785     -39.656       0.362     -97.334       0.231
Gaia DR3 6242559768729891328 243.2458139 -23.0938406 15.970  2.637       1.555   2.0660   7.5233    -4.18      nan      nan    9.641  nan      nan    nan   1.074     nan                                None     -44.604    -101.751     -44.623       0.060     -98.590       0.046
Gaia DR3 6048707072662069248 243.5122617 -25.9595019 16.473  3.056       1.151   2.9799  13.3627    -1.76      nan      nan   10.208  nan      nan    nan   1.166     nan                                None     -46.992    -108.146     -49.031       0.108    -106.738       0.081
Gaia DR3 6048890003906832256 244.6540945 -24.8572290 14.435  2.492       2.767   1.4926  15.4523    -3.12      nan      nan   10.531  nan      nan    nan   1.134     nan                                None     -47.423    -111.867     -52.513       0.036    -115.305       0.026
Gaia DR3 4108835100080431488 257.4167004 -27.0817954 14.195  2.290       2.972  11.3820  21.7512    -4.83      nan      nan    9.210  nan      nan    nan   4.763     nan                                None     -30.151    -101.648     -24.695       0.118    -103.527       0.070
Gaia DR3 6213554136593197696 232.8584458 -26.8052578 16.971  3.155       1.684  11.8370  22.6154     2.94      nan      nan    9.204  nan      nan    nan   1.028     nan                                None     -50.101     -93.662     -52.562       0.094     -91.513       0.067
Gaia DR3 4127894034574466048 255.5598113 -20.6286237 16.280  2.913       0.715   9.8175  22.6783   -10.20      nan      nan    8.246  nan      nan    nan   0.913     nan                                None     -28.565     -89.168     -29.806       0.063     -89.245       0.045
Gaia DR3 6236751564195997696 236.9169705 -24.4917617 15.832  2.717       1.559   7.8411  23.0737    -0.63      nan      nan    7.895  nan      nan    nan   0.964     nan                                None     -40.613     -81.701     -43.085       0.051     -82.492       0.033
Gaia DR3 6041584608144348032 241.7575169 -29.8282948  9.670  0.820       2.781   7.0885  24.5779     2.22      nan      nan   11.253  nan      nan    nan   0.971     nan                                None     -53.491    -118.423     -54.293       0.017    -111.874       0.010
Gaia DR3 6022775846852789888 242.9097053 -35.6786643 16.909  3.097       2.199  12.3269  24.8415     6.93      nan      nan   10.035  nan      nan    nan   0.957     nan                                None     -46.715    -105.127     -45.219       0.085    -109.532       0.063
Gaia DR3 4128522607316737920 256.3246831 -19.1308818 17.145  3.263       2.405  11.0533  25.2868   -11.74      nan      nan   10.612  nan      nan    nan   1.003     nan                                None     -35.931    -114.269     -31.349       0.103    -111.448       0.074
Gaia DR3 4330567356498905088 246.3472170 -13.4617595 17.328  3.085       0.932  10.1230  25.5055   -13.61      nan      nan    7.996  nan      nan    nan   1.044     nan                                None     -34.796     -82.468     -34.585       0.160     -80.911       0.105
Gaia DR3 6233909597218521728 236.8435655 -27.2416813 17.994  3.731       2.239   8.5965  26.1527     1.75      nan      nan   11.283  nan      nan    nan   1.043     nan                                None     -58.103    -116.662     -62.361       0.180    -119.859       0.123
Gaia DR3 5978433745585776256 256.4307753 -33.5455130 15.327  2.561       2.477  13.8792  26.6970     1.31      nan      nan    9.690  nan      nan    nan   1.017     nan                                None     -32.707    -107.073     -37.464       0.043    -105.348       0.028
Gaia DR3 6019459749825113344 249.8871329 -36.8107793 18.134  3.607       2.165  13.8034  27.5042     5.90      nan      nan    8.689  nan      nan    nan   0.977     nan                                None     -34.954     -93.515     -38.882       0.179     -94.064       0.137
Gaia DR3 6252361979311249792 229.6577133 -21.9060227 18.207  3.663       2.638  14.6421  27.9170     0.17      nan      nan    9.552  nan      nan    nan   0.935     nan                                None     -54.064     -96.243     -59.347       0.222     -95.703       0.171
Gaia DR3 6260211946878028416 237.2130028 -18.0261126  9.812  0.952       1.400   9.4648  29.0507    -6.27      nan      nan    7.611  nan      nan    nan   1.679     nan                                None     -38.976     -78.206     -36.731       0.031     -78.290       0.021
Gaia DR3 6239311291687092992 233.3858495 -23.5071120 19.602  1.156       1.159  11.0494  29.1017    -0.06      nan      nan   11.349  nan      nan    nan   0.961     nan                                None     -61.350    -115.925     -64.031       0.489    -116.631       0.306
Gaia DR3 5994287088275075968 244.5825169 -38.9086656 14.105  2.353       2.621  15.3777  29.2275     9.22      nan      nan    9.481  nan      nan    nan   2.221     nan                                None     -42.753     -99.179     -47.280       0.050     -96.541       0.030
Gaia DR3 6050633520106358272 248.0888512 -23.9736634    nan    nan       0.323   2.4608  29.4172    -5.03      nan      nan   12.339  nan      nan    nan   1.043     nan                                None     -51.723    -132.240     -51.063       0.741    -132.759       0.564
Gaia DR3 6014377158544571520 232.3273701 -34.0853807 11.337  1.175       0.626  15.5624  29.6786     9.23      nan      nan    9.192  nan      nan    nan   1.032     nan                                None     -50.374     -91.797     -51.155       0.023     -90.867       0.021
Gaia DR3 4109390319095437952 258.0272183 -25.4446241 13.216  1.754       2.750  11.6049  29.9834    -6.48      nan      nan    7.805  nan      nan    nan   0.983     nan                                None     -25.056     -85.993     -25.344       0.019     -81.478       0.013
