GaiaDR3                               RA         DEC   Gmag  Bp-Rp  Voff(km/s) Sep(deg)   3D(pc) Vr(pred)  Vr(obs)    Vrerr Plx(mas)  SpT    FnuvJ  W1-W3    RUWE  XCrate                               RVsrc    PMRApred   PMDecpred        PMRA     PMRAerr       PMDec    PMDecerr
Gaia DR3 4747624104168195072  47.5172824 -50.8322593  7.431  0.726       0.000   0.0000   0.0000    -0.04      nan      nan   13.011  nan      nan    nan   0.987     nan                                None      97.986      27.924      97.986       0.017      27.924       0.020
Gaia DR3 4753592085781212160  45.4112210 -47.4555938 13.893  2.445       1.086   3.6465   8.2070    -0.33      nan      nan   14.263  nan      nan    nan   1.200     nan                                None     108.214      27.645     110.239       0.015      25.082       0.018
Gaia DR3 4753592459442101632  45.3812096 -47.4597191 18.266  3.900       0.996   3.6501   8.4728    -0.34      nan      nan   14.329  nan      nan    nan   0.950     nan                                None     108.728      27.732     109.847       0.125      24.937       0.161
Gaia DR3 4743138925656526848  34.6828456 -54.8586124 14.392  2.064       2.742   8.7169  11.6571    -5.43      nan      nan   13.242  nan      nan    nan   0.915     nan                                None     102.115       9.779      94.925       0.041      12.402       0.043
Gaia DR3 4722762432573179392  52.8363139 -60.5062493  9.422  0.931       0.909  10.1203  13.5192    -0.13      nan      nan   13.111  nan      nan    nan   1.158     nan                                None      96.299      35.608      93.932       0.016      34.767       0.016
Gaia DR3 4755647382251174016  44.0052141 -43.0660156 19.241  1.260       2.570   8.1254  14.2982    -0.27      nan      nan   14.972  nan      nan    nan   1.024     nan                                None     114.067      27.106     109.484       0.167      33.798       0.221
Gaia DR3 4755647382251173760  44.0064000 -43.0631689 15.686  3.313       2.261   8.1279  14.4317    -0.27      nan      nan   15.017  nan      nan    nan   2.696     nan                                None     114.410      27.189     110.028       0.067      32.847       0.083
Gaia DR3 4853903555240125952  49.9103717 -39.1435974 16.065  3.257       2.859  11.8089  16.1240     3.18      nan      nan   12.694  nan      nan    nan   1.020     nan                                None      94.636      29.207      98.888       0.034      22.847       0.048
Gaia DR3 4728978590280049920  54.8374583 -58.8915497 15.038  2.587       2.328   9.0818  16.2658     0.85      nan      nan   11.530  nan      nan    nan   1.096     nan                                None      83.689      33.829      78.068       0.027      34.471       0.027
Gaia DR3 4782768863774747520  64.4159300 -48.8020644 15.112  2.750       1.851  11.0652  17.0858     6.94      nan      nan   14.968  nan      nan    nan   1.043     nan                                None     100.640      55.957     106.342       0.023      54.699       0.027
Gaia DR3 4750454968652581888  45.8392905 -48.7843885 17.814  3.550       1.512   2.3164  17.8057    -0.36      nan      nan   10.601  nan      nan    nan   0.962     nan                                None      80.320      20.977      79.396       0.122      17.725       0.129
Gaia DR3 4833485555592923904  55.8122647 -46.7676690 14.038  2.690       0.891   6.8032  17.8120     4.16      nan      nan   16.391  nan      nan    nan   1.168     nan                                None     118.229      47.867     120.501       0.016      45.791       0.019
Gaia DR3 4829424608178391168  56.8341267 -51.0275396 18.103  0.455       2.803   5.8715  18.9167     3.50      nan      nan   10.677  nan      nan    nan   0.978     nan                                None      76.480      32.853      75.606       0.096      39.102       0.109
Gaia DR3 4849953009959970688  53.4753177 -40.3443065 17.312    nan       2.409  11.2771  21.4093     4.61      nan      nan   11.035  nan      nan    nan   1.084     nan                                None      80.756      28.824      86.349       0.103      28.483       0.158
Gaia DR3 4950508571001924736  38.1565012 -40.8202355 15.744  2.909       2.012  11.9284  21.7247    -2.74      nan      nan   11.109  nan      nan    nan   1.754     nan                                None      85.547      14.438      87.242       0.039      10.042       0.048
Gaia DR3 4780700785482456448  66.5877604 -53.1544790 13.123  2.735       2.404  11.9323  21.7791     6.29      nan      nan   16.582  nan      nan    nan   1.846     nan                                None     109.040      66.999     100.641       0.022      67.316       0.032
Gaia DR3 4849953009961323136  53.4750240 -40.3443954 15.551  2.770       2.193  11.2769  22.1578     4.61      nan      nan   10.910  nan      nan    nan   1.221     nan                                None      79.845      28.498      84.567       0.029      26.722       0.036
Gaia DR3 4958945325583891584  25.2544219 -42.5410197 18.654  3.857       1.691  17.2812  22.8950    -8.97      nan      nan   13.318  nan      nan    nan   0.928     nan                                None     101.195       1.494     101.332       0.114      -3.252       0.149
Gaia DR3 4850191054228774272  52.1520728 -40.1427794 11.570  1.323       2.773  11.1666  22.9844     4.04      nan      nan   10.762  nan      nan    nan   1.084     nan                                None      79.344      26.897      74.690       0.014      22.666       0.017
Gaia DR3 4850191054228774400  52.1523080 -40.1445120 11.065  1.142       1.486  11.1650  23.1658     4.04      nan      nan   10.734  nan      nan    nan   0.879     nan                                None      79.140      26.829      77.488       0.011      23.899       0.014
Gaia DR3 4770947941248541568  75.8777497 -53.4152065 11.722  1.621       2.224  17.4836  23.1971     9.05      nan      nan   13.241  nan      nan    nan   0.936     nan                                None      77.317      64.305      80.505       0.010      58.979       0.013
Gaia DR3 5051327602516211968  45.2685342 -33.1098346  7.106  0.652       0.354  17.7989  23.7305     1.88      nan      nan   14.318  nan      nan    nan   2.199     nan                                None     108.683      26.984     108.941       0.027      25.948       0.036
Gaia DR3 4938040761978194304  30.7615804 -49.3423775 10.902  1.121       2.912  10.8296  24.0771    -6.70      nan      nan   10.553  nan      nan    nan   0.976     nan                                None      81.153       4.698      74.980       0.010       6.662       0.012
Gaia DR3 5054027212800281984  52.1640475 -32.5912013 15.193  2.863       1.602  18.5586  24.8096     5.57      nan      nan   12.987  nan      nan    nan   1.025     nan                                None      95.742      30.734      99.475       0.018      33.035       0.027
Gaia DR3 4645913407379606528  45.0514996 -70.4031452 15.072  2.705       1.235  19.6044  25.8770    -3.96      nan      nan   14.232  nan      nan    nan   0.963     nan                                None     108.102      24.380     111.285       0.027      22.484       0.026
Gaia DR3 4864116575153482752  67.6535099 -40.3949097  8.012  0.833       1.557  17.4360  26.2873    10.80      nan      nan   11.628  nan      nan    nan   1.042     nan                                None      75.576      43.331      71.777       0.017      43.701       0.024
Gaia DR3 4908820823856515840  14.8659743 -55.3198471 18.165  3.763       2.392  19.9245  26.4507   -12.50      nan      nan   13.167  nan      nan    nan   0.972     nan                                None      95.281     -18.670      98.979       0.112     -24.184       0.122
Gaia DR3 4697665869214455808  25.5438437 -67.4982359 18.488  0.808       1.576  19.8754  27.6187    -8.28      nan      nan   15.788  nan      nan    nan   1.001     nan                                None     120.070     -10.435     121.466       0.147      -5.380       0.141
Gaia DR3 4882218517979979392  61.1697071 -34.2704486 16.969  3.495       2.874  19.3061  27.6333     9.65      nan      nan   11.991  nan      nan    nan   1.013     nan                                None      83.060      36.381      87.607       0.077      30.713       0.101
Gaia DR3 4780840389099591552  66.9128984 -52.4610029 15.269  2.554       2.134  12.1074  27.8060     6.63      nan      nan   10.224  nan      nan    nan   1.060     nan                                None      66.998      41.446      65.459       0.028      37.110       0.030
Gaia DR3 4971597650698346112  34.9931049 -31.4205397 14.602  2.675       2.804  21.5138  28.9634    -3.42      nan      nan   12.793  nan      nan    nan   1.107     nan                                None      98.656      14.773      94.311       0.025      20.962       0.023
Gaia DR3 4768994697497925248  84.6956005 -52.4885201  8.572  0.748       1.846  22.8658  29.9023    11.83      nan      nan   14.421  nan      nan    nan   0.901     nan                                None      72.077      79.140      75.728       0.016      74.880       0.016
