GaiaDR3                               RA         DEC   Gmag  Bp-Rp  Voff(km/s) Sep(deg)   3D(pc) Vr(pred)  Vr(obs)    Vrerr Plx(mas)  SpT    FnuvJ  W1-W3    RUWE  XCrate                               RVsrc    PMRApred   PMDecpred        PMRA     PMRAerr       PMDec    PMDecerr
Gaia DR3 1265513389372846848 222.2100696  22.1526158 11.134  1.148       0.000   0.0000   0.0000   -27.62      nan      nan    9.905  nan      nan    nan   1.223     nan                                None     -51.964      16.034     -51.964       0.014      16.034       0.021
Gaia DR3 1265513389372846720 222.2102313  22.1512899 16.169  2.673       0.880   0.0013   1.3461   -27.62      nan      nan   10.039  nan      nan    nan   1.200     nan                                None     -52.666      16.250     -51.811       0.037      14.595       0.056
Gaia DR3 1263671638677195264 227.0090511  23.7211359 13.496    nan       1.393   4.6892   8.5869   -29.21      nan      nan   10.178  nan      nan    nan   0.990     nan                                None     -48.095      19.804     -49.336       0.028      22.524       0.028
Gaia DR3 1263671638677195392 227.0085398  23.7213282 12.857  1.864       2.370   4.6889   8.8158   -29.21      nan      nan   10.254  nan      nan    nan   1.006     nan                                None     -48.456      19.952     -50.552       0.022      24.627       0.021
Gaia DR3 1235773008590203776 218.9740039  17.6307349 10.467  1.171       2.608   5.4498  10.2143   -26.75      nan      nan    9.613  nan      nan    nan   1.112     nan                                None     -53.612      10.208     -48.792       0.021       8.040       0.019
Gaia DR3 1187847289600363008 223.3411086  16.0315211 12.467  1.630       1.020   6.2136  11.0093   -28.74      nan      nan    9.832  nan      nan    nan   1.213     nan                                None     -50.406       9.996     -49.834       0.014      12.032       0.016
Gaia DR3 1280843811279331072 219.4592170  28.3760511 15.568  2.619       2.183   6.7015  11.8173   -25.54      nan      nan   10.066  nan      nan    nan   1.388     nan                                None     -55.648      21.318     -59.653       0.039      23.644       0.041
Gaia DR3 1280843811279330688 219.4600253  28.3748641 18.522  3.412       2.385   6.7001  11.8482   -25.54      nan      nan    9.848  nan      nan    nan   1.010     nan                                None     -54.441      20.855     -58.640       0.149      23.476       0.148
Gaia DR3 1239797388651209600 216.1131435  19.3108131 17.878  3.390       2.717   6.3700  12.5959   -25.32      nan      nan   10.574  nan      nan    nan   1.057     nan                                None     -61.904      11.975     -66.344       0.125       7.856       0.131
Gaia DR3 1239797388651209472 216.1114796  19.3121666 16.241  2.854       2.621   6.3708  12.7417   -25.32      nan      nan   10.609  nan      nan    nan   1.002     nan                                None     -62.109      12.015     -66.019       0.046       7.648       0.048
Gaia DR3 1265934158728887680 222.1920490  23.3767837 14.593  2.404       2.766   1.2243  12.9342   -27.44      nan      nan    8.796  nan      nan    nan   1.124     nan                                None     -46.162      15.325     -51.012       0.017      13.658       0.021
Gaia DR3 1280592744671382528 217.6715362  27.5765539 14.689  2.208       0.998   6.8083  13.0360   -24.94      nan      nan   10.518  nan      nan    nan  21.426     nan                                None     -60.003      20.628     -61.459       0.349      22.294       0.339
Gaia DR3 1187137657923873792 225.1518375  16.1223417 10.437  0.976       1.196   6.6391  13.3421   -29.46      nan      nan   10.659  nan      nan    nan   0.976     nan                                None     -52.560      11.409     -51.393       0.015       8.987       0.018
Gaia DR3 1263848179012708480 229.0304848  23.7338100 12.771  1.913       1.949   6.4760  14.2479   -29.91      nan      nan   10.899  nan      nan    nan   2.184     nan                                None     -49.001      21.936     -49.148       0.025      17.459       0.030
Gaia DR3 1261781440749614336 227.4713187  22.2798378 14.318  2.319       2.628   4.8721  14.2949   -29.60      nan      nan    8.926  nan      nan    nan   1.074     nan                                None     -41.715      16.107     -38.969       0.021      11.995       0.019
Gaia DR3 1267943688027211392 225.9510157  25.7208073 15.976  3.110       2.817   4.9413  16.3729   -28.49      nan      nan   11.533  nan      nan    nan   1.140     nan                                None     -55.855      24.463     -53.293       0.035      30.815       0.044
Gaia DR3 1238792027001944448 215.8046705  17.8935008 16.627  3.125       2.997   7.3710  16.8600   -25.30      nan      nan   11.195  nan      nan    nan   1.048     nan                                None     -65.863      11.086     -60.759       0.066       6.188       0.059
Gaia DR3 1274697197687312000 228.9396095  28.4312446 15.792  2.840       2.524   8.7391  17.2353   -29.00      nan      nan   10.878  nan      nan    nan   1.037     nan                                None     -49.020      27.404     -45.999       0.022      22.466       0.026
Gaia DR3 1185061432078512128 224.0772422  13.9233442 17.836  3.453       2.625   8.4182  17.8825   -29.20      nan      nan   11.136  nan      nan    nan   0.818     nan                                None     -56.209       9.004     -50.046       0.137       8.928       0.140
Gaia DR3 1242842593479160064 218.5189577  23.7102377 13.787  2.301       2.583   3.7390  18.3596   -25.88      nan      nan   11.961  nan      nan    nan   1.189     nan                                None     -67.245      19.565     -64.294       0.014      13.759       0.017
Gaia DR3 1220563739126355712 232.8860636  22.5302505  8.903  0.700       2.814   9.8797  18.4818   -31.37      nan      nan   10.751  nan      nan    nan  19.673     nan                                None     -43.462      21.391     -43.083       0.216      15.025       0.178
Gaia DR3 1227618377523650688 215.8697490  13.3044668 13.488  2.059       2.754  10.7081  18.8193   -25.63      nan      nan   10.237  nan      nan    nan   1.044     nan                                None     -60.165       5.750     -64.885       0.024       2.138       0.018
Gaia DR3 1266527620129805824 223.5419915  25.0762201 16.295  2.884       2.318   3.1680  19.0388   -27.71      nan      nan    8.403  nan      nan    nan   1.091     nan                                None     -42.898      16.510     -43.089       0.036      12.409       0.043
Gaia DR3 1246101958260827392 211.8728136  19.1459166 14.117  2.023       2.480  10.1266  19.5766   -23.33      nan      nan    9.290  nan      nan    nan   0.978     nan                                None     -57.959       9.014     -54.192       0.017      12.079       0.015
Gaia DR3 1289656190818663424 223.2020642  33.4549881 18.544  3.578       2.939  11.3362  19.9031   -25.93      nan      nan    9.949  nan      nan    nan   0.999     nan                                None     -51.153      27.646     -48.568       0.102      22.050       0.157
Gaia DR3 1271853242139342336 231.3229038  28.2516502 12.767  1.668       1.985  10.2495  19.9693   -29.80      nan      nan    9.253  nan      nan    nan   1.154     nan                                None     -39.130      23.929     -40.171       0.008      27.658       0.011
Gaia DR3 1259570769542537856 215.8106367  27.4715088 16.942  3.125       2.935   7.8731  20.7034   -24.17      nan      nan    8.665  nan      nan    nan   1.060     nan                                None     -50.973      16.158     -46.482       0.067      13.229       0.064
Gaia DR3 1259570769542537600 215.8136334  27.4695307 13.755  2.147       2.914   7.8698  20.7342   -24.17      nan      nan    8.661  nan      nan    nan   1.180     nan                                None     -50.949      16.151     -46.918       0.016      12.679       0.015
Gaia DR3 1214424822106544768 232.7718317  21.4824167 13.193  1.995       1.611   9.8261  20.8718   -31.50      nan      nan   11.403  nan      nan    nan   1.051     nan                                None     -46.256      21.271     -48.438       0.013      24.472       0.013
Gaia DR3 1214424100552037248 232.7212715  21.4184520 11.766  1.488       1.620   9.7861  20.9250   -31.49      nan      nan   11.427  nan      nan    nan   1.404     nan                                None     -46.421      21.216     -48.723       0.017      24.367       0.017
Gaia DR3 1264660202709860608 227.0892061  25.0686900 16.895  3.263       2.926   5.3368  21.1768   -29.01      nan      nan   12.264  nan      nan    nan   1.079     nan                                None     -57.842      25.667     -50.313       0.058      26.397       0.078
Gaia DR3 1170813243146536576 230.4430625  13.4596130 13.341  1.974       0.652  11.6982  21.3154   -31.64      nan      nan    9.542  nan      nan    nan   1.057     nan                                None     -41.335       8.398     -41.585       0.014       7.112       0.013
Gaia DR3 1168656134475859328 227.8432628  11.6314386 18.099  3.767       1.536  11.8170  21.5094   -30.81      nan      nan   10.766  nan      nan    nan   1.001     nan                                None     -49.861       6.737     -53.176       0.158       7.817       0.163
Gaia DR3 1272500820127956864 233.5433203  28.6201340 14.508  2.413       2.892  12.1002  22.2977   -30.38      nan      nan    9.457  nan      nan    nan   1.033     nan                                None     -37.485      25.558     -33.896       0.013      30.069       0.020
Gaia DR3 1255820678977553024 215.0443971  24.9052722 12.696  1.888       0.508   7.1217  22.5690   -24.20      nan      nan   12.285  nan      nan    nan   1.236     nan                                None     -73.151      19.673     -72.912       0.015      20.967       0.014
Gaia DR3 1270383126373629312 229.8153414  26.0317774 15.816  2.639       2.525   7.9504  22.9474   -29.77      nan      nan    8.460  nan      nan    nan   1.020     nan                                None     -37.270      19.381     -34.223       0.025      16.063       0.036
Gaia DR3 1273543569467681280 232.8917538  29.5606989 14.283  2.480       2.564  12.1246  22.9751   -29.98      nan      nan   11.128  nan      nan    nan   1.074     nan                                None     -44.981      30.990     -47.525       0.012      36.441       0.017
Gaia DR3 1273543672546898048 232.8899119  29.5769355 16.619  3.199       2.697  12.1326  23.0381   -29.97      nan      nan   11.145  nan      nan    nan   1.025     nan                                None     -45.050      31.055     -47.989       0.038      36.668       0.053
Gaia DR3 1180256364401413376 224.2612764  10.6736447 15.140  2.538       2.956  11.6457  23.1663   -29.45      nan      nan    9.100  nan      nan    nan   1.106     nan                                None     -45.751       4.196     -46.875       0.032       9.753       0.030
Gaia DR3 1266281879281321600 224.6349289  24.7891149 18.982  3.291       0.922   3.4492  23.3594   -28.17      nan      nan    8.108  nan      nan    nan   1.052     nan                                None     -40.439      16.021     -40.765       0.169      14.478       0.222
Gaia DR3 1479653994829107456 217.0412578  34.1754586 14.967  2.634       1.749  12.8518  24.0419   -23.46      nan      nan   11.131  nan      nan    nan   1.177     nan                                None     -64.180      28.022     -61.649       0.013      31.255       0.022
Gaia DR3 1290657399234236032 226.5773509  34.2502942 15.390  2.778       1.070  12.6911  24.2675   -26.89      nan      nan    9.230  nan      nan    nan   1.073     nan                                None     -44.062      27.864     -43.919       0.021      29.942       0.027
Gaia DR3 1283048332093175168 221.9626294  30.7388996 17.267  3.207       2.597   8.5891  24.3589   -26.07      nan      nan    8.406  nan      nan    nan   1.028     nan                                None     -44.319      20.670     -46.723       0.082      16.745       0.089
Gaia DR3 1226331944624243584 212.8881498  12.0788480 18.270  3.273       1.983  13.4378  24.8773   -24.23      nan      nan    9.393  nan      nan    nan   0.883     nan                                None     -57.762       3.573     -58.608       0.214      -0.262       0.162
Gaia DR3 1243258208874246528 208.6728151  15.9417753 10.960  1.083       0.900  14.2132  24.9203   -21.93      nan      nan    9.957  nan      nan    nan   0.945     nan                                None     -64.784       5.933     -63.312       0.021       7.117       0.012
Gaia DR3 1294879249007214592 224.3539774  36.4625731 16.936  2.963       2.764  14.4303  25.2614   -25.59      nan      nan    9.995  nan      nan    nan   0.967     nan                                None     -50.155      31.211     -44.332       0.041      31.314       0.054
Gaia DR3 1229441810184177536 216.3086847  16.4840293 19.691  3.240       1.687   7.9442  25.3921   -25.64      nan      nan    8.251  nan      nan    nan   1.017     nan                                None     -48.150       7.206     -45.290       0.449       7.865       0.387
Gaia DR3 1277965805234537344 229.5463358  32.3452886 15.595  2.636       1.968  12.0919  25.8481   -28.31      nan      nan    8.804  nan      nan    nan   1.005     nan                                None     -39.059      26.028     -40.830       0.020      22.833       0.026
Gaia DR3 3724099901081748224 212.1456565  10.7197800 16.167  2.797       2.791  14.9493  26.3884   -23.89      nan      nan    9.824  nan      nan    nan   1.061     nan                                None     -61.055       2.399     -66.761       0.056       3.327       0.045
Gaia DR3 1223820080247353088 237.6544540  28.0820973 13.954  2.177       2.435  15.1725  26.6445   -31.61      nan      nan   10.637  nan      nan    nan   1.004     nan                                None     -36.776      29.438     -31.564       0.012      31.070       0.016
Gaia DR3 1238445745263425536 221.6297240  21.5101245 18.502  0.785       2.510   0.8385  26.9551   -27.46      nan      nan   13.508  nan      nan    nan   0.983     nan                                None     -71.682      20.717     -78.352       0.132      23.283       0.145
Gaia DR3 1196786181698374272 237.1826065  17.6580723 17.219  3.221       1.634  14.7688  27.3957   -33.33      nan      nan    9.345  nan      nan    nan   1.043     nan                                None     -32.860      14.078     -35.603       0.087      12.395       0.074
Gaia DR3 1289376639987806976 224.0972821  32.7138745 17.151  3.037       1.576  10.6926  27.8484   -26.42      nan      nan    8.346  nan      nan    nan   0.962     nan                                None     -42.112      22.959     -44.863       0.044      22.613       0.062
Gaia DR3 1273174236640553472 234.4720773  30.1037892  8.675  0.736       2.028  13.5644  27.8522   -30.30      nan      nan   11.980  nan      nan    nan   1.008     nan                                None     -46.132      34.731     -41.017       0.011      34.465       0.017
Gaia DR3 1165507206189501184 232.9780708   9.6608744  8.579  0.714       2.418  16.2090  28.1834   -32.71      nan      nan   10.279  nan      nan    nan  16.426     nan                                None     -41.442       4.802     -39.894       0.316      -0.204       0.279
Gaia DR3 1278242882164814208 228.9255077  32.9644746 18.149 -0.045       1.649  12.3345  28.2514   -27.96      nan      nan    8.556  nan      nan    nan   1.012     nan                                None     -38.570      25.619     -41.364       0.075      24.601       0.088
Gaia DR3 3728557561738913152 208.0576853  13.1755674 15.246  2.422       1.433  16.1822  28.3426   -21.71      nan      nan   10.690  nan      nan    nan   1.073     nan                                None     -70.080       3.806     -67.502       0.035       5.749       0.024
Gaia DR3 1289376639987806720 224.0985562  32.7133665 15.266  2.584       1.070  10.6923  28.5040   -26.42      nan      nan    8.286  nan      nan    nan   1.027     nan                                None     -41.805      22.792     -43.588       0.017      23.355       0.024
Gaia DR3 1284382280215556736 217.5782938  29.6674284 14.765  2.522       1.089   8.5898  28.5224   -24.55      nan      nan    8.062  nan      nan    nan   1.104     nan                                None     -46.068      17.313     -47.474       0.024      18.518       0.023
Gaia DR3 1454695944167862400 205.2930542  27.8140245 14.704  2.344       1.885  16.3268  28.6482   -19.23      nan      nan   10.755  nan      nan    nan   1.210     nan                                None     -72.778      14.541     -68.683       0.029      13.314       0.018
Gaia DR3 1171686049220232576 222.0819811   7.1324715 15.308  2.611       2.942  15.0207  28.6606   -28.61      nan      nan    9.157  nan      nan    nan   1.100     nan                                None     -48.162       0.478     -47.287       0.039       6.090       0.038
Gaia DR3 1458618005220518272 208.1475058  33.1601388 14.349  2.513       2.363  16.5914  29.0112   -19.87      nan      nan   10.696  nan      nan    nan   1.127     nan                                None     -70.038      20.382     -73.553       0.012      16.379       0.014
Gaia DR3 1206158414515482368 240.2559391  21.8579646 19.594  3.040       1.578  16.7240  29.0548   -33.51      nan      nan   10.297  nan      nan    nan   1.013     nan                                None     -32.204      21.457     -28.781       0.253      21.616       0.311
Gaia DR3 1316543991762045696 239.4873540  27.3171148 14.250  2.386       2.525  16.5019  29.4309   -32.23      nan      nan   11.089  nan      nan    nan   1.064     nan                                None     -35.770      30.243     -39.053       0.011      35.148       0.015
Gaia DR3 1480928092579580544 213.9055545  35.5426976 14.251  2.693       2.265  15.2224  29.7730   -21.92      nan      nan    9.011  nan      nan    nan   1.438     nan                                None     -54.597      22.049     -50.632       0.014      23.719       0.023
Gaia DR3 3673996530593543552 213.5748801   7.0756136 16.429  3.078       2.994  17.2233  29.9171   -24.64      nan      nan   10.501  nan      nan    nan   0.939     nan                                None     -63.934      -0.606     -70.480       0.065      -1.641       0.055
