GaiaDR3                               RA         DEC   Gmag  Bp-Rp  Voff(km/s) Sep(deg)   3D(pc) Vr(pred)  Vr(obs)    Vrerr Plx(mas)  SpT    FnuvJ  W1-W3    RUWE  XCrate                               RVsrc    PMRApred   PMDecpred        PMRA     PMRAerr       PMDec    PMDecerr
Gaia DR3 4906145613282734208   5.6185190 -59.9425900 12.074  0.770       0.000   0.0000   0.0000     0.21      nan      nan    2.912  nan      nan    nan   0.935     nan                                None     -22.340      -5.039     -22.340       0.010      -5.039       0.011
Gaia DR3 4906254323199006720   6.5736633 -59.5389793 19.236  2.578       2.801   0.6281  10.9629    -0.15      nan      nan    2.828  nan      nan    nan   1.010     nan                                None     -21.618      -5.204     -19.962       0.218      -4.990       0.236
Gaia DR3 4906145608987769216   5.6170623 -59.9406647 19.032  2.641       2.137   0.0021  20.4277     0.21      nan      nan    3.096  nan      nan    nan   1.020     nan                                None     -23.753      -5.357     -22.363       0.177      -5.478       0.222
Gaia DR3 4904712189421622656   0.7590151 -62.3771925 19.463  2.780       0.813   3.3779  21.1943     2.00      nan      nan    2.865  nan      nan    nan   1.065     nan                                None     -22.253      -3.284     -22.212       0.316      -3.773       0.265
Gaia DR3 4902609721326874240  11.8972299 -61.6334141 19.398  2.507       1.880   3.4978  22.5546    -1.41      nan      nan    2.848  nan      nan    nan   1.035     nan                                None     -21.258      -7.003     -21.290       0.290      -8.131       0.263
Gaia DR3 4906221234771513216   5.8350291 -59.4323533 19.397  2.682       1.723   0.5218  23.7188     0.07      nan      nan    2.726  nan      nan    nan   1.011     nan                                None     -20.894      -4.785     -20.344       0.264      -3.962       0.287
Gaia DR3 6488135686494670720 357.8518108 -60.6421843 19.028  2.807       1.478   3.9096  25.4550     2.75      nan      nan    2.836  nan      nan    nan   0.936     nan                                None     -22.123      -2.309     -22.981       0.175      -2.524       0.181
Gaia DR3 4919006806951492096   6.4592954 -56.6473119 16.883  2.169       2.482   3.3247  27.3804    -0.55      nan      nan    2.766  nan      nan    nan   1.027     nan                                None     -21.152      -5.044     -21.297       0.051      -3.604       0.059
Gaia DR3 4902204929249220608  11.1725458 -62.9617379 15.747  1.814       2.678   4.0172  27.7921    -0.94      nan      nan    2.805  nan      nan    nan   1.059     nan                                None     -21.019      -6.679     -20.608       0.038      -8.208       0.032
Gaia DR3 4901282988749358336   3.6862907 -63.2465276 13.961  1.136       2.509   3.4290  28.0223     1.24      nan      nan    2.764  nan      nan    nan   0.897     nan                                None     -21.326      -4.126     -22.533       0.015      -4.951       0.015
Gaia DR3 4901574324970993792   4.1657697 -62.4494642 18.869  2.932       2.977   2.6026  28.4256     1.00      nan      nan    3.132  nan      nan    nan   1.007     nan                                None     -24.137      -4.867     -25.794       0.175      -5.925       0.181
