GaiaDR3                               RA         DEC   Gmag  Bp-Rp  Voff(km/s) Sep(deg)   3D(pc) Vr(pred)  Vr(obs)    Vrerr Plx(mas)  SpT    FnuvJ  W1-W3    RUWE  XCrate                               RVsrc    PMRApred   PMDecpred        PMRA     PMRAerr       PMDec    PMDecerr
Gaia DR3 4610267648427698816 271.9355112  39.0728875  8.515  1.433       0.000   0.0000   0.0000   -20.81   -20.81     0.13   44.109  nan      nan    nan   1.024     nan                            Gaia_DR3      54.536    -283.051      54.536       0.016    -283.051       0.016
Gaia DR3 4537477783950449280 280.8104389  25.3786473 11.041  2.006       2.797  15.5973  11.8574   -12.23    18.24     0.18   31.243  nan      nan    nan   0.996     nan                            Gaia_DR3      35.094    -229.708      39.341       0.011    -211.780       0.014
Gaia DR3 4440061500403600768 247.0718225   7.6205868 15.852  3.934       1.913  38.5788  16.8755    -4.60      nan      nan   37.122  nan      nan    nan   1.076     nan                                None      51.591    -285.384      36.651       0.054    -284.466       0.049
Gaia DR3 1961385914819977216 332.5910340  42.8480762 13.491  2.962       2.513  44.9617  17.0689   -20.15   -75.50     0.84   45.595  nan      nan    nan   1.359     nan                            Gaia_DR3       2.296    -302.119      -9.499       0.014    -281.036       0.015
Gaia DR3 1306197930941817984 253.9123766  25.5620767 16.965  0.073       1.999  20.2882  17.1364   -14.89      nan      nan   27.403  nan      nan    nan   1.027     nan                                None      37.623    -194.192      49.005       0.049    -196.137       0.052
Gaia DR3 1632761096368255872 264.5207435  65.1570556 13.575  2.942       1.553  26.4374  18.2144   -32.39    -4.90     3.58   28.199  nan      nan    nan   1.293     nan                            Gaia_DR3      36.893    -103.887      45.330       0.017    -100.133       0.017
Gaia DR3 1619867810703874688 228.9070250  63.8307917 11.333  2.117       2.975  35.3148  18.2590   -33.76    12.38     0.24   32.038  nan      nan    nan   1.128     nan                            Gaia_DR3      42.889     -98.618      44.312       0.018    -118.658       0.019
Gaia DR3 4103671243754951296 279.6869546 -14.4930903 10.241  2.363       2.222  54.0536  18.3540    12.86   -38.94     0.40   74.792  nan      nan    nan   1.154     nan                            Gaia_DR3      85.198    -546.132     111.739       0.059    -568.995       0.047
Gaia DR3 2098002948989878144 279.9684431  39.2295329  9.123  1.157       0.397   6.2293  18.6919   -20.28   -17.36     0.13   24.351  nan      nan    nan   1.016     nan                            Gaia_DR3      27.643    -158.533      25.811       0.013    -159.429       0.013
Gaia DR3 1147862174868109184 158.7978557  84.3995345  7.081  0.984       2.375  53.3069  19.6866   -37.20     9.45     0.12   47.388  nan      nan    nan   0.923     nan                            Gaia_DR3       4.750      29.598      19.761       0.018      47.973       0.017
Gaia DR3 1601771773455820800 236.8784111  57.2293485 14.508  3.052       2.093  29.0763  21.2063   -31.37     1.63     2.21   26.362  nan      nan    nan   1.156     nan                            Gaia_DR3      36.331    -106.384      27.898       0.019     -98.369       0.023
Gaia DR3 1209100608847430528 230.4868077  18.5966484 11.063  2.106       2.324  41.1897  21.4507   -13.24    -7.40     0.27   30.805  nan      nan    nan   1.196     nan                            Gaia_DR3      41.543    -222.875      32.317       0.019    -210.934       0.017
Gaia DR3 6317854118838346752 232.0512507  -9.3594477  7.321  1.074       2.237  60.9688  22.0611     4.55     7.40     0.14   48.345  nan      nan    nan   1.107     nan                            Gaia_DR3      65.624    -371.998      82.532       0.028    -356.698       0.022
Gaia DR3 1277974463888541568 228.8246219  31.9607104 13.645  2.642       0.982  35.4631  22.2971   -20.97     7.33    25.14   27.420  nan      nan    nan   1.191     nan                            Gaia_DR3      36.693    -174.743      41.125       0.010    -171.192       0.012
Gaia DR3 1277974463888541440 228.8257069  31.9609939 13.583  2.609       1.818  35.4622  22.3037   -20.97     7.12     1.16   27.414  nan      nan    nan   1.207     nan                            Gaia_DR3      36.684    -174.702      34.227       0.010    -164.485       0.012
Gaia DR3 6764810715133775744 291.9700427 -28.1897480 13.489  3.427       2.732  69.8121  22.4887    21.62      nan      nan   66.218  nan      nan    nan   2.883     nan                                None      62.459    -420.244      75.677       0.081    -456.020       0.077
Gaia DR3 1486775776452162432 220.6643222  37.6370975 14.907  3.117       1.619  39.6880  23.4804   -24.55    18.60     3.55   27.830  nan      nan    nan   1.061     nan                            Gaia_DR3      35.365    -161.149      34.340       0.017    -170.590       0.022
Gaia DR3 1669828966234496000 216.9720232  66.0579478 12.907  2.568       2.385  40.8044  23.9164   -34.81    -3.02     0.75   27.827  nan      nan    nan   1.316     nan                            Gaia_DR3      34.273     -71.058      27.244       0.022     -58.963       0.020
Gaia DR3 3728979323235476352 208.1511029  14.4210200 10.790  2.346       1.884  60.7172  23.9447   -12.95     3.20     0.26   40.664  nan      nan    nan   1.297     nan                            Gaia_DR3      45.460    -296.770      46.333       0.030    -280.644       0.017
Gaia DR3 6562924609150908416 323.3912519 -49.0126304  7.740  2.240       2.372  99.1198  23.9657    31.97    12.72     0.13  201.325  nan      nan    nan   1.097     nan                            Gaia_DR3      54.751    -815.844     -45.917       0.023    -816.875       0.018
Gaia DR3 3728979327527368064 208.1510948  14.4213598 12.635    nan       1.516  60.7171  24.0031   -12.95     8.41     1.68   40.494  nan      nan    nan   1.015     nan                            Gaia_DR3      45.270    -295.526      56.331       0.133    -288.810       0.054
Gaia DR3 1068982214258617856 137.5975769  67.1348384  8.302  1.317       2.634  68.2872  24.3282   -36.29      nan      nan   48.634  nan      nan    nan   1.225     nan                                None     -19.856     -86.835     -18.869       0.019     -59.846       0.023
Gaia DR3 4305518626208903040 286.5292009   5.2786884  9.272  1.204       1.295  36.2834  24.3365     1.00    17.28     0.26   25.920  nan      nan    nan  13.564     nan                            Gaia_DR3      26.852    -202.203      28.800       0.234    -195.402       0.233
Gaia DR3 2191146977029443584 320.1756900  58.3225371 15.886  0.356       0.855  36.1061  24.4244   -27.91      nan      nan   25.798  nan      nan    nan   0.992     nan                                None       8.979    -134.536       6.242       0.042    -138.293       0.037
Gaia DR3 1973461576154204544 328.0146987  44.8084316 14.604  2.934       1.216  41.2735  24.4590   -21.24   -37.21     2.31   27.478  nan      nan    nan   1.073     nan                            Gaia_DR3       4.427    -177.805       2.634       0.017    -170.995       0.018
 Gaia DR3 835748825612078848 161.3117905  49.6907217 14.317  3.246       0.681  72.3170  24.6882   -32.25   -33.36     2.52   53.072  nan      nan    nan  12.471     nan                            Gaia_DR3       8.544    -210.108      16.129       0.218    -209.394       0.310
Gaia DR3 4305518179532371712 286.4304122   5.2968942 14.697  2.977       2.776  36.2338  24.8424     0.98    21.19     3.75   25.507  nan      nan    nan   1.145     nan                            Gaia_DR3      26.464    -198.975      38.947       0.027    -190.792       0.025
Gaia DR3 2096316298153207552 278.3785483  37.7046484 14.570  2.768       0.735   5.2309  25.6897   -19.57     5.61     3.69   20.754  nan      nan    nan   1.111     nan                            Gaia_DR3      24.014    -137.029      21.275       0.018    -138.716       0.020
 Gaia DR3 506105206568973184  28.6168558  57.6934412 13.547  2.906       2.349  69.7310  25.7035   -28.97      nan      nan   44.865  nan      nan    nan   1.494     nan                                None     -50.457    -216.832     -31.404       0.016    -205.397       0.020
Gaia DR3 1710330542195690496 243.1704587  80.3718372 13.037  2.710       1.604  42.6714  26.5377   -36.24   -30.90     0.95   26.106  nan      nan    nan   1.253     nan                            Gaia_DR3      36.301     -32.898      27.736       0.016     -35.026       0.017
 Gaia DR3 360654214936676224  10.2341369  31.3808772 12.473  2.820       1.444  76.5524  27.9985   -14.55     1.18     0.60   44.391  nan      nan    nan   1.473     nan                            Gaia_DR3     -35.917    -319.800     -42.765       0.035    -331.446       0.026
Gaia DR3 4259262275108272384 282.4810829  -1.5699229 12.405  2.356       2.234  41.7827  28.3437     5.05   -51.77    39.95   24.457  nan      nan    nan   2.158     nan                            Gaia_DR3      26.875    -188.859      17.058       0.038    -182.831       0.032
Gaia DR3 1105408965770145920  91.9796413  67.9763273  9.250  1.554       2.172  72.9508  28.3750   -35.19    -2.03     0.13   40.065  nan      nan    nan   1.061     nan                            Gaia_DR3     -49.517     -92.705     -48.204       0.007    -111.003       0.012
 Gaia DR3 565044664809129088   1.2334975  80.0131036 15.128  3.115       2.578  51.5079  28.3750   -35.15   -46.78     2.67   27.584  nan      nan    nan   1.069     nan                            Gaia_DR3     -17.161     -70.864     -15.526       0.030     -55.962       0.029
Gaia DR3 4165404835819878656 267.1134417  -8.5081042 15.174  3.191       1.096  47.7916  28.9910     7.92    15.11     3.64   25.731  nan      nan    nan   1.061     nan                            Gaia_DR3      33.080    -195.158      27.143       0.040    -195.490       0.029
Gaia DR3 6755783930832162816 285.7524277 -34.0049463 12.610  2.776       2.490  74.1899  29.0366    24.13   -14.48     0.77   39.461  nan      nan    nan   1.276     nan                            Gaia_DR3      41.371    -233.295      23.501       0.027    -243.767       0.023
Gaia DR3 4499759518590936448 268.2756546  14.0280344 18.219  4.124       1.662  25.2520  29.4888    -6.34      nan      nan   20.677  nan      nan    nan   1.056     nan                                None      26.354    -158.229      19.110       0.158    -158.265       0.161
Gaia DR3 1824618586860306816 296.4068818  18.9326335 15.004  3.064       1.592  29.2043  29.5967    -7.02   -40.98     5.06   21.168  nan      nan    nan   1.058     nan                            Gaia_DR3      18.232    -162.646      20.564       0.025    -169.358       0.024
