GaiaDR3                               RA         DEC   Gmag  Bp-Rp  Voff(km/s) Sep(deg)   3D(pc) Vr(pred)  Vr(obs)    Vrerr Plx(mas)  SpT    FnuvJ  W1-W3    RUWE  XCrate                               RVsrc    PMRApred   PMDecpred        PMRA     PMRAerr       PMDec    PMDecerr
Gaia DR3 4632865331094140928  38.1210403 -78.0236786 10.005  0.998       0.000   0.0000   0.0000    -4.51      nan      nan   12.144  nan      nan    nan   0.884     nan                                None     108.018      30.639     108.018       0.011      30.639       0.012
Gaia DR3 4627124162410232832  56.3382898 -76.6998457 11.987  1.646       2.927   4.1797   6.1297    -1.33      nan      nan   11.994  nan      nan    nan   1.132     nan                                None      92.827      61.648      94.277       0.014      54.390       0.014
Gaia DR3 4686042936095202432  21.1127386 -74.5909187 13.578  2.323       2.475   5.2567  12.7394    -7.19      nan      nan   13.940  nan      nan    nan   1.173     nan                                None     127.831      -0.398     125.381       0.016      -7.247       0.013
Gaia DR3 4690671811329292928  18.5182749 -71.0956824 10.359  0.959       0.789   8.5825  13.0326    -7.82      nan      nan   11.660  nan      nan    nan   0.922     nan                                None     106.585      -3.828     104.684       0.016      -4.209       0.014
Gaia DR3 4628635093249821952  59.5745242 -75.9914136 18.543  0.647       2.311   5.1960  14.4989    -0.53      nan      nan   14.373  nan      nan    nan   1.031     nan                                None     107.053      79.901     108.995       0.142      73.173       0.158
Gaia DR3 4614108826660399488  84.9182108 -85.7662666 17.752  4.059       1.801   9.5810  15.8691    -4.07      nan      nan   13.661  nan      nan    nan   0.938     nan                                None      60.576     110.979      61.646       0.126     105.903       0.133
Gaia DR3 4652421038754286080  72.4970801 -73.8238908 10.009  0.929       1.656   9.1706  16.1006     2.48      nan      nan   11.035  nan      nan    nan   3.839     nan                                None      66.865      77.560      70.714       0.061      77.377       0.060
Gaia DR3 4645347429472871296  37.9229481 -70.4317046 12.034  1.450       2.443   7.5922  17.0942    -2.94      nan      nan   10.547  nan      nan    nan   1.093     nan                                None      93.901      27.400      97.906       0.011      23.731       0.013
Gaia DR3 4667903158898814336  57.2320942 -67.0924678 17.078  3.376       1.504  12.2032  19.6504     2.98      nan      nan   11.160  nan      nan    nan   0.924     nan                                None      85.501      58.313      83.024       0.075      55.786       0.076
Gaia DR3 4619079551226317952  50.8095480 -82.1768874 14.836  2.740       1.518   4.6672  19.8345    -4.14      nan      nan   15.771  nan      nan    nan   1.113     nan                                None     128.994      68.261     125.954       0.024      64.231       0.022
Gaia DR3 4646093143170693376  48.8245530 -69.9838752 16.756  3.270       2.707   8.5311  20.2721    -0.18      nan      nan   10.244  nan      nan    nan   1.198     nan                                None      85.218      42.479      88.022       0.062      47.609       0.066
Gaia DR3 5207954648800666624 106.3241332 -80.2189756 16.179  3.117       2.741  12.2843  20.5269     0.53      nan      nan   14.333  nan      nan    nan   1.011     nan                                None      17.123     132.111      17.991       0.043     140.348       0.053
Gaia DR3 6348976173419560064 306.5667678 -82.2781166 15.384  2.876       0.419  14.3946  21.0359   -12.54      nan      nan   11.820  nan      nan    nan   2.126     nan                                None      23.977    -102.558      22.935       0.063    -102.598       0.059
Gaia DR3 4631410333613350400  15.6602338 -80.8556837 11.498  1.298       1.795   4.9456  21.5874    -7.79      nan      nan    9.763  nan      nan    nan   0.893     nan                                None      88.723     -10.273      85.624       0.014     -12.284       0.012
Gaia DR3 5262003170087055744 100.6767436 -74.5025337 15.301    nan       2.847  14.4832  22.5954     4.68      nan      nan   11.233  nan      nan    nan   0.932     nan                                None      23.415     101.141      24.506       0.124      94.487       0.051
Gaia DR3 6382195924387991552 342.3091644 -73.3052498 15.620  2.601       2.026  13.9525  22.9664   -14.89      nan      nan   10.934  nan      nan    nan   1.010     nan                                None      75.185     -59.126      70.580       0.031     -58.350       0.032
Gaia DR3 5262003170089240960 100.6765936 -74.5028058 14.461  2.542       2.896  14.4830  23.0040     4.68      nan      nan   11.114  nan      nan    nan   3.726     nan                                None      23.167     100.068      24.642       0.211      93.447       0.166
Gaia DR3 6382195821309311744 342.2995187 -73.3075820 15.365  2.529       1.806  13.9528  23.2344   -14.89      nan      nan   10.871  nan      nan    nan   0.994     nan                                None      74.746     -58.803      70.613       0.040     -58.596       0.041
Gaia DR3 5265418150124147712 101.9966164 -72.8760035 17.355  0.292       1.148  15.8937  23.7077     5.95      nan      nan   11.559  nan      nan    nan   0.985     nan                                None      21.708     104.217      22.656       0.072     101.585       0.069
Gaia DR3 6390692366131822208 345.4863999 -68.6685710 15.289  2.770       2.609  16.8579  24.0588   -16.24      nan      nan   13.177  nan      nan    nan   1.003     nan                                None      94.916     -62.887      87.949       0.022     -60.892       0.026
Gaia DR3 6357907540731855744 335.0058477 -74.5860965 17.218  3.684       1.583  14.5366  24.0719   -15.35      nan      nan   10.864  nan      nan    nan   1.297     nan                                None      65.698     -68.134      69.273       0.096     -67.532       0.096
Gaia DR3 4648441970589471104  87.7148701 -75.6885519 12.322  1.616       2.534  11.1500  24.2240     2.98      nan      nan   10.096  nan      nan    nan   1.127     nan                                None      40.756      84.291      36.846       0.015      80.577       0.016
Gaia DR3 5767720038591890304 255.9943603 -84.4210552 14.758  2.427       2.102  16.7293  24.2922   -10.21      nan      nan   11.880  nan      nan    nan   1.041     nan                                None     -66.854     -84.077     -70.108       0.021     -88.213       0.020
Gaia DR3 6368154645505353216 316.8022676 -77.3436260 16.039  2.720       2.215  15.9865  24.3384   -15.51      nan      nan   11.364  nan      nan    nan   1.072     nan                                None      40.766     -90.077      35.610       0.035     -88.823       0.043
Gaia DR3 6380471374759336960 353.3374091 -71.0697094 15.918  2.843       2.604  13.3182  24.4676   -13.68      nan      nan   10.462  nan      nan    nan   1.110     nan                                None      82.782     -41.120      77.490       0.053     -38.889       0.060
Gaia DR3 5197225747479276288 173.7818275 -83.6992754 18.791  0.751       2.096  17.0525  25.3922    -4.47      nan      nan   11.550  nan      nan    nan   0.953     nan                                None     -91.811      54.572     -96.000       0.231      51.657       0.207
Gaia DR3 6344608157319973376 332.2043586 -84.5011325 14.193  2.706       1.288  10.9341  25.4992   -10.13      nan      nan    9.900  nan      nan    nan   4.669     nan                                None      56.458     -69.516      56.163       0.063     -66.843       0.070
Gaia DR3 4703099728694830208   3.3183159 -69.6599642  9.706  0.785       2.231  12.4558  25.5768   -11.76      nan      nan   10.120  nan      nan    nan   0.990     nan                                None      87.031     -25.365      91.382       0.016     -23.436       0.017
Gaia DR3 5263029151877052032 115.3378640 -73.6001512 16.539  3.270       2.362  17.9368  25.9303     5.67      nan      nan   13.710  nan      nan    nan   1.008     nan                                None      -3.375     126.329     -10.130       0.051     125.332       0.052
Gaia DR3 6369222133857957248 309.7294404 -76.5760968 15.566  2.695       1.311  17.6627  26.3432   -16.42      nan      nan   11.519  nan      nan    nan   1.126     nan                                None      29.020     -95.017      30.460       0.029     -92.178       0.033
Gaia DR3 4678406003204921344  64.6318520 -60.8731095 15.984  2.956       2.560  19.1063  27.5408     7.82      nan      nan   11.981  nan      nan    nan   1.094     nan                                None      83.223      71.305      86.712       0.042      65.861       0.044
Gaia DR3 6391469858291249536 345.1418574 -66.6440354 16.017  3.142       2.773  18.6287  27.9318   -17.11      nan      nan   14.569  nan      nan    nan   1.064     nan                                None     104.439     -68.300     111.880       0.032     -72.443       0.039
Gaia DR3 4658094621919328256  81.8713478 -69.3681999 10.538  1.387       0.581  14.4626  28.4945     6.56      nan      nan   16.662  nan      nan    nan   0.694     nan                                None      80.899     130.035      79.209       0.013     131.181       0.015
Gaia DR3 4658094621826851712  81.8809846 -69.3687510 16.187  3.183       0.630  14.4641  28.5054     6.56      nan      nan   16.666  nan      nan    nan   1.179     nan                                None      80.896     130.079      79.682       0.045     131.928       0.062
Gaia DR3 5215961631776775296 139.9499605 -75.3945910 16.518  3.277       1.749  20.6266  29.0105     3.18      nan      nan   12.930  nan      nan    nan   1.123     nan                                None     -52.312     107.854     -53.047       0.064     103.143       0.068
Gaia DR3 4692823246344873728  29.5107897 -71.8607799 11.134  1.083       1.345   6.5400  29.1444    -5.21      nan      nan    9.140  nan      nan    nan   2.550     nan                                None      83.494      12.073      81.970       0.040      14.170       0.041
Gaia DR3 5770136009232924800 216.7262578 -83.6679464  3.880  1.508       2.910  18.3071  29.3225    -7.93      nan      nan   10.871  nan      nan    nan   6.457     nan                                None     -97.267     -20.441     -96.184       0.133     -13.862       0.130
