GaiaDR3                               RA         DEC   Gmag  Bp-Rp  Voff(km/s) Sep(deg)   3D(pc) Vr(pred)  Vr(obs)    Vrerr Plx(mas)  SpT    FnuvJ  W1-W3    RUWE  XCrate                               RVsrc    PMRApred   PMDecpred        PMRA     PMRAerr       PMDec    PMDecerr
Gaia DR3 5153091836072107136  45.4624245 -16.5945328 10.058  2.590       0.000   0.0000   0.0000    -5.74    -5.74     0.33  145.692  nan      nan    nan   1.073     nan                            Gaia_DR3    -369.972    -267.931    -369.972       0.029    -267.931       0.028
Gaia DR3 2974726131970829952  75.6178310 -21.2578783  7.792  1.906       0.362  28.8582   4.0626    -9.64      nan      nan  119.574  nan      nan    nan   1.818     nan                                None    -161.251    -276.360    -166.877       0.035    -269.183       0.035
Gaia DR3 2974726136265625088  75.6177660 -21.2576392  9.637  1.889       2.482  28.8581   4.0933    -9.64      nan      nan  118.825  nan      nan    nan   1.759     nan                                None    -160.242    -274.628    -111.656       0.207    -235.833       0.129
Gaia DR3 4894945708668731264  69.7536365 -23.8863725 19.519  3.271       2.360  23.8888   6.7141    -8.47      nan      nan   80.727  nan      nan    nan   1.166     nan                                None    -130.843    -188.940    -113.216       0.244    -152.857       0.378
Gaia DR3 5271055243163629056 124.5328961 -68.3145130 10.606  2.504       2.370  70.5778  10.5462     1.31    -6.10     0.19   94.266  nan      nan    nan   1.272     nan                            Gaia_DR3     110.706    -295.749      94.794       0.018    -340.084       0.020
Gaia DR3 3011223668834627328  88.6790354 -10.5899406 14.851  0.574       2.327  42.3530  11.2137   -12.60      nan      nan   65.410  nan      nan    nan   1.053     nan                                None     -45.514    -126.743     -64.178       0.020    -152.836       0.020
Gaia DR3 4955395178633330304  24.6802381 -45.2424020  9.654  1.907       2.561  33.5215  11.6568     2.51    21.93     0.18   59.718  nan      nan    nan   1.019     nan                            Gaia_DR3    -177.515     -88.209    -150.790       0.011     -70.183       0.014
Gaia DR3 4955395178633330432  24.6818304 -45.2466770  9.881  1.972       2.047  33.5242  11.6609     2.51    22.25     0.17   59.703  nan      nan    nan   1.123     nan                            Gaia_DR3    -177.471     -88.188    -154.877       0.011     -75.795       0.015
Gaia DR3 3185759697949251456  70.1214704  -9.1963275 10.248  2.225       1.269  25.1223  14.4429   -11.06      nan      nan   49.115  nan      nan    nan   1.279     nan                                None     -78.791     -89.018     -91.252       0.049     -84.862       0.038
Gaia DR3 4866928335623297152  72.1669267 -35.6566961 13.786  3.231       1.782  30.4460  14.5917    -6.28    10.92    18.52   49.780  nan      nan    nan   1.180     nan                            Gaia_DR3     -75.201    -134.121     -58.191       0.017    -126.342       0.019
Gaia DR3 5173902189571919872  40.0511373  -9.4532217  5.665  0.679       1.457   8.8741  15.0346    -5.63    -1.48     2.78   45.916  nan      nan    nan   3.947     nan                            Gaia_DR3    -123.382     -75.006    -136.929       0.169     -78.931       0.114
Gaia DR3 1431783457574556672 252.1079378  59.0549707 12.279 -0.018       1.289 133.2677  16.4312     0.69      nan      nan   91.340  nan      nan    nan   1.201     nan                                None     138.233    -273.825     131.712       0.024    -297.783       0.034
Gaia DR3 3545469496823737984 170.3618295 -20.4531845 10.181  2.393       0.288 114.4527  17.1450    -2.62    -2.12     0.21   76.192  nan      nan    nan   1.399     nan                            Gaia_DR3     216.084    -130.874     220.400       0.030    -129.231       0.019
Gaia DR3 4383790518216171264 250.0257154   0.7045342 12.180  3.029       2.375 151.0530  17.5975    12.19     5.36     1.15   88.693  nan      nan    nan   1.277     nan                            Gaia_DR3     142.666    -128.436     175.796       0.033    -158.006       0.025
Gaia DR3 3352081447497931264 100.4287073  12.4453924 13.441  3.170       1.825  61.5969  17.6655   -15.55      nan      nan   50.336  nan      nan    nan   1.223     nan                                None      -3.869     -36.561      11.319       0.027     -24.552       0.023
Gaia DR3 2999321180586629120  90.5070296 -10.0328187 15.765  4.169       1.621  44.2314  17.7872   -12.78      nan      nan   45.354  nan      nan    nan   1.000     nan                                None     -27.248     -86.869     -41.223       0.049     -93.568       0.048
Gaia DR3 3375625461782073984  96.6419826  20.5371742 13.433  2.962       2.664  62.4580  17.9883   -15.83    15.32     1.06   49.748  nan      nan    nan   1.292     nan                            Gaia_DR3     -13.828     -13.003      -5.462       0.021     -39.658       0.016
Gaia DR3 5443030200460964480 160.2902072 -36.8963276    nan  1.261       1.372  98.6471  18.3045    -2.02      nan      nan   62.624  nan      nan    nan   3.619     nan                                None     162.627    -130.962     152.823       0.124    -146.187       0.315
Gaia DR3 3023526379315580800  86.1129003  -4.1006652 13.247  2.866       1.756  41.7843  19.2227   -13.39    -6.71     1.41   42.037  nan      nan    nan   1.173     nan                            Gaia_DR3     -34.807     -68.206     -49.751       0.015     -63.870       0.013
Gaia DR3 1092897519875582592 133.0024918  66.1319385  8.685  1.655       0.821 104.1540  19.3564   -11.15   -22.45     0.13   60.614  nan      nan    nan   1.121     nan                            Gaia_DR3      95.523     109.904      94.847       0.010      99.438       0.016
Gaia DR3 3219457457305021568  85.6038451   0.6838717 20.612  2.333       1.807  43.1844  19.6467   -13.95      nan      nan   41.525  nan      nan    nan   1.135     nan                                None     -35.464     -57.360     -21.079       0.931     -50.777       0.743
 Gaia DR3 144410205086676480  66.8540380  20.3790255 11.188  2.159       2.322  42.5215  20.0318   -13.43   -19.66     0.36   40.740  nan      nan    nan   1.230     nan                            Gaia_DR3     -71.268     -18.674     -84.456       0.034      -3.713       0.024
Gaia DR3 4768909313548256640  85.7284261 -53.2487736 14.384  3.328       1.893  48.2116  20.7251    -2.93      nan      nan   40.556  nan      nan    nan   1.204     nan                                None     -34.379    -129.522     -33.337       0.030    -145.672       0.028
 Gaia DR3 512951002178560384  23.6105302  64.4473869 12.069  2.577       1.174  82.7609  20.9054    -7.33    -3.33     0.26   48.472  nan      nan    nan   1.093     nan                            Gaia_DR3    -144.674      -2.496    -139.286       0.014       8.227       0.018
Gaia DR3 1175003649462887040 222.1078403  10.5325469 19.819  2.912       2.763 173.1174  21.1909     5.93      nan      nan   69.635  nan      nan    nan   1.072     nan                                None     183.401    -116.506     223.913       0.607    -118.572       0.588
Gaia DR3 6523443723579266816 354.0008599 -48.5093439 14.907  3.638       2.511  52.4466  21.3569     7.97      nan      nan   40.265  nan      nan    nan   1.369     nan                                None    -116.820      -9.565    -132.002       0.022     -24.524       0.038
Gaia DR3 6523442177388623488 354.0652639 -48.5836408 11.022  2.767       2.512  52.4305  21.4679     7.96     0.00    25.76   40.077  nan      nan    nan   1.686     nan                            Gaia_DR3    -116.316      -9.531    -132.199       0.019     -23.607       0.031
Gaia DR3 6523442177391053312 354.0752914 -48.5881835  9.460  1.753       2.214  52.4257  21.5191     7.96    -0.51     0.13   39.991  nan      nan    nan   1.171     nan                            Gaia_DR3    -116.074      -9.520    -126.375       0.009     -25.084       0.016
 Gaia DR3 272752039871123712  69.0937695  52.1975219 15.422  3.845       2.667  71.7903  21.5475   -12.75      nan      nan   44.087  nan      nan    nan   1.137     nan                                None     -72.763      51.005     -88.590       0.051      31.934       0.040
 Gaia DR3 518201101498814208  27.9769955  64.3857762 17.621  4.497       1.895  82.0893  21.5821    -7.79      nan      nan   46.668  nan      nan    nan   1.091     nan                                None    -136.680       7.006    -141.337       0.083      25.057       0.092
Gaia DR3 6916916844479162880 313.1308396  -1.7861111 14.017  3.124       1.619  91.7230  21.6107    12.56     4.20     1.64   49.294  nan      nan    nan   0.898     nan                            Gaia_DR3     -77.971     -65.781     -91.711       0.057     -56.071       0.044
Gaia DR3 3254552013035736832  65.9713441  -0.1165990 18.227  4.554       2.946  26.0793  21.7062   -11.69      nan      nan   36.153  nan      nan    nan   1.082     nan                                None     -64.627     -51.387     -86.340       0.272     -57.099       0.202
Gaia DR3 3002957677856537728  98.0845070  -9.7249665 12.919  3.004       2.668  51.5620  22.0477   -13.08    64.06     1.18   38.988  nan      nan    nan  15.680     nan                            Gaia_DR3      -7.854     -74.459     -16.763       0.472     -54.420       0.437
 Gaia DR3 373349657227961472  19.1212046  42.9392775  6.465  0.759       1.460  64.2667  22.0698    -5.91   -13.24     0.12   41.380  nan      nan    nan   1.122     nan                            Gaia_DR3    -125.136     -32.066    -112.415       0.022     -31.483       0.020
Gaia DR3 4864396740163583616  67.2689674 -39.3883353 12.213  2.504       0.781  29.6684  22.4737    -4.93    -0.45     0.30   35.487  nan      nan    nan   1.160     nan                            Gaia_DR3     -61.436     -95.349     -60.501       0.014     -89.582       0.018
Gaia DR3 2815480671757024512 348.0693105  14.2406562 14.068  3.121       2.878  64.5132  22.5917     4.00    -0.69     1.96   40.520  nan      nan    nan   1.156     nan                            Gaia_DR3    -113.014     -67.892    -123.092       0.027     -90.318       0.021
Gaia DR3 1235125877277843840 218.0458470  16.0133854 12.241  2.867       2.963 172.8584  22.6033     4.27    -3.22     0.98   63.385  nan      nan    nan   1.355     nan                            Gaia_DR3     173.412    -109.803     178.425       0.031     -70.527       0.026
Gaia DR3 2019504931247253632 293.5188745  23.3786428 20.443  2.007       2.559 116.2350  22.6689    10.33      nan      nan   53.240  nan      nan    nan   1.495     nan                                None     -32.760    -132.293     -10.444       1.159    -114.219       3.136
Gaia DR3 1881322536098686080 338.6958532  27.9647536 14.482  3.380       2.902  78.4641  22.7565     3.84   -33.90     2.59   43.266  nan      nan    nan   1.227     nan                            Gaia_DR3    -110.391     -87.971    -125.613       0.035     -66.321       0.028
Gaia DR3 4681579571719845632  62.1480841 -59.5273478  9.234  1.489       2.927  44.6275  22.9186     0.15      nan      nan   36.643  nan      nan    nan   0.906     nan                                None     -71.390    -100.364     -84.403       0.012    -118.858       0.013
Gaia DR3 1062935140823485184 143.8060522  61.2437689 10.960  2.300       2.865 108.4984  22.9656   -11.06   -45.45     0.21   50.388  nan      nan    nan   1.377     nan                            Gaia_DR3     102.645      65.844     117.515       0.017      39.287       0.022
Gaia DR3 2815542965962559488 347.4873621  14.4261738  6.409  0.767       2.556  65.1006  23.0997     4.11   -10.38     7.57   39.786  nan      nan    nan   1.593     nan                            Gaia_DR3    -110.462     -67.050    -121.596       0.043     -85.371       0.033
Gaia DR3 2920395762045967616  99.9332689 -25.9582304 13.960  3.000       1.772  51.2636  23.1655   -10.05    -4.11     1.08   37.267  nan      nan    nan   1.161     nan                            Gaia_DR3      -3.847     -97.157     -17.347       0.013    -100.552       0.017
Gaia DR3 4124397553254685440 263.4264782 -16.9140923 18.472  3.950       1.836 129.7758  23.2022    15.07      nan      nan   54.935  nan      nan    nan   0.979     nan                                None      52.991     -28.224      71.397       0.255     -38.862       0.154
 Gaia DR3 764072693389251456 171.0210701  38.1348014 17.266  5.176       2.850 127.9317  23.2696    -8.19      nan      nan   54.313  nan      nan    nan   1.087     nan                                None     154.724     -24.114     125.680       0.135      -9.228       0.174
Gaia DR3 4118195139455558016 264.7214657 -20.8989462 20.264  1.411       2.534 126.2526  23.5317    15.29      nan      nan   53.156  nan      nan    nan   1.909     nan                                None      47.788     -15.103      34.716       2.103     -40.310       1.401
 Gaia DR3 131188715200383872  37.8204168  28.9943412 15.024  0.524       2.715  46.1830  23.6412    -8.78      nan      nan   35.882  nan      nan    nan  11.776     nan                                None     -98.358     -21.254    -118.755       0.370     -18.884       0.311
Gaia DR3 2894711926334634880  96.7575582 -31.0339367 14.503  3.162       2.964  48.6448  24.0570    -8.87   -21.26     3.78   35.671  nan      nan    nan   1.123     nan                            Gaia_DR3      -9.697     -99.128     -29.920       0.020     -89.766       0.022
Gaia DR3 4041787121483029504 266.3123692 -34.0590783 19.690    nan       2.719 116.1434  24.2777    15.29      nan      nan   48.880  nan      nan    nan   2.857     nan                                None      39.973      23.035      13.464       1.539      13.954       1.048
Gaia DR3 4064744580679707520 273.1965767 -25.6487651 19.554  1.466       2.304 117.2211  24.2957    15.78      nan      nan   49.075  nan      nan    nan   1.927     nan                                None      22.570       1.355      10.284       1.726      21.781       0.952
 Gaia DR3 235742783418167040  49.2323272  38.9639290 13.175  2.862       2.832  55.6704  24.3159   -11.04    -2.92     2.50   36.341  nan      nan    nan   1.272     nan                            Gaia_DR3     -88.056       2.250     -78.366       0.027      21.666       0.019
Gaia DR3 3369088315397965056  94.9173198  16.0131832  6.480  0.725       0.649  58.6667  24.3836   -15.64    40.56     0.15   36.714  nan      nan    nan   0.871     nan                            Gaia_DR3     -13.555     -19.336     -15.289       0.024     -14.625       0.019
Gaia DR3 4064750765436152576 273.3684578 -25.7762308 19.577    nan       2.264 117.0207  24.5720    15.79      nan      nan   48.354  nan      nan    nan   1.835     nan                                None      21.801       1.722      -1.113       0.987       4.452       0.865
Gaia DR3 4116844870479502592 264.4286336 -22.2759769 19.469  2.215       2.823 125.5394  24.6812    15.30      nan      nan   49.872  nan      nan    nan   2.118     nan                                None      45.577     -10.386      20.101       1.213     -25.608       0.721
Gaia DR3 5930862138021206656 251.6014251 -52.8448518 11.486  2.420       1.901 106.9778  24.7286    12.89   -10.02     0.30   45.794  nan      nan    nan   1.049     nan                            Gaia_DR3      70.372      56.914      55.665       0.025      45.934       0.021
Gaia DR3 4042572207124132352 271.4963088 -33.7641750 19.222  1.677       2.107 113.2268  24.9565    15.55      nan      nan   46.643  nan      nan    nan   2.245     nan                                None      25.612      22.810       4.948       0.789      21.343       0.840
Gaia DR3 3250876727917473536  54.3135436  -2.0135907 14.029  2.933       2.015  16.9838  24.9848    -9.51    58.57     1.79   31.778  nan      nan    nan   1.947     nan                            Gaia_DR3     -71.489     -47.278     -61.889       0.039     -56.770       0.031
Gaia DR3 2448954240094767104 358.8181060  -2.5950715 12.942  2.697       1.543  47.9184  25.1155     3.57     4.35     3.18   34.254  nan      nan    nan   7.961     nan                            Gaia_DR3    -101.722     -47.399    -111.658       0.239     -42.358       0.167
Gaia DR3 6690155009477092224 298.2584433 -41.0384092 14.947  3.527       2.056  91.5064  25.2782    14.87      nan      nan   41.410  nan      nan    nan   1.072     nan                                None     -35.609      35.276     -45.543       0.034      20.325       0.025
Gaia DR3 3610474857638415616 204.6710209 -11.5358697 12.749  3.008       2.123 145.1578  25.5070     4.48    -0.16     0.94   51.097  nan      nan    nan   1.619     nan                            Gaia_DR3     151.896     -64.011     149.371       0.040     -86.741       0.030
 Gaia DR3 251476382498509952  56.4470682  51.6211026 20.826  2.452       2.979  68.8867  25.9518   -11.56      nan      nan   36.203  nan      nan    nan   1.275     nan                                None     -78.616      28.882     -86.895       2.017       7.706       2.014
 Gaia DR3 938637069291683968 101.9848997  34.2463160 15.999  3.982       1.400  73.9627  25.9775   -15.72      nan      nan   37.007  nan      nan    nan   1.270     nan                                None       0.219      20.157       4.075       0.088      30.379       0.076
Gaia DR3 2981948656349157120  80.2862840 -18.0828742 16.143  3.924       1.914  33.2266  26.0116   -10.69      nan      nan   31.766  nan      nan    nan   3.305     nan                                None     -35.628     -70.720     -44.170       0.138     -80.278       0.153
Gaia DR3 6764432753712671104 292.2943288 -29.5364092 12.564  2.760       2.420 100.7924  26.1279    15.68     8.79     0.54   41.740  nan      nan    nan   1.195     nan                            Gaia_DR3     -23.015      10.256     -24.721       0.031      31.478       0.029
Gaia DR3 6117754272585766016 214.7596943 -37.4699607  9.376  1.729       1.571 125.0046  26.1767     8.54    33.80     0.22   46.235  nan      nan    nan   1.013     nan                            Gaia_DR3     129.849     -18.629     137.559       0.019      -5.396       0.018
Gaia DR3 6348793070374006016 317.9118072 -80.8984106 15.229  3.417       2.787  73.2330  26.3088     8.48    23.51     4.95   36.423  nan      nan    nan   1.100     nan                            Gaia_DR3     -65.324      80.493     -70.162       0.036     101.336       0.029
Gaia DR3 4099769729809583872 278.9827966 -16.8666847 20.172  1.863       2.490 117.5420  26.4250    15.76      nan      nan   44.364  nan      nan    nan   1.740     nan                                None       6.821     -20.944      -2.478       1.541       0.410       1.322
Gaia DR3 3960456315067417600 188.1002788  25.4736554 15.439  4.043       1.864 144.1443  26.6332    -3.75      nan      nan   48.158  nan      nan    nan   1.008     nan                                None     146.487     -57.423     129.152       0.051     -49.822       0.053
Gaia DR3 4124309523644614656 262.9227875 -17.0762169 20.699  1.117       2.649 130.0394  26.7619    15.04      nan      nan   45.818  nan      nan    nan   1.643     nan                                None      45.360     -23.244      41.705       2.035     -48.570       1.733
 Gaia DR3 526331891194068736  13.1077422  67.4022942 15.677  3.856       2.816  87.2824  26.8284    -6.32      nan      nan   38.076  nan      nan    nan   1.149     nan                                None    -116.045     -18.415    -135.315       0.043      -6.597       0.050
Gaia DR3 6398883620384263552 327.5543251 -66.1766171 18.477  4.118       0.518  69.9798  26.9942    10.22      nan      nan   35.011  nan      nan    nan   1.152     nan                                None     -76.359      48.183     -77.922       0.141      51.676       0.184
Gaia DR3 6896057214818851712 319.4003080  -8.9032456 11.410  2.405       0.768  83.7295  27.0452    12.36     5.23     1.18   37.147  nan      nan    nan  30.824     nan                            Gaia_DR3     -68.977     -38.081     -74.628       0.769     -40.136       0.608
Gaia DR3 2195072680215085568 310.0774472  61.6912317 10.469  2.082       2.556 107.1031  27.0645     0.13   -22.86     0.23   41.256  nan      nan    nan   1.035     nan                            Gaia_DR3     -59.438    -125.289     -44.492       0.024    -108.833       0.024
Gaia DR3 4044103723892516608 270.3159364 -31.0181273 20.280  2.362       2.592 115.7895  27.3927    15.59      nan      nan   42.194  nan      nan    nan   1.518     nan                                None      25.770      13.721       8.046       1.818      28.458       1.287
 Gaia DR3 273177172914193536  73.4572443  53.7591459 13.448  2.705       0.502  74.3405  27.6990   -12.93     9.24     1.98   34.781  nan      nan    nan   1.206     nan                            Gaia_DR3     -50.455      46.087     -50.763       0.020      42.418       0.014
Gaia DR3 1481412186933442304 216.0928009  36.6749707 13.431  2.917       2.896 158.2728  28.0371     0.74   -21.45     0.91   46.413  nan      nan    nan   1.218     nan                            Gaia_DR3     129.033     -87.391     112.171       0.010     -64.614       0.014
 Gaia DR3 476247968312726144  68.4497634  64.6355341 11.734  2.663       2.917  83.1156  28.0709   -11.23    -1.36     0.69   35.646  nan      nan    nan   4.912     nan                            Gaia_DR3     -59.854      60.321     -72.654       0.053      42.524       0.073
Gaia DR3 4821098698113168256  78.8630925 -35.8073822 13.062  2.649       2.959  35.3196  28.1293    -6.86    -4.28     0.78   29.897  nan      nan    nan   1.233     nan                            Gaia_DR3     -35.626     -83.420     -53.930       0.012     -86.974       0.013
Gaia DR3 3120389196196563200  96.6235180   0.6884679 17.454  4.972       2.956  53.3063  28.1419   -14.47      nan      nan   31.546  nan      nan    nan   0.999     nan                                None      -8.799     -43.527      10.406       0.123     -47.725       0.125
Gaia DR3 5320436784269889792 122.1415463 -53.0170341 17.810  1.458       2.442  68.8401  28.2919    -2.79      nan      nan   33.293  nan      nan    nan   0.904     nan                                None      35.158    -104.421      21.891       0.087    -115.269       0.102
 Gaia DR3 448896482705728896  55.9449197  57.4323326 11.945  2.503       1.783  74.5393  28.4121   -11.07   -23.26     1.43   33.943  nan      nan    nan   1.158     nan                            Gaia_DR3     -74.343      34.775     -84.533       0.037      42.454       0.033
 Gaia DR3 843042092397033472 169.0896084  54.0017401 12.685  2.780       2.765 122.8878  28.4279    -8.72   -13.88     3.14   41.476  nan      nan    nan  28.180     nan                            Gaia_DR3     116.569       5.085     100.870       0.425      23.469       0.522
Gaia DR3 3225845933394491392  72.4087276  -2.8779361 12.019  2.385       2.028  29.8231  28.5103   -12.23    12.79     1.13   29.189  nan      nan    nan   1.317     nan                            Gaia_DR3     -43.768     -45.179     -32.898       0.026     -51.304       0.022
Gaia DR3 3191674795630456448  65.4077037  -9.7493231 14.223  3.041       2.447  20.5740  28.6887   -10.32    -2.73     1.67   28.561  nan      nan    nan   1.302     nan                            Gaia_DR3     -51.746     -51.725     -41.471       0.020     -62.282       0.018
 Gaia DR3 220800218534724864  53.3310861  33.7674338 13.019  2.650       2.547  50.9178  28.8554   -11.69   -28.51     1.39   30.594  nan      nan    nan   1.343     nan                            Gaia_DR3     -69.895      -1.702     -62.597       0.025     -16.418       0.020
Gaia DR3 6734417258848246400 276.0685509 -35.3226746 17.711  4.616       1.730 109.3368  28.8767    15.61      nan      nan   38.657  nan      nan    nan   0.937     nan                                None      11.919      23.112      20.969       0.193      33.923       0.156
Gaia DR3 5477304657957793280  96.1106711 -63.4293934  6.302  0.800       2.987  58.1805  29.0083    -0.43    24.65     0.18   31.216  nan      nan    nan   2.775     nan                            Gaia_DR3      -9.555    -104.455     -16.444       0.070     -86.047       0.062
Gaia DR3 3319586682709428224  87.4967346   3.8609655 11.600  2.188       2.712  46.2937  29.1692   -14.42   -32.34     0.40   29.863  nan      nan    nan   1.143     nan                            Gaia_DR3     -22.603     -36.263      -6.380       0.021     -30.935       0.018
  Gaia DR3 98692339803443328  29.2084983  23.0388404 10.483  1.779       2.041  42.7019  29.1858    -6.59     2.93     0.20   29.537  nan      nan    nan   1.168     nan                            Gaia_DR3     -85.950     -27.999     -85.790       0.024     -15.290       0.022
  Gaia DR3 98692614681349248  29.1965269  23.0510613  7.675  0.866       1.823  42.7175  29.2174    -6.59     1.90     0.13   29.510  nan      nan    nan   0.916     nan                            Gaia_DR3     -85.878     -27.972     -83.533       0.031     -16.875       0.024
Gaia DR3 4296063169833346176 293.7763913   8.4620469 11.728  2.444       2.281 113.0978  29.2322    13.00   -21.28     0.37   38.685  nan      nan    nan   1.168     nan                            Gaia_DR3     -24.323     -71.177     -34.088       0.021     -55.343       0.019
Gaia DR3 4106592852200449920 279.9167746 -11.7402060 19.233    nan       2.418 119.1679  29.2848    15.51      nan      nan   39.495  nan      nan    nan   3.126     nan                                None       4.111     -30.286       5.301       1.181     -10.189       0.874
Gaia DR3 6784738092073342848 323.8105600 -31.8960009 16.661  4.295       2.262  74.3932  29.2892    12.67      nan      nan   32.916  nan      nan    nan   0.783     nan                                None     -67.060      -0.143     -69.791       0.117      15.316       0.080
 Gaia DR3 513479115656944128  36.3487841  61.4537165 13.824  3.040       2.082  78.3866  29.3484    -8.76      nan      nan   33.389  nan      nan    nan   1.136     nan                                None     -92.638      14.443     -88.263       0.016       0.458       0.018
Gaia DR3 4276948538120524288 277.3944776   2.2650749 17.466  5.111       2.652 126.9946  29.3947    14.13      nan      nan   40.406  nan      nan    nan   1.249     nan                                None       9.619     -62.038      21.798       0.150     -43.010       0.139
Gaia DR3 6279645574376722432 217.7931724 -21.4828897 14.801  3.477       1.813 141.1875  29.6469     8.34      nan      nan   41.693  nan      nan    nan   1.400     nan                                None     114.312     -34.604     127.523       0.056     -25.696       0.051
Gaia DR3 4314399312966563968 286.3540311  13.8644618 10.847  1.812       0.585 121.4031  29.7264    12.38      nan      nan   39.113  nan      nan    nan   1.213     nan                                None      -9.314     -82.268      -4.497       0.065     -81.946       0.057
Gaia DR3 3608139353206904192 202.3508633 -14.3702733 11.859  2.629       2.082 141.5338  29.8076     4.21    -2.23     1.27   41.449  nan      nan    nan   1.758     nan                            Gaia_DR3     124.247     -51.168     108.620       0.040     -41.857       0.024
Gaia DR3 6896056458904608128 319.4147966  -8.9137846 12.215  2.525       1.865  83.7129  29.8763    12.36     6.76     0.52   33.514  nan      nan    nan   1.157     nan                            Gaia_DR3     -62.251     -34.343     -73.313       0.023     -27.184       0.018
Gaia DR3 2583819069342416384  18.0793982  12.2815889  6.771  0.649       2.370  39.5794  29.8906    -2.95    -0.94     0.15   28.687  nan      nan    nan   0.991     nan                            Gaia_DR3     -86.937     -37.690     -86.276       0.031     -52.010       0.022
 Gaia DR3 670354617206208896 119.4407571  19.8583878 11.789  2.233       1.361  81.2710  29.9102   -15.24    -1.34     0.47   33.143  nan      nan    nan   1.236     nan                            Gaia_DR3      30.494     -11.431      22.941       0.022      -5.651       0.014
