GaiaDR3                               RA         DEC   Gmag  Bp-Rp  Voff(km/s) Sep(deg)   3D(pc) Vr(pred)  Vr(obs)    Vrerr Plx(mas)  SpT    FnuvJ  W1-W3    RUWE  XCrate                               RVsrc    PMRApred   PMDecpred        PMRA     PMRAerr       PMDec    PMDecerr
Gaia DR3 5299440441521812992 140.3991405 -60.2811439  8.681  2.023       0.000   0.0000   0.0000    39.59    39.59     0.14   95.698  nan      nan    nan   1.021     nan                            Gaia_DR3    -840.185     182.056    -840.185       0.017     182.056       0.017
Gaia DR3 3487062064765702272 179.4787669 -27.7098061  6.579  1.351       2.773  41.8813   7.3751     9.55    48.29     0.12   98.298  nan      nan    nan   0.998     nan                            Gaia_DR3   -1028.856    -596.551   -1080.901       0.022    -620.929       0.014
Gaia DR3 4677345043203760896  67.0254730 -62.1554345 11.763  2.723       2.133  33.4707  11.1052    48.74    17.62     0.24   54.916  nan      nan    nan   1.368     nan                            Gaia_DR3     166.835     327.127     179.751       0.024     348.167       0.028
Gaia DR3 4468557611977674496 271.3659116   2.4941988  5.539  1.486       2.410 111.2542  13.1888   -50.68    -9.47     0.22  195.856  nan      nan    nan   3.706     nan                            Gaia_DR3     270.752   -1145.739     333.292       0.264   -1068.354       0.215
Gaia DR3 4468557611984384512 271.3644538   2.4952241  3.987  1.004       1.783 111.2546  13.1939   -50.68    -5.73     0.18  195.567  nan      nan    nan   3.267     nan                            Gaia_DR3     270.301   -1144.011     206.525       0.246   -1107.492       0.164
Gaia DR3 2980822034888930176  73.1022952 -16.8236934 10.447  2.530       1.369  64.2462  14.7057    55.55    24.79     1.15   63.132  nan      nan    nan   1.380     nan                            Gaia_DR3     123.416    -192.450     122.065       0.019    -210.621       0.018
Gaia DR3 4667501596636209792  57.1816292 -68.6012188 15.519  3.836       0.661  33.9053  17.4402    44.11   -22.20     5.05   39.825  nan      nan    nan   1.065     nan                            Gaia_DR3     187.766     256.945     192.555       0.040     254.134       0.044
Gaia DR3 2349206308999273984  12.8947091 -22.9112954  8.416  1.604       2.683  86.5550  18.0535    26.66    14.52     0.13   65.090  nan      nan    nan   1.050     nan                            Gaia_DR3     647.009    -291.165     613.260       0.034    -276.452       0.033
Gaia DR3 2349206343359507584  12.8996074 -22.9098348 14.366  3.699       2.099  86.5546  18.0567    26.66      nan      nan   65.073  nan      nan    nan   1.288     nan                                None     646.821    -291.077     619.895       0.067    -280.891       0.067
Gaia DR3 2681122098893985408 326.6718481  -0.1755173 11.310  2.830       0.854 119.3481  19.7349   -22.65   -28.39     0.28   80.738  nan      nan    nan   1.179     nan                            Gaia_DR3     755.693    -510.610     769.366       0.049    -505.682       0.034
Gaia DR3 2901786974419551488  82.4362747 -32.6539231 12.269  3.031       0.975  46.3694  23.7867    58.11    23.39    18.39   33.599  nan      nan    nan   1.212     nan                            Gaia_DR3       8.495      12.135      15.265       0.020      10.773       0.021
Gaia DR3 4037085334973293824 270.8136282 -37.2922898 16.790  0.939       2.356  74.3060  25.6563   -21.25      nan      nan   37.838  nan      nan    nan   0.982     nan                                None      48.502    -429.269      64.162       0.072    -418.884       0.053
Gaia DR3 3607932305719586688 199.5229437 -14.7810605 10.270  1.710       2.152  62.1241  25.9117   -13.28    11.99     0.19   34.370  nan      nan    nan   1.256     nan                            Gaia_DR3    -325.720    -249.695    -332.778       0.043    -235.788       0.020
Gaia DR3 5210295852655074432 128.0790782 -76.9248590 14.640  3.173       2.676  17.1528  26.9720    37.21      nan      nan   27.189  nan      nan    nan   1.100     nan                                None    -199.604     160.669    -194.627       0.025     146.160       0.027
Gaia DR3 6876824767881427328 305.9689699 -13.0564266 14.844  3.460       2.377 105.7534  27.1660   -29.25   -34.41     2.91   44.645  nan      nan    nan   1.220     nan                            Gaia_DR3     315.156    -353.055     292.787       0.043    -353.201       0.031
 Gaia DR3 814482174787733248 142.1042975  42.5133978 17.529  4.632       2.389 102.8040  27.6207    -0.89      nan      nan   42.814  nan      nan    nan   0.992     nan                                None    -383.104    -359.078    -386.276       0.117    -380.404       0.101
Gaia DR3 4527029949581078016 273.7498270  19.6566555 12.022  2.370       0.778 127.7789  28.1538   -56.31    19.68     0.44   48.748  nan      nan    nan   1.194     nan                            Gaia_DR3      88.474    -119.770      95.376       0.016    -123.803       0.019
Gaia DR3 5050672053068555776  41.9701291 -33.7366692 14.931  3.265       2.409  65.0456  28.3963    47.50    10.95     4.27   32.074  nan      nan    nan   1.220     nan                            Gaia_DR3     225.050     -28.717     234.680       0.017     -15.583       0.026
Gaia DR3 1227466610559248768 216.7385297  13.2903862 13.431  2.688       2.465  94.9166  29.1173   -39.92    -6.69     1.23   38.027  nan      nan    nan   1.204     nan                            Gaia_DR3    -292.881    -170.892    -295.722       0.019    -151.340       0.016
Gaia DR3 2419293853079296640 358.0996652 -14.6911530 13.798  3.201       0.873  99.1586  29.1221    11.19      nan      nan   39.108  nan      nan    nan  12.362     nan                                None     410.187    -230.892     413.720       0.448    -237.166       0.361
Gaia DR3 4142017673735064448 259.4354590 -11.8086522 11.737  2.546       2.769  93.3134  29.5802   -42.54    86.55     0.54   36.934  nan      nan    nan   1.154     nan                            Gaia_DR3     -29.655    -307.371     -14.544       0.031    -291.993       0.021
Gaia DR3 4142016913519679360 259.4386820 -11.8163869 11.690  2.549       2.496  93.3078  29.6913   -42.54    86.15     0.71   36.771  nan      nan    nan   1.239     nan                            Gaia_DR3     -29.503    -306.064     -16.620       0.037    -291.629       0.023
