GaiaDR3                               RA         DEC   Gmag  Bp-Rp  Voff(km/s) Sep(deg)   3D(pc) Vr(pred)  Vr(obs)    Vrerr Plx(mas)  SpT    FnuvJ  W1-W3    RUWE  XCrate                               RVsrc    PMRApred   PMDecpred        PMRA     PMRAerr       PMDec    PMDecerr
 Gaia DR3 289464440515102976  21.1861771  21.5130643 11.800  0.965       0.000   0.0000   0.0000    12.75    12.75     0.44    5.160  nan      nan    nan   1.086     nan                            Gaia_DR3      -4.285       3.462      -4.285       0.024       3.462       0.014
 Gaia DR3 290344462134278528  22.6059030  23.4682104 17.818 -0.137       2.631   2.3544   9.3604    12.76      nan      nan    5.036  nan      nan    nan   0.953     nan                                None      -4.463       2.958      -5.357       0.137       5.604       0.092
 Gaia DR3 292846954894420352  19.7122689  22.9003175 19.425  2.629       2.041   1.9459  13.8989    12.91      nan      nan    4.856  nan      nan    nan   1.052     nan                                None      -3.750       2.902      -4.533       0.377       4.840       0.271
 Gaia DR3 289514541309029632  21.9589402  21.8388491 13.359  1.553       1.496   0.7886  14.2421    12.72     7.35     2.09    4.813  nan      nan    nan   2.692     nan                            Gaia_DR3      -4.143       3.176      -2.908       0.035       4.058       0.024
Gaia DR3 2792105909248655232  16.9681423  23.6599928 19.653  2.725       2.340   4.4467  15.6758    13.10      nan      nan    5.058  nan      nan    nan   1.025     nan                                None      -3.350       2.771      -5.362       0.487       1.294       0.328
Gaia DR3 2786223453320355072  22.1102818  19.4177026 16.435  2.418       0.954   2.2672  15.8802    12.57      nan      nan    5.563  nan      nan    nan   0.964     nan                                None      -4.822       4.303      -5.906       0.062       4.024       0.048
  Gaia DR3 96485894844405120  25.8058599  20.6813952 14.686  1.936       2.990   4.3893  15.9407    12.37    10.74     4.07    5.023  nan      nan    nan   0.978     nan                            Gaia_DR3      -5.071       3.698      -6.579       0.028       6.483       0.026
  Gaia DR3 95070204904105600  24.9369614  18.6590515 15.198  2.184       2.098   4.5333  17.3320    12.31    28.04     6.15    5.403  nan      nan    nan   5.343     nan                            Gaia_DR3      -5.275       4.447      -7.598       0.187       5.007       0.144
Gaia DR3 2786237476388808320  21.9146047  19.4391251 13.426  1.534       1.678   2.1833  17.4665    12.58    -0.13     1.47    5.623  nan      nan    nan   1.052     nan                            Gaia_DR3      -4.831       4.338      -6.414       0.019       5.542       0.013
Gaia DR3 2790476196793222528  16.5372115  21.2290395 17.308  2.059       2.598   4.3384  17.7840    13.00      nan      nan    5.459  nan      nan    nan   3.244     nan                                None      -3.521       3.618      -4.055       0.346       0.676       0.241
  Gaia DR3 94674277638811520  24.9412855  17.6928039 16.855  2.889       0.996   5.2059  20.4343    12.24      nan      nan    5.476  nan      nan    nan   1.063     nan                                None      -5.348       4.747      -4.217       0.103       4.537       0.070
Gaia DR3 2804535922560523008  15.6855527  25.3453375 18.210  2.892       2.552   6.3357  21.7490    13.23      nan      nan    5.087  nan      nan    nan   0.962     nan                                None      -3.105       2.341      -3.671       0.197       5.018       0.140
 Gaia DR3 291510047539287808  27.0919214  25.2025904 17.701  2.809       2.363   6.5565  22.6115    12.51      nan      nan    5.322  nan      nan    nan   0.991     nan                                None      -5.632       2.864      -5.059       0.141       0.276       0.129
Gaia DR3 2791268184466961152  16.1105720  21.7351658 17.495  2.735       2.093   4.7234  22.9219    13.05      nan      nan    4.771  nan      nan    nan   0.973     nan                                None      -2.994       3.038      -3.514       0.130       5.078       0.108
 Gaia DR3 306616207728490112  15.6118029  25.9001474 16.143  2.391       2.288   6.7286  23.6565    13.26      nan      nan    5.381  nan      nan    nan   1.044     nan                                None      -3.269       2.329      -0.819       0.061       3.187       0.049
 Gaia DR3 291658550330355456  24.3547220  24.0331155 18.297  2.925       2.883   3.8579  23.9007    12.67      nan      nan    5.769  nan      nan    nan   0.980     nan                                None      -5.504       3.301      -2.676       0.318       1.227       0.162
 Gaia DR3 295699809611596800  24.7468504  26.8810151 15.654  2.261       1.147   6.2730  24.9440    12.76      nan      nan    5.572  nan      nan    nan   0.960     nan                                None      -5.400       2.461      -6.715       0.042       2.171       0.039
 Gaia DR3 296901812043689216  23.0895381  28.7103141 19.092  3.263       2.132   7.4003  25.0116    12.93      nan      nan    5.161  nan      nan    nan   1.062     nan                                None      -4.671       1.768      -2.354       0.307       1.663       0.247
 Gaia DR3 307539415243776000  16.1199507  27.0571188 18.686  3.606       2.562   7.2134  25.1171    13.27      nan      nan    5.375  nan      nan    nan   0.911     nan                                None      -3.375       2.035      -6.261       0.262       1.723       0.200
Gaia DR3 2590637209665724672  21.0119233  15.0979518 16.352  2.834       2.891   6.4172  25.3432    12.33      nan      nan    5.573  nan      nan    nan   0.992     nan                                None      -4.590       5.388      -3.236       0.070       8.502       0.046
 Gaia DR3 291689645891348352  23.8245989  23.9270508 11.489  0.855       2.694   3.4276  25.8643    12.70   -15.91     0.56    4.617  nan      nan    nan   1.100     nan                            Gaia_DR3      -4.310       2.649      -2.310       0.025       0.953       0.017
 Gaia DR3 296392158339426048  21.7564911  27.8522480 17.818  1.371       2.768   6.3603  25.9571    12.99      nan      nan    4.826  nan      nan    nan   2.640     nan                                None      -4.117       1.804      -1.432       0.463       0.955       0.345
 Gaia DR3 294947468780085504  19.2398797  26.7801885 15.054  2.231       2.048   5.5582  26.2958    13.10    -7.79     3.75    5.731  nan      nan    nan   1.030     nan                            Gaia_DR3      -4.318       2.345      -5.596       0.033       4.464       0.024
 Gaia DR3 291658554623572992  24.3553524  24.0346250 14.059  1.767       2.958   3.8593  26.3038    12.67    -6.38     3.54    5.864  nan      nan    nan   1.007     nan                            Gaia_DR3      -5.594       3.355      -2.645       0.030       1.194       0.018
Gaia DR3 2590637583327349504  20.9984340  15.0911523 17.991  3.040       2.975   6.4244  26.5244    12.33      nan      nan    5.640  nan      nan    nan   1.054     nan                                None      -4.642       5.453      -3.621       0.179       8.840       0.119
 Gaia DR3 296578486905668096  21.6534482  27.8458036 18.048  1.757       2.176   6.3469  26.5867    13.00      nan      nan    4.799  nan      nan    nan   2.722     nan                                None      -4.074       1.792      -5.586       0.423       0.191       0.306
  Gaia DR3 92164848506973696  27.5509285  18.6223965 12.134  0.934       2.104   6.6394  27.5100    12.10    29.10     0.91    4.797  nan      nan    nan   1.050     nan                            Gaia_DR3      -5.159       4.028      -3.335       0.020       2.933       0.017
 Gaia DR3 289492134464755328  21.1738882  21.8881548 18.996  3.294       0.708   0.3753  27.7471    12.77      nan      nan    6.021  nan      nan    nan   1.126     nan                                None      -4.998       3.934      -5.009       0.353       3.035       0.230
 Gaia DR3 289992347830856960  22.2814795  22.4834618 16.482  2.602       2.212   1.4046  27.7803    12.73      nan      nan    4.522  nan      nan    nan   0.973     nan                                None      -3.950       2.856      -2.268       0.068       4.128       0.045
 Gaia DR3 303152574303499264  23.3234643  29.5196238 17.652  2.871       2.225   8.2350  28.0280    12.94      nan      nan    5.321  nan      nan    nan   0.974     nan                                None      -4.864       1.627      -2.561       0.126       2.589       0.096
 Gaia DR3 289459874965211904  20.7605083  21.5965139 16.953  2.656       2.604   0.4046  28.0372    12.78      nan      nan    6.031  nan      nan    nan   1.051     nan                                None      -4.908       4.010      -1.597       0.094       3.954       0.062
  Gaia DR3 95869614281562752  24.6643057  19.2609183 19.425  3.226       1.308   3.9622  28.0900    12.37      nan      nan    5.929  nan      nan    nan   1.010     nan                                None      -5.727       4.709      -6.298       0.433       6.242       0.282
Gaia DR3 2802050171583166208  13.3499185  22.1471955 16.671  2.587       1.454   7.3011  28.8962    13.19      nan      nan    4.823  nan      nan    nan   1.051     nan                                None      -2.484       2.925      -1.144       0.103       3.549       0.076
  Gaia DR3 96268118527648128  25.3279436  19.6360630 17.029  2.683       2.522   4.3077  28.9119    12.35      nan      nan    4.582  nan      nan    nan   1.032     nan                                None      -4.542       3.578      -2.992       0.094       1.699       0.080
Gaia DR3 2778597584267362048  14.2290884  16.1467120 17.967  2.768       1.984   8.4917  29.2432    12.78      nan      nan    5.058  nan      nan    nan   1.130     nan                                None      -2.788       4.534      -4.506       0.179       5.768       0.135
Gaia DR3 2787196010010215552  19.5953132  19.8808471 14.760  1.756       2.361   2.2088  29.5993    12.75   -29.52     5.16    4.498  nan      nan    nan   1.111     nan                            Gaia_DR3      -3.453       3.328      -4.463       0.040       5.326       0.024
 Gaia DR3 299214222436211712  27.3115739  28.1578053 17.539  2.264       1.682   8.6598  29.8076    12.61      nan      nan    5.390  nan      nan    nan   1.083     nan                                None      -5.749       2.173      -5.165       0.161       0.354       0.198
