GaiaDR3                               RA         DEC   Gmag  Bp-Rp  Voff(km/s) Sep(deg)   3D(pc) Vr(pred)  Vr(obs)    Vrerr Plx(mas)  SpT    FnuvJ  W1-W3    RUWE  XCrate                               RVsrc    PMRApred   PMDecpred        PMRA     PMRAerr       PMDec    PMDecerr
Gaia DR3 1490845584382687232 217.3919946  39.7903982  8.918  1.030       0.000   0.0000   0.0000   -13.08      nan      nan   23.805  nan      nan    nan   0.976     nan                                None    -118.071      -6.860    -118.071       0.010      -6.860       0.013
Gaia DR3 1484502295643717888 215.2861808  37.4009180  8.654  1.033       2.097   2.9012   3.7225   -12.32      nan      nan   25.708  nan      nan    nan   0.961     nan                                None    -129.251     -13.225    -130.648       0.010     -24.501       0.015
Gaia DR3 1489976179921954432 219.7152379  42.2288678 11.776  2.094       1.467   3.0030   5.1358   -13.82      nan      nan   26.803  nan      nan    nan   1.669     nan                                None    -130.726      -0.978    -134.584       0.098      -8.316       0.183
Gaia DR3 1500434116051163904 207.3734901  41.6270203 16.600  4.484       0.185   7.8083   6.1217    -9.95      nan      nan   25.378  nan      nan    nan   1.269     nan                                None    -132.497     -20.109    -131.888       0.057     -20.889       0.083
Gaia DR3 1501788881878538496 203.8538825  43.7705186 14.781  2.974       1.469  10.8355   7.9100    -8.98      nan      nan   23.974  nan      nan    nan   0.916     nan                                None    -126.465     -22.449    -124.570       0.072     -15.269       0.122
Gaia DR3 1501788130259330688 203.8581833  43.7657168 10.490  1.567       1.895  10.8312   7.9391    -8.98      nan      nan   23.750  nan      nan    nan   1.016     nan                                None    -125.281     -22.237    -122.235       0.008     -13.249       0.011
Gaia DR3 1501788886175060608 203.8536299  43.7704008 14.827  2.979       2.494  10.8357   8.0153    -8.98      nan      nan   23.458  nan      nan    nan   1.177     nan                                None    -123.741     -21.966    -130.997       0.084     -11.994       0.107
Gaia DR3 1549259098113618688 202.2628853  42.2381820  7.507  0.741       1.700  11.6583   8.5315    -8.34      nan      nan   24.822  nan      nan    nan   0.922     nan                                None    -131.383     -26.941    -132.138       0.012     -18.075       0.016
Gaia DR3 1476485996883837184 201.2826037  38.9223634  9.684  1.260       0.378  12.4694   9.2054    -7.70      nan      nan   23.480  nan      nan    nan   0.962     nan                                None    -124.495     -29.170    -124.608       0.008     -27.300       0.009
Gaia DR3 1389261735157949440 230.9782444  40.8685182 20.768  1.963       2.286  10.4026   9.6812   -17.08      nan      nan   21.127  nan      nan    nan   1.231     nan                                None     -92.250      10.367     -85.378       1.143       2.854       2.000
Gaia DR3 1291109504671837824 229.6859091  35.9487659 11.071  1.689       1.281  10.4263   9.7936   -16.84      nan      nan   21.058  nan      nan    nan   1.061     nan                                None     -93.372       2.561     -89.879       0.011       7.048       0.017
Gaia DR3 1397457048152981632 235.9273964  44.8478104 12.372  2.278       1.538  14.5684  11.3428   -18.11      nan      nan   22.331  nan      nan    nan   1.220     nan                                None     -91.275      22.270     -92.046       0.014      15.070       0.016
Gaia DR3 1272051188593078912 230.3297955  28.8414467 14.211  2.933       2.180  15.2669  11.4064   -16.99      nan      nan   23.089  nan      nan    nan   1.111     nan                                None    -101.610      -6.808     -98.408       0.012     -16.927       0.015
Gaia DR3 1278340773059748608 228.9881982  33.1015022 13.184  2.725       2.778  11.4626  11.7644   -16.63      nan      nan   20.219  nan      nan    nan   5.242     nan                                None     -90.371      -1.710     -80.042       0.040       4.076       0.049
Gaia DR3 1254447492033650816 217.3761537  23.2459641 16.071  3.526       2.118  16.5444  11.9667   -12.14      nan      nan   24.628  nan      nan    nan   1.030     nan                                None    -122.167     -26.162    -117.485       0.042     -16.210       0.050
Gaia DR3 1387401640655986688 230.1725527  36.7693580 14.111  2.749       1.070  10.4668  12.1021   -16.97      nan      nan   19.723  nan      nan    nan   1.205     nan                                None     -86.958       3.845     -82.812       0.015       5.462       0.020
Gaia DR3 1396617472242087168 236.5959716  44.0541805 11.226  1.767       0.759  14.8718  12.2965   -18.33      nan      nan   21.499  nan      nan    nan   1.140     nan                                None     -87.015      21.010     -86.917       0.013      17.574       0.015
Gaia DR3 1523645047031954944 194.6324627  38.2785707  8.484  0.932       0.769  17.6955  12.7981    -5.33      nan      nan   24.457  nan      nan    nan   1.062     nan                                None    -130.167     -40.179    -131.573       0.014     -43.887       0.014
Gaia DR3 1271649969930799872 229.1040597  28.0557486 16.477  0.397       2.916  15.2075  12.8111   -16.57      nan      nan   21.244  nan      nan    nan   0.996     nan                                None     -94.831      -8.255    -105.893       0.031     -15.191       0.037
Gaia DR3 1523644978312478976 194.6451020  38.2799378  9.029  1.184       0.577  17.6855  12.8460    -5.34      nan      nan   24.101  nan      nan    nan   2.028     nan                                None    -128.273     -39.576    -129.219       0.023     -42.352       0.024
Gaia DR3 1383172330523940096 240.5723219  40.4968188 12.553  2.358       0.367  17.6829  12.9700   -19.57      nan      nan   23.614  nan      nan    nan   1.221     nan                                None     -89.678      21.542     -89.715       0.013      23.368       0.017
Gaia DR3 1609807687330195584 212.9688351  55.9908915 19.296  3.468       1.621  16.4613  14.0152   -11.91      nan      nan   20.972  nan      nan    nan   1.105     nan                                None    -106.836       3.586    -102.625       0.273      -2.213       0.309
Gaia DR3 1252420576707828352 212.9493000  21.2708946 12.307  2.591       2.397  18.9038  14.0185   -10.24      nan      nan   27.487  nan      nan    nan   1.514     nan                                None    -140.042     -35.482    -139.228       0.023     -49.346       0.021
Gaia DR3 1247168931216260736 211.0410505  20.7590410  9.793  1.343       2.908  19.7915  14.2447    -9.43      nan      nan   24.815  nan      nan    nan   1.072     nan                                None    -127.635     -34.010    -126.245       0.015     -18.863       0.012
Gaia DR3 1241384331823317632 220.5957425  21.2929291  7.350  0.673       2.660  18.6985  14.6558   -13.18      nan      nan   21.943  nan      nan    nan   0.987     nan                                None    -106.292     -23.015    -108.418       0.014     -35.135       0.017
Gaia DR3 1263985102569989504 229.8126737  24.3270484 10.574  1.523       1.972  18.6636  14.9060   -16.65      nan      nan   21.627  nan      nan    nan   1.030     nan                                None     -95.754     -12.811     -90.343       0.012      -5.630       0.013
Gaia DR3 1370571450529693952 234.4452925  33.1002100 14.265  2.770       0.565  15.2279  15.5184   -18.27      nan      nan   19.438  nan      nan    nan   1.191     nan                                None     -81.141       2.727     -79.070       0.013       3.766       0.018
Gaia DR3 1246438718056644224 209.7519728  19.0164870 15.243  3.310       2.732  21.7919  15.7073    -8.71      nan      nan   26.933  nan      nan    nan   1.129     nan                                None    -139.328     -39.545    -135.862       0.034     -24.424       0.030
Gaia DR3 1515247836210515456 190.8058535  34.4650685 13.014  2.660       1.443  21.7673  15.7544    -3.42      nan      nan   27.276  nan      nan    nan   1.140     nan                                None    -144.604     -52.231    -145.987       0.016     -60.414       0.018
Gaia DR3 1473443510771118464 202.0968323  35.7567661 14.137  3.052       1.606  12.7255  16.2911    -7.65      nan      nan   36.274  nan      nan    nan   1.393     nan                                None    -192.060     -46.652    -185.386       0.012     -36.342       0.016
Gaia DR3 1485151935217184256 211.7808726  37.8729979 11.857  1.911       1.488   4.7719  16.5181   -11.17      nan      nan   17.240  nan      nan    nan   1.252     nan                                None     -88.358     -11.787     -87.381       0.009      -6.468       0.013
Gaia DR3 1473443510771118336 202.0978696  35.7565721 14.362  3.232       0.778  12.7248  16.8364    -7.65      nan      nan   37.161  nan      nan    nan  25.051     nan                                None    -196.753     -47.790    -191.892       0.256     -51.461       0.338
Gaia DR3 1610856453920291712 220.0432282  57.7132271  7.752  0.680       1.089  18.0044  17.1467   -13.44      nan      nan   19.550  nan      nan    nan   1.370     nan                                None     -95.114      14.993     -94.439       0.062      10.554       0.076
Gaia DR3 1613573690750097024 223.8383164  56.9290476 14.852 -0.155       2.621  17.6468  17.4813   -14.31      nan      nan   19.228  nan      nan    nan   0.964     nan                                None     -90.589      19.111     -80.676       0.022      22.936       0.025
Gaia DR3 3958028490314315008 192.9093445  25.5086632  8.851  1.067       2.289  24.9412  17.7228    -2.80      nan      nan   25.878  nan      nan    nan   0.884     nan                                None    -137.562     -49.681    -141.047       0.016     -37.692       0.016
Gaia DR3 3958028559033816832 193.0083530  25.4564595  9.441  1.478       2.353  24.9081  17.7239    -2.83      nan      nan   25.536  nan      nan    nan   2.741     nan                                None    -135.758     -48.938    -140.252       0.054     -37.094       0.045
Gaia DR3 1426873554041125120 247.7599941  54.2270452 14.397  2.964       0.202  24.9339  17.7683   -19.22      nan      nan   25.291  nan      nan    nan   1.134     nan                                None     -83.487      56.339     -82.452       0.022      56.048       0.023
Gaia DR3 1253353890280943104 212.9298436  22.1124097 17.411  0.502       2.153  18.0807  18.0918   -10.32      nan      nan   19.056  nan      nan    nan   0.986     nan                                None     -97.098     -24.004    -105.745       0.075     -24.027       0.067
Gaia DR3 1383268439008361344 240.1300259  41.2035403 16.006  3.256       1.260  17.2991  18.6201   -19.41      nan      nan   18.547  nan      nan    nan   1.015     nan                                None     -70.970      17.504     -71.273       0.035      12.585       0.040
Gaia DR3 1324251396473528832 248.7541117  31.5080761 13.387  2.787       2.963  26.6381  18.8834   -22.03      nan      nan   25.700  nan      nan    nan   1.216     nan                                None     -82.961      13.333     -94.048       0.014       1.726       0.015
Gaia DR3 1610907546851440128 217.6296311  57.1728598 16.513  3.537       2.788  17.3831  18.8976   -12.94      nan      nan   18.444  nan      nan    nan   1.185     nan                                None     -91.332      10.446    -102.155       0.050      11.073       0.063
Gaia DR3 1476430505906769408 199.7951868  38.7431274 14.582  2.865       2.278  13.6417  18.9559    -7.17      nan      nan   17.549  nan      nan    nan   4.889     nan                                None     -93.234     -23.403     -89.755       0.056     -31.080       0.065
Gaia DR3 1668251063969207552 214.7625528  64.8629177 13.158  2.575       0.973  25.1189  19.1372   -11.96      nan      nan   22.232  nan      nan    nan   1.297     nan                                None    -112.124      15.564    -112.730       0.014      11.044       0.014
Gaia DR3 1329124913043769216 246.0831715  34.2433572 14.535  2.980       2.928  23.4615  19.3750   -21.28      nan      nan   20.697  nan      nan    nan   1.156     nan                                None     -70.822      13.510     -58.549       0.016      17.056       0.023
Gaia DR3 1220278033602341376 238.1062311  25.9157670 15.605  3.176       1.771  22.1582  19.4596   -19.31      nan      nan   19.919  nan      nan    nan   1.453     nan                                None     -78.775      -4.565     -76.356       0.028       2.469       0.042
Gaia DR3 1220278037896123776 238.1063686  25.9162402 15.571  3.158       2.498  22.1579  19.4860   -19.31      nan      nan   19.901  nan      nan    nan   1.425     nan                                None     -78.703      -4.560     -69.124       0.025      -0.305       0.039
Gaia DR3 1524497305982984832 199.7899685  39.2207497 14.161  2.546       1.194  13.5711  19.7949    -7.22      nan      nan   17.241  nan      nan    nan   0.928     nan                                None     -91.599     -22.780     -91.916       0.025     -27.110       0.029
Gaia DR3 1236585612107071616 221.7376386  18.3002001  9.262  1.006       2.470  21.8159  19.8987   -13.33      nan      nan   19.479  nan      nan    nan   0.943     nan                                None     -93.478     -22.642     -87.653       0.015     -14.341       0.015
Gaia DR3 1678074272650459008 197.9965323  65.8336938 12.110  2.197       1.344  28.2839  19.9273    -8.94      nan      nan   27.740  nan      nan    nan   1.227     nan                                None    -147.605     -18.052    -150.557       0.014     -25.339       0.013
Gaia DR3 1482453802402265088 213.4867868  35.9289776 17.301  3.755       2.973   4.9402  19.9309   -11.64      nan      nan   16.273  nan      nan    nan   0.988     nan                                None     -82.669     -10.970     -76.329       0.052     -18.957       0.080
Gaia DR3 1535849763538623232 182.9661909  39.9578284 11.010  1.704       0.624  26.2542  20.0894    -1.66      nan      nan   22.071  nan      nan    nan   1.367     nan                                None    -114.442     -50.731    -116.567       0.024     -52.712       0.027
Gaia DR3 1321207948286591232 237.3213714  30.9851625 14.572  2.824       1.944  18.4202  20.0954   -19.11      nan      nan   18.201  nan      nan    nan   1.093     nan                                None     -72.862       1.887     -65.731       0.065       4.082       0.096
Gaia DR3 1255034459444168704 218.2865282  24.5349321 17.280  4.730       1.849  15.2740  20.2671   -12.59      nan      nan   42.473  nan      nan    nan   1.066     nan                                None    -209.349     -41.273    -195.931       0.092     -31.576       0.107
Gaia DR3 1668845350004416256 221.3180642  65.3301413  7.107  0.639       2.992  25.6396  20.3772   -13.05      nan      nan   21.240  nan      nan    nan   0.994     nan                                None    -102.286      26.204    -111.154       0.021      36.246       0.020
Gaia DR3 1321207948287911168 237.3211583  30.9852797 14.566  2.811       0.603  18.4200  21.0598   -19.11      nan      nan   17.792  nan      nan    nan   1.115     nan                                None     -71.225       1.845     -72.245       0.049      -0.175       0.062
Gaia DR3 1442307677933551104 201.1409439  21.2215714 15.583  3.025       2.844  23.1728  21.2342    -5.49      nan      nan   19.250  nan      nan    nan   1.041     nan                                None    -102.090     -32.379     -97.074       0.048     -21.985       0.027
Gaia DR3 1325528616668262784 245.6747778  32.8737287 17.350  4.073       0.813  23.6974  21.3630   -21.25      nan      nan   19.397  nan      nan    nan   0.951     nan                                None     -66.935      10.318     -63.903       0.059       8.957       0.082
Gaia DR3 1694997062272007680 220.4405390  70.2623569 13.400  2.601       2.461  30.5134  21.5626   -12.38      nan      nan   30.281  nan      nan    nan   1.246     nan                                None    -146.859      42.277    -146.967       0.016      26.566       0.017
Gaia DR3 1182206142114906240 228.1025403  12.2991956 13.615    nan       2.798  29.0729  21.6793   -15.08      nan      nan   22.718  nan      nan    nan   1.314     nan                                None    -102.547     -30.438     -93.494       0.073     -40.321       0.070
Gaia DR3 1669700701331083264 221.6291202  67.7219302 16.415  3.547       2.813  28.0288  21.6860   -12.84      nan      nan   21.711  nan      nan    nan   1.043     nan                                None    -104.286      29.781    -100.919       0.056      17.355       0.055
Gaia DR3 1518521529003631488 190.1478351  35.9618356 15.383  3.012       1.991  21.7557  21.8012    -3.42      nan      nan   18.425  nan      nan    nan   1.077     nan                                None     -97.567     -35.580     -99.332       0.021     -28.050       0.035
Gaia DR3 1322584674284114816 243.7030361  32.6546061 13.443  2.409       2.773  22.2966  21.9083   -20.78      nan      nan   18.553  nan      nan    nan   1.148     nan                                None     -66.575       8.339     -73.504       0.012      16.684       0.013
Gaia DR3 1322584674284114048 243.6977029  32.6443305 15.067  2.819       2.895  22.2971  21.9303   -20.78      nan      nan   18.542  nan      nan    nan   1.032     nan                                None     -66.543       8.316     -72.900       0.022      17.680       0.023
Gaia DR3 1566653578222808832 196.9975366  58.4288678 14.774  2.683       1.882  22.7299  21.9307    -8.24      nan      nan   18.694  nan      nan    nan   0.987     nan                                None     -99.514     -18.085    -104.775       0.020     -23.312       0.021
Gaia DR3 1289138423920964608 226.2625903  33.7491737 14.095  2.671       2.491   9.3181  22.1881   -15.78      nan      nan   15.981  nan      nan    nan   1.202     nan                                None     -73.548      -2.634     -66.821       0.013       2.385       0.015
Gaia DR3 1203627102528283392 237.9127156  18.6731136 12.127  2.093       2.294  27.5443  22.4521   -18.96      nan      nan   20.617  nan      nan    nan   1.518     nan                                None     -81.783     -15.365     -74.141       0.016      -8.959       0.017
Gaia DR3 1420101696285626624 256.3334623  54.4710536  5.590  0.639       0.165  29.7578  22.8247   -20.40      nan      nan   36.790  nan      nan    nan   1.266     nan                                None     -97.180      95.926     -97.897       0.109      94.870       0.079
Gaia DR3 1160716496587849088 226.5891890   7.7151789 11.428  2.210       2.244  33.1164  23.0170   -13.96      nan      nan   29.908  nan      nan    nan   1.386     nan                                None    -137.184     -48.030    -126.977       0.027     -57.828       0.022
Gaia DR3 1680943860560015488 187.1508367  67.4912503 15.274  3.148       2.945  32.2899  23.6945    -7.20      nan      nan   23.193  nan      nan    nan   1.466     nan                                None    -121.982     -35.342    -108.024       0.036     -38.886       0.047
 Gaia DR3 785997230125164544 175.0136927  46.1259481 15.022  2.980       1.539  31.2687  23.8337    -0.50      nan      nan   21.964  nan      nan    nan   1.051     nan                                None    -109.120     -60.540    -109.600       0.017     -67.649       0.024
Gaia DR3 1197704480067772800 235.5472839  18.0217651 14.847  2.835       2.431  26.8348  23.9395   -18.17      nan      nan   19.195  nan      nan    nan   1.077     nan                                None     -78.893     -16.168     -71.433       0.024      -9.752       0.017
Gaia DR3 4030344297785870720 184.0736099  37.0761199 18.011  4.668       1.299  26.0890  23.9414    -1.49      nan      nan   18.883  nan      nan    nan   1.126     nan                                None     -98.337     -42.539    -101.763       0.121     -38.666       0.169
Gaia DR3 1337270026462959616 262.0987358  37.3674820 14.313  3.217       2.076  34.6697  24.1525   -24.04      nan      nan   32.220  nan      nan    nan   1.216     nan                                None     -69.715      44.250     -60.851       0.019      55.216       0.023
Gaia DR3 1558893534392538496 205.9600352  50.5014044 12.847  2.263       0.376  13.3740  24.2324   -10.02      nan      nan   15.856  nan      nan    nan   2.320     nan                                None     -83.165      -8.858     -81.914       0.048      -8.972       0.056
Gaia DR3 1558893534390665600 205.9603879  50.5015789 13.030  2.198       1.146  13.3740  24.3262   -10.02      nan      nan   15.830  nan      nan    nan   1.106     nan                                None     -83.030      -8.844     -81.303       0.046     -12.257       0.049
Gaia DR3 4026742744370003712 179.5293205  32.2736322  6.350  0.447       2.079  31.2802  24.5756     1.05      nan      nan   21.175  nan      nan    nan   1.047     nan                                None    -108.067     -52.717    -108.495       0.021     -61.989       0.033
Gaia DR3 4026742744369123584 179.5274430  32.2725651 12.159  1.946       0.920  31.2821  24.5968     1.05      nan      nan   21.156  nan      nan    nan   1.685     nan                                None    -107.967     -52.671    -105.413       0.018     -55.880       0.025
Gaia DR3 4027326928641456256 181.2791936  33.7496624  7.388  0.704       1.772  29.3445  24.6606     0.13      nan      nan   19.922  nan      nan    nan   1.016     nan                                None    -102.547     -47.962    -102.129       0.015     -55.393       0.016
Gaia DR3 1320894312595678976 238.0878603  29.7969189 10.845  1.413       0.917  19.6442  24.8703   -19.34      nan      nan   16.657  nan      nan    nan   1.191     nan                                None     -65.894       0.775     -63.705       0.011      -1.588       0.013
Gaia DR3 1376712734070749952 236.8154945  38.2246253 17.989  4.183       1.367  15.1442  24.9420   -18.77      nan      nan   15.886  nan      nan    nan   1.046     nan                                None     -64.087       9.357     -61.423       0.115       5.632       0.154
 Gaia DR3 844152289904253312 168.9737242  55.3303262 10.473  2.030       2.924  35.2696  25.0156    -1.20      nan      nan   35.486  nan      nan    nan   1.389     nan                                None    -168.179    -110.900    -178.204       0.012     -91.460       0.016
 Gaia DR3 759822153234671104 172.4673311  36.1112321 12.495  2.411       2.390  35.2444  25.2479     2.62      nan      nan   24.174  nan      nan    nan   1.337     nan                                None    -117.929     -69.182    -126.622       0.019     -60.647       0.026
 Gaia DR3 788340461203094912 170.5226845  46.9077843  9.271  1.589       2.137  34.2860  25.4167     0.56      nan      nan   39.319  nan      nan    nan   1.019     nan                                None    -188.853    -119.312    -197.487       0.010    -134.777       0.009
Gaia DR3 1320894209516463616 238.0825300  29.7898364 14.316  2.849       1.313  19.6446  25.5616   -19.34      nan      nan   16.429  nan      nan    nan   8.084     nan                                None     -64.996       0.753     -61.632       0.104      -2.305       0.123
 Gaia DR3 765512332067110656 168.9804085  40.8321449 13.664  2.661       0.660  36.4517  25.7007     2.54      nan      nan   25.050  nan      nan    nan   1.202     nan                                None    -118.725     -77.377    -122.209       0.018     -77.298       0.020
Gaia DR3 1515952176488267008 194.4162268  35.2244178  9.772  2.050       2.032  18.7320  25.7732    -4.83      nan      nan   56.111  nan      nan    nan  10.599     nan                                None    -298.608     -96.065    -277.648       0.205    -107.826       0.149
Gaia DR3 1325093381862429568 249.3129421  33.5285887 13.382  2.441       1.215  26.2114  25.7807   -22.06      nan      nan   17.990  nan      nan    nan   3.342     nan                                None     -57.327      12.586     -54.187       0.033       9.212       0.040
Gaia DR3 1661321254496066432 211.6600666  61.2052410 15.868  3.372       1.399  21.7034  25.8072   -11.52      nan      nan   16.768  nan      nan    nan   1.825     nan                                None     -85.991       4.968     -81.102       0.060       4.225       0.057
Gaia DR3 1317426624720547712 244.5640902  28.1790253 15.396  3.092       0.786  25.2056  26.1647   -21.11      nan      nan   17.513  nan      nan    nan   0.999     nan                                None     -61.799       2.299     -61.121       0.022      -0.521       0.028
Gaia DR3 1328755477137141120 245.5527602  34.0757037 14.953  2.810       1.947  23.1191  26.2252   -21.17      nan      nan   16.943  nan      nan    nan   1.029     nan                                None     -58.612      10.534     -51.663       0.018      10.810       0.025
Gaia DR3 4018761080226203264 172.9742646  27.4257339 12.537  2.683       2.601  38.5634  26.3802     4.45      nan      nan   27.751  nan      nan    nan   1.271     nan                                None    -135.894     -75.641    -124.638       0.026     -65.400       0.023
 Gaia DR3 862234033499968640 165.9323870  61.7469449 15.920  1.593       2.033  37.7803  26.5302    -2.30      nan      nan   25.223  nan      nan    nan   0.584     nan                                None    -116.123     -83.126    -120.978       0.116     -73.469       0.121
Gaia DR3 4453623873248473088 244.5230573  10.5102736 15.769  3.331       2.476  37.8978  26.6566   -20.29      nan      nan   25.101  nan      nan    nan   1.114     nan                                None     -88.648     -30.791     -83.333       0.040     -18.817       0.039
Gaia DR3 1337969144060890496 255.4717728  34.6484374 12.147  2.202       2.830  30.5224  26.6647   -23.22      nan      nan   19.164  nan      nan    nan   1.230     nan                                None     -51.947      18.604     -62.010       0.013      24.031       0.015
 Gaia DR3 764233664467965824 169.5395954  38.4882408 15.517  3.565       1.716  36.6889  26.6915     2.97      nan      nan   23.381  nan      nan    nan   4.600     nan                                None    -111.366     -70.975    -119.346       0.209     -68.179       0.299
Gaia DR3 1198870718304793600 242.9684774  17.1712603 13.419  2.640       1.683  31.6638  26.7284   -20.38      nan      nan   19.662  nan      nan    nan   3.103     nan                                None     -71.539     -14.761     -73.310       0.039     -21.506       0.039
Gaia DR3 1330271841110145792 244.5634698  36.0613841 16.078  3.289       2.773  21.6687  27.0701   -20.82      nan      nan   16.333  nan      nan    nan   1.062     nan                                None     -57.637      12.096     -50.863       0.033       5.370       0.041
Gaia DR3 1302116024087590656 246.3774644  23.6668047 19.691  3.235       2.205  29.2480  27.2109   -21.57      nan      nan   18.343  nan      nan    nan   1.079     nan                                None     -62.381      -3.217     -55.150       0.278       1.303       0.414
Gaia DR3 1600915391336619264 228.9509704  56.2763060 17.060  3.556       0.510  18.1512  27.2111   -15.44      nan      nan   15.680  nan      nan    nan   0.957     nan                                None     -70.114      20.391     -69.050       0.053      21.699       0.061
Gaia DR3 4451455533238945024 242.9034700   8.6234515 12.096  2.234       1.321  38.5935  27.2327   -19.61      nan      nan   24.847  nan      nan    nan   1.350     nan                                None     -90.512     -34.341     -96.630       0.017     -31.104       0.016
Gaia DR3 1626672000973406848 239.4786802  60.1740242 11.092  1.578       1.392  24.5862  27.3841   -16.80      nan      nan   16.869  nan      nan    nan   5.101     nan                                None     -65.254      36.865     -66.076       0.086      31.984       0.108
Gaia DR3 1675341127261729152 197.8652545  60.5869497 16.843  3.494       2.407  24.0566  27.5572    -8.59      nan      nan   16.681  nan      nan    nan   1.115     nan                                None     -88.764     -13.863     -96.853       0.083     -11.375       0.070
Gaia DR3 3957887649746830976 192.1943937  24.8397584  6.115  0.870       2.092  25.8687  27.6482    -2.40      nan      nan   58.486  nan      nan    nan   0.911     nan                                None    -310.663    -114.308    -334.908       0.022    -105.517       0.020
Gaia DR3 1717627794711189760 189.3271165  79.2154977  6.856  0.758       2.913  40.9266  27.7064    -8.70      nan      nan   28.607  nan      nan    nan  15.625     nan                                None    -151.245     -28.223    -139.080       0.421     -15.553       0.354
Gaia DR3 4604247070649603584 268.4671344  33.1064217 13.817 -0.202       1.673  41.0655  27.8886   -25.29      nan      nan   28.008  nan      nan    nan   1.027     nan                                None     -45.116      31.017     -35.240       0.021      31.047       0.019
Gaia DR3 1656605208607743488 254.4590202  75.6683392 12.802  2.473       2.953  39.4812  27.9069   -14.44      nan      nan   24.685  nan      nan    nan   1.571     nan                                None     -68.903      96.292     -57.340       0.028      86.169       0.024
Gaia DR3 1409717397372618368 245.9084089  45.7426541 16.207  3.289       0.707  21.6350  28.2509   -20.20      nan      nan   15.955  nan      nan    nan   1.040     nan                                None     -54.795      24.367     -55.614       0.038      22.133       0.049
Gaia DR3 1198060172076731520 241.3956875  15.2574301  8.534  0.821       2.464  32.2623  28.2725   -19.79      nan      nan   18.960  nan      nan    nan   0.963     nan                                None     -70.982     -17.454     -63.757       0.016     -10.763       0.015
Gaia DR3 1174592883086082176 221.4861738  10.0518905  7.388  0.746       2.750  29.9608  28.8486   -12.31      nan      nan   17.795  nan      nan    nan   1.012     nan                                None     -85.576     -27.716     -95.784       0.023     -26.227       0.023
Gaia DR3 1631246274286246912 255.7624239  63.6048345 14.527  2.852       2.171  32.7459  29.1186   -18.12      nan      nan   18.677  nan      nan    nan   1.162     nan                                None     -50.193      60.395     -42.076       0.027      57.713       0.029
Gaia DR3 1451450048399808384 207.2645953  26.9794351  7.204  1.304       2.165  15.3260  29.2098    -8.64      nan      nan   74.094  nan      nan    nan   1.411     nan                                None    -386.981     -96.468    -417.140       0.036    -111.759       0.023
Gaia DR3 1312345747129055744 250.3944677  30.8757866  6.938  0.693       2.760  28.1751  29.2543   -22.43      nan      nan   17.084  nan      nan    nan  21.650     nan                                None     -53.056       8.781     -62.623       0.331       6.077       0.359
Gaia DR3 1452888755068439424 211.2666425  29.3086468 17.519  4.177       2.343  11.6250  29.2676   -10.38      nan      nan   14.459  nan      nan    nan   4.042     nan                                None     -74.289     -15.177     -73.328       0.470     -22.252       0.413
Gaia DR3 1185264154533970304 224.2474909  14.7361144 11.423  1.686       2.219  25.7637  29.2782   -13.92      nan      nan   16.469  nan      nan    nan   1.086     nan                                None     -77.297     -21.115     -78.505       0.020     -13.505       0.018
 Gaia DR3 833009804708229760 164.2664513  50.0021433 13.933  2.612       1.178  38.1279  29.3587     1.34      nan      nan   21.367  nan      nan    nan   1.012     nan                                None     -96.670     -73.224     -93.902       0.013     -68.695       0.021
Gaia DR3 4467193461642275584 248.7566283  18.1291259 15.930    nan       2.481  34.6467  29.4732   -22.00      nan      nan   19.294  nan      nan    nan   1.110     nan                                None     -62.278     -11.011     -58.950       0.244     -20.538       0.159
Gaia DR3 3900151160301345152 185.6327414   5.3052160  6.335  0.702       2.595  44.7885  29.5946     3.69      nan      nan   33.341  nan      nan    nan   1.050     nan                                None    -174.566     -68.932    -168.058       0.045     -51.896       0.040
Gaia DR3 1329910033065505408 243.9233619  35.6323609 11.974  1.790       2.145  21.3146  29.6348   -20.69      nan      nan   15.496  nan      nan    nan   1.037     nan                                None     -55.370      10.608     -50.169       0.011       5.910       0.015
Gaia DR3 1329910067425244160 243.9258180  35.6410059  8.079  0.668       1.557  21.3136  29.7357   -20.69      nan      nan   15.468  nan      nan    nan   0.958     nan                                None     -55.266      10.600     -50.950       0.017       7.925       0.021
Gaia DR3 3908825173171874688 186.4851584  13.6676607 18.393  4.501       1.906  37.6428  29.8472     1.86      nan      nan   20.612  nan      nan    nan   1.032     nan                                None    -108.203     -44.112    -101.411       0.232     -48.853       0.212
