GaiaDR3                               RA         DEC   Gmag  Bp-Rp  Voff(km/s) Sep(deg)   3D(pc) Vr(pred)  Vr(obs)    Vrerr Plx(mas)  SpT    FnuvJ  W1-W3    RUWE  XCrate                               RVsrc    PMRApred   PMDecpred        PMRA     PMRAerr       PMDec    PMDecerr
Gaia DR3 1242084170974175232 218.2766292  21.8946865  9.653  0.605       0.000   0.0000   0.0000    -5.21      nan      nan    6.220  nan      nan    nan   1.233     nan                                None      29.428      -6.864      29.428       0.015      -6.864       0.018
Gaia DR3 1242084166679297920 218.2769170  21.8978809 17.298  2.688       0.520   0.0032   3.4299    -5.21      nan      nan    6.091  nan      nan    nan   1.016     nan                                None      28.813      -6.721      28.146       0.067      -6.704       0.078
Gaia DR3 1188937622882507008 224.7297171  19.1419112 14.790  2.156       1.838   6.6400  19.4358    -2.55      nan      nan    6.048  nan      nan    nan   1.011     nan                                None      28.842      -8.047      27.433       0.025      -9.919       0.024
Gaia DR3 1269268492163815680 222.5900238  27.3961412 18.811  3.327       2.644   6.7539  20.0509    -4.18      nan      nan    6.537  nan      nan    nan   1.000     nan                                None      31.138      -7.567      27.519       0.180      -7.987       0.194
Gaia DR3 1250691246779964928 208.4233130  22.0802964 18.614  3.609       1.207   9.1369  25.5293    -8.74      nan      nan    6.311  nan      nan    nan   1.087     nan                                None      28.761      -5.043      27.998       0.281      -3.629       0.226
Gaia DR3 1268319583565016704 224.9883451  27.0911860 11.937  1.045       2.922   8.0162  25.9527    -3.31      nan      nan    5.805  nan      nan    nan   0.968     nan                                None      27.687      -7.274      24.193       0.012      -8.037       0.015
Gaia DR3 1231238107241241600 211.2566392  15.2227725 16.864  2.768       2.140   9.4197  26.5047    -7.19      nan      nan    6.181  nan      nan    nan   1.123     nan                                None      28.561      -6.633      29.083       0.084      -9.371       0.060
Gaia DR3 1185449971999121792 223.4166329  14.6982514  9.898  0.879       1.045   8.6926  27.8956    -2.56      nan      nan    6.887  nan      nan    nan   2.746     nan                                None      32.824      -9.233      31.386       0.042      -8.749       0.040
Gaia DR3 1266516586360846208 223.5248218  24.9011740 19.666  3.540       1.545   5.6770  28.1277    -3.61      nan      nan    7.312  nan      nan    nan   1.144     nan                                None      34.851      -8.976      37.212       0.325      -9.289       0.366
Gaia DR3 1281962907957986816 223.5075876  29.6534967 17.061  2.601       1.966   9.0735  28.4209    -4.08      nan      nan    6.854  nan      nan    nan   0.999     nan                                None      32.669      -7.948      30.418       0.057      -9.680       0.057
Gaia DR3 1178718590015432960 221.0926293  12.5227184 16.636  2.815       2.823   9.7493  28.6323    -3.21      nan      nan    6.686  nan      nan    nan   1.030     nan                                None      31.792      -8.814      35.769       0.104      -8.898       0.081
