GaiaDR3                               RA         DEC   Gmag  Bp-Rp  Voff(km/s) Sep(deg)   3D(pc) Vr(pred)  Vr(obs)    Vrerr Plx(mas)  SpT    FnuvJ  W1-W3    RUWE  XCrate                               RVsrc    PMRApred   PMDecpred        PMRA     PMRAerr       PMDec    PMDecerr
Gaia DR3 6347643496607835520 290.2383074 -82.5599592 11.413  2.726       0.000   0.0000   0.0000   -10.59      nan      nan   80.113  nan      nan    nan   0.961     nan                                None     342.300   -1230.297     342.300       0.025   -1230.297       0.022
Gaia DR3 3316364602541746048  90.0159764   2.7063741  9.901  2.890       1.949  99.6827  14.3108    75.99      nan      nan  192.013  nan      nan    nan   1.086     nan                                None     260.041    -102.103     309.146       0.034     -40.368       0.024
Gaia DR3 5302618648583292800 132.5851728 -58.7996846 17.512  0.739       1.635  38.1757  15.5199    30.34      nan      nan   42.957  nan      nan    nan   1.031     nan                                None    -423.191     472.660    -418.540       0.100     458.602       0.103
Gaia DR3 6039144001564707072 243.5893264 -28.5116863 11.716  2.679       2.816  56.5349  15.9057   -57.82      nan      nan   52.892  nan      nan    nan   1.300     nan                                None    -441.657    -336.879    -410.319       0.033    -338.923       0.022
Gaia DR3 3104733181410232576  98.8739400  -4.0547742 12.688  3.502       2.216  93.2399  18.2537    75.84      nan      nan   79.164  nan      nan    nan   8.991     nan                                None     -89.564     107.694     -98.465       0.284      71.793       0.261
Gaia DR3 4801001545405754880  89.2344196 -46.9294196  9.956  1.904       2.821  50.0730  19.7381    51.07      nan      nan   39.568  nan      nan    nan   1.109     nan                                None      62.237     469.078      68.724       0.014     491.697       0.015
Gaia DR3 4808788016172681984  83.2936251 -39.1467718 13.702  2.906       2.203  57.5561  20.3176    57.30      nan      nan   41.546  nan      nan    nan   1.234     nan                                None     133.871     420.850     135.632       0.013     440.060       0.016
 Gaia DR3 751975660302006784 160.3996414  37.6092844 11.549  2.984       1.326 132.1328  20.6222    25.66      nan      nan   99.462  nan      nan    nan   1.048     nan                                None   -1457.297    -386.450   -1457.066       0.032    -358.658       0.031
Gaia DR3 4270814637616488064 274.9618363  -1.9386128  9.063  1.694       1.515  80.8868  21.0854   -76.29      nan      nan   52.396  nan      nan    nan   0.913     nan                                None       1.750     -16.706      -0.414       0.019      -0.108       0.017
Gaia DR3 6012824815629363456 233.0558704 -36.3763073 12.843  2.601       2.242  49.8646  22.1271   -46.44      nan      nan   35.702  nan      nan    nan   1.149     nan                                None    -382.894    -247.612    -367.984       0.028    -239.711       0.023
Gaia DR3 6744310492631771392 293.3656855 -34.4094689 15.461  3.628       1.404  48.1627  22.4646   -60.29      nan      nan   34.752  nan      nan    nan   1.144     nan                                None     177.683    -293.224     183.549       0.056    -301.676       0.045
Gaia DR3 5937414952407830016 250.2948446 -49.9655478 14.114  2.999       1.788  34.6066  23.1960   -45.46      nan      nan   30.902  nan      nan    nan   1.175     nan                                None    -206.628    -341.895    -218.014       0.024    -339.422       0.018
Gaia DR3 4287473578816247936 293.1589568   0.5776279  9.744  1.844       1.355  83.1473  24.0944   -72.41      nan      nan   45.142  nan      nan    nan   1.079     nan                                None     228.320      17.144     218.117       0.018      25.030       0.015
Gaia DR3 6709672406031413504 278.0993626 -44.5873316 16.894  4.319       1.050  38.1642  24.9249   -55.00      nan      nan   29.837  nan      nan    nan   0.885     nan                                None      27.278    -331.759      20.679       0.119    -331.562       0.102
Gaia DR3 2983256662869643776  79.9990396 -15.8387231  8.394  1.250       2.235  80.6183  24.9699    70.66      nan      nan   42.094  nan      nan    nan   1.016     nan                                None     173.560     187.874     173.704       0.014     207.709       0.014
Gaia DR3 3352485999058854912 101.3218297  12.8947431  3.246  0.693       1.673 110.2416  25.6074    74.13      nan      nan   54.189  nan      nan    nan   1.850     nan                                None     -98.410    -181.460    -114.564       0.397    -191.671       0.412
Gaia DR3 5941585090765972864 246.4887407 -48.4814233 14.730  2.651       0.980  36.4438  25.9632   -45.31      nan      nan   28.634  nan      nan    nan   1.023     nan                                None    -218.867    -299.375    -217.488       0.029    -293.624       0.021
Gaia DR3 4766907137233719808  82.4297753 -55.4975004 12.009  2.191       2.046  41.2112  26.0151    41.32      nan      nan   29.350  nan      nan    nan   1.123     nan                                None     101.541     383.935     113.825       0.016     387.000       0.015
Gaia DR3 4223848757911010816 304.0929818  -2.0690887 10.464  1.859       2.795  80.7095  27.4850   -66.56      nan      nan   37.615  nan      nan    nan   1.092     nan                                None     295.807     -10.585     289.952       0.015     -31.960       0.014
Gaia DR3 4038572836732034048 274.1761708 -34.7781702 14.792  3.135       1.232  48.1022  27.8926   -63.27      nan      nan   28.872  nan      nan    nan   1.037     nan                                None      -5.407    -259.681      -0.599       0.039    -265.439       0.031
Gaia DR3 4038572836708198400 274.1763814 -34.7769458 14.552  3.023       0.637  48.1034  27.9239   -63.27      nan      nan   28.845  nan      nan    nan   1.106     nan                                None      -5.401    -259.426      -2.611       0.109    -262.113       0.087
Gaia DR3 5144740907820131840  32.2978133 -16.3392384 10.198  1.863       2.030  75.3452  28.0546    33.45      nan      nan   35.112  nan      nan    nan   1.111     nan                                None     501.457      80.902     516.409       0.019      79.440       0.017
Gaia DR3 3032105353154128256 108.5276928 -15.0687684 12.606  2.580       1.187  82.3681  29.1903    71.30      nan      nan   35.591  nan      nan    nan   1.311     nan                                None    -135.518     152.452    -126.806       0.022     150.587       0.020
