GaiaDR3                               RA         DEC   Gmag  Bp-Rp  Voff(km/s) Sep(deg)   3D(pc) Vr(pred)  Vr(obs)    Vrerr Plx(mas)  SpT    FnuvJ  W1-W3    RUWE  XCrate                               RVsrc    PMRApred   PMDecpred        PMRA     PMRAerr       PMDec    PMDecerr
Gaia DR3 6214868495365748096 230.8872209 -25.3706108  9.501  0.847       0.000   0.0000   0.0000     5.17      nan      nan   11.716  nan      nan    nan   1.047     nan                                None     -21.334      29.429     -21.334       0.019      29.429       0.015
Gaia DR3 6214879769657777536 230.8212547 -25.3900394 15.698  2.765       1.040   0.0627   0.3340     5.17      nan      nan   11.672  nan      nan    nan   1.095     nan                                None     -21.226      29.333     -21.516       0.048      31.876       0.037
Gaia DR3 6214879765359934592 230.8196251 -25.3903633 13.895  2.479       1.086   0.0642   2.1284     5.17      nan      nan   11.432  nan      nan    nan   2.950     nan                                None     -20.787      28.728     -21.637       0.061      26.252       0.047
Gaia DR3 6238158114445224704 234.9147990 -25.0916523 13.128  1.896       1.445   3.6539   6.1441     4.65      nan      nan   11.359  nan      nan    nan   1.046     nan                                None     -22.276      27.830     -21.808       0.020      24.402       0.015
Gaia DR3 6210089609813519104 234.7610609 -28.5964058 13.252  2.021       2.625   4.7240   8.7597     3.96      nan      nan   12.526  nan      nan    nan   4.414     nan                                None     -24.500      31.415     -31.106       0.089      33.515       0.072
Gaia DR3 6260434151305734784 236.2667582 -17.9387795 14.726  2.567       2.390   8.9541  13.3282     5.85      nan      nan   12.015  nan      nan    nan   1.050     nan                                None     -24.102      27.566     -18.989       0.035      24.324       0.025
Gaia DR3 6261833726528247040 237.0045852 -16.2649680 16.218    nan       2.467  10.7473  17.9396     6.05      nan      nan   10.854  nan      nan    nan   1.157     nan                                None     -22.035      24.422     -20.957       0.174      29.964       0.139
Gaia DR3 6272214421961911552 217.2528589 -24.4992335 16.863  3.170       2.163  12.3887  18.5291     6.95      nan      nan   11.602  nan      nan    nan   0.935     nan                                None     -14.893      30.730     -12.357       0.115      26.088       0.082
Gaia DR3 6272096391964818304 218.4862314 -24.2377519 15.942  2.987       2.851  11.3097  19.6484     6.88      nan      nan   10.640  nan      nan    nan   1.045     nan                                None     -14.213      27.989     -19.304       0.049      31.859       0.044
Gaia DR3 6267191161354606080 236.4160590 -13.0138712 19.920  1.165       2.377  13.4092  20.6877     6.74      nan      nan   11.231  nan      nan    nan   0.976     nan                                None     -22.584      24.469     -22.496       0.611      30.096       0.442
Gaia DR3 6244653307587792256 243.7621609 -20.3513957 14.822  2.490       1.493  12.8728  22.1459     4.15      nan      nan   10.576  nan      nan    nan   1.023     nan                                None     -23.629      23.770     -20.473       0.036      22.708       0.028
Gaia DR3 6268475395235427456 236.2368018 -11.6407197 16.596  3.036       2.865  14.6314  22.3421     7.01      nan      nan   11.307  nan      nan    nan   0.962     nan                                None     -22.670      24.256     -22.081       0.074      17.452       0.050
Gaia DR3 6262660490554329088 238.2404134 -15.5031803 20.122  2.182       1.489  12.0278  23.4973     5.99      nan      nan   10.118  nan      nan    nan   1.183     nan                                None     -20.941      22.473     -22.708       1.191      25.112       0.723
Gaia DR3 6007698450041435392 230.9814007 -36.6318327 10.480  0.952       2.245  11.2615  25.0004     2.73      nan      nan    9.771  nan      nan    nan   0.909     nan                                None     -17.825      26.132     -13.203       0.017      26.274       0.013
Gaia DR3 6024565679960288640 249.1161828 -32.3863696 13.102  1.991       2.123  17.4039  25.6686     0.98      nan      nan   12.695  nan      nan    nan   9.266     nan                                None     -30.140      28.762     -35.725       0.194      27.720       0.149
Gaia DR3 6285799433582438016 220.9809208 -16.4888473 18.139  3.695       1.701  12.8150  25.7161     8.23      nan      nan    9.937  nan      nan    nan   1.015     nan                                None     -14.301      23.786     -16.227       0.236      20.788       0.232
Gaia DR3 6227254120191239936 229.6368299 -24.0543069 19.907  1.092       2.197   1.7386  25.9272     5.61      nan      nan    9.000  nan      nan    nan   1.074     nan                                None     -15.979      22.519     -17.351       0.777      26.455       0.701
Gaia DR3 6018636529174158208 247.5170168 -37.3318140 15.346  2.659       2.600  18.5154  27.1057     0.30      nan      nan   12.312  nan      nan    nan   1.091     nan                                None     -28.743      28.501     -24.376       0.038      23.354       0.031
Gaia DR3 6040082572180734592 241.6558532 -29.9199497 15.154  2.656       2.250  10.5617  27.1468     2.66      nan      nan    9.426  nan      nan    nan   1.137     nan                                None     -20.490      22.646     -24.470       0.043      20.609       0.026
Gaia DR3 6327235186405829376 222.6755492  -8.2241951  8.081  0.603       2.371  18.8468  27.9052     9.57      nan      nan   11.754  nan      nan    nan   1.141     nan                                None     -17.723      24.837     -12.098       0.029      23.139       0.027
Gaia DR3 6023258704248885760 245.5628219 -33.9050507 14.935  2.432       2.171  15.3209  28.2372     1.26      nan      nan   10.069  nan      nan    nan   0.996     nan                                None     -22.994      23.672     -18.771       0.034      21.828       0.026
Gaia DR3 6018490083648889728 246.1145673 -37.4409174 19.212  3.764       0.561  17.6919  29.2836     0.49      nan      nan   10.537  nan      nan    nan   0.996     nan                                None     -24.215      24.755     -24.365       0.416      25.992       0.304
Gaia DR3 6176911880801989248 208.6294746 -28.6353543 16.021  2.725       1.129  20.0678  29.6348     6.71      nan      nan   11.807  nan      nan    nan   1.086     nan                                None     -10.680      33.374     -10.054       0.050      30.634       0.049
Gaia DR3 6312122158564193664 224.8566330 -13.2858492 10.970  1.076       1.770  13.3513  29.8960     8.37      nan      nan    9.477  nan      nan    nan   1.126     nan                                None     -15.108      21.505     -11.590       0.023      21.861       0.018
Gaia DR3 5994085014323186432 243.5708662 -40.4507441 18.198  3.608       1.955  18.4167  29.9141     0.27      nan      nan   10.646  nan      nan    nan   1.229     nan                                None     -23.729      25.729     -19.631       0.246      27.293       0.186
