GaiaDR3                               RA         DEC   Gmag  Bp-Rp  Voff(km/s) Sep(deg)   3D(pc) Vr(pred)  Vr(obs)    Vrerr Plx(mas)  SpT    FnuvJ  W1-W3    RUWE  XCrate                               RVsrc    PMRApred   PMDecpred        PMRA     PMRAerr       PMDec    PMDecerr
Gaia DR3 1159336403336463872 222.7673182   5.9473623 11.956  1.047       0.000   0.0000   0.0000   -16.74      nan      nan    4.953  nan      nan    nan   1.152     nan                                None     -28.610      -2.774     -28.610       0.019      -2.774       0.019
Gaia DR3 1171886259120531200 220.0518913   7.2297521 17.680  3.132       1.213   2.9867  10.7384   -15.49      nan      nan    4.907  nan      nan    nan   1.112     nan                                None     -29.117      -2.532     -29.050       0.169      -1.279       0.138
Gaia DR3 1160572116967178496 226.2382976   7.2207281 16.267  2.334       1.958   3.6756  12.9847   -18.41      nan      nan    4.988  nan      nan    nan   1.100     nan                                None     -27.720      -2.187     -27.319       0.063      -0.167       0.056
Gaia DR3 1171086055173364864 220.2892306   5.5841528 17.088  2.780       1.890   2.4922  15.1170   -15.53      nan      nan    4.672  nan      nan    nan   1.017     nan                                None     -27.663      -2.837     -27.570       0.100      -0.977       0.072
Gaia DR3 3652379307357865984 221.9407233   1.9652885 13.951  1.669       1.430   4.0665  16.0392   -16.12      nan      nan    5.150  nan      nan    nan   1.099     nan                                None     -30.003      -4.156     -31.201       0.022      -3.168       0.018
Gaia DR3 1158963905117348480 219.9167565   5.1695042 16.151  2.783       2.536   2.9418  16.2823   -15.33      nan      nan    5.289  nan      nan    nan   7.659     nan                                None     -31.421      -3.355     -34.226       0.364      -2.993       0.325
Gaia DR3 1158270289374288512 222.9504179   4.2538212 12.397  1.091       2.863   1.7033  19.0749   -16.74      nan      nan    4.547  nan      nan    nan   1.120     nan                                None     -26.216      -3.014     -27.706       0.014      -0.710       0.012
Gaia DR3 1181099960402979072 223.5382553  11.2214875 18.519  3.479       1.820   5.3289  19.0749   -17.27      nan      nan    5.062  nan      nan    nan   0.998     nan                                None     -29.005      -1.104     -30.780       0.234      -0.316       0.188
Gaia DR3 1159376672949917056 223.0996071   6.3774609 16.868  2.628       1.187   0.5423  19.6780   -16.92      nan      nan    4.515  nan      nan    nan   0.922     nan                                None     -25.990      -2.393     -25.925       0.078      -1.265       0.066
Gaia DR3 1153016578003104000 224.4738219   0.6669328 18.431  3.055       1.668   5.5483  19.7820   -17.23      nan      nan    5.057  nan      nan    nan   0.971     nan                                None     -28.677      -4.454     -29.143       0.240      -2.738       0.237
Gaia DR3 1158742117301679616 221.8886619   4.8210222 16.993  2.760       2.934   1.4261  20.2045   -16.27      nan      nan    4.516  nan      nan    nan   1.018     nan                                None     -26.326      -2.877     -24.915       0.092      -0.465       0.085
Gaia DR3 1159140655906953856 222.1775960   5.1111062 15.775  2.664       1.469   1.0217  21.6719   -16.42      nan      nan    4.479  nan      nan    nan   1.622     nan                                None     -26.033      -2.764     -24.710       0.066      -3.178       0.061
Gaia DR3 1160132479820895744 224.9759565   6.4790648 16.695  2.728       2.421   2.2591  21.8745   -17.80      nan      nan    4.502  nan      nan    nan   1.013     nan                                None     -25.387      -2.263     -24.577       0.071      -4.413       0.059
Gaia DR3 1160132479819428992 224.9765003   6.4790340 16.678  2.564       1.157   2.2596  22.1899   -17.80      nan      nan    4.495  nan      nan    nan   0.992     nan                                None     -25.348      -2.259     -25.233       0.070      -3.349       0.057
Gaia DR3 1176277644137475968 218.7402128  10.0084461 18.286  3.139       2.909   5.6913  22.8627   -14.95      nan      nan    5.267  nan      nan    nan   1.019     nan                                None     -31.625      -2.005     -28.485       0.206      -1.249       0.173
Gaia DR3 1159334096938893696 222.7274373   5.8753728 18.317  2.946       1.663   0.0822  23.8291   -16.72      nan      nan    4.430  nan      nan    nan   0.858     nan                                None     -25.601      -2.503     -26.213       0.215      -1.076       0.176
Gaia DR3 1153638184325646464 227.3452159   2.1283422 16.973  2.402       1.242   5.9523  23.8403   -18.66      nan      nan    5.279  nan      nan    nan   1.086     nan                                None     -28.943      -4.104     -30.285       0.100      -4.436       0.096
Gaia DR3 1172870906142573312 219.7224881   8.6603606 16.424  2.454       1.014   4.0595  23.9725   -15.39      nan      nan    4.532  nan      nan    nan   1.047     nan                                None     -26.975      -1.991     -26.595       0.065      -2.882       0.055
Gaia DR3 1167019408338613120 228.9560667   8.7603584 18.498  3.246       0.984   6.7511  24.9162   -19.67      nan      nan    5.183  nan      nan    nan   0.887     nan                                None     -27.837      -1.526     -26.819       0.191      -1.180       0.181
Gaia DR3 1175900752167227776 217.0001175   8.8511566 10.615  0.699       2.902   6.4135  25.4381   -14.05      nan      nan    4.708  nan      nan    nan   0.989     nan                                None     -28.692      -2.225     -31.516       0.019      -1.657       0.018
Gaia DR3 6341028864717790080 224.5915446  -0.4883752 17.964  2.616       1.781   6.6885  25.5327   -17.20      nan      nan    4.751  nan      nan    nan   1.092     nan                                None     -26.909      -4.533     -26.791       0.193      -2.753       0.138
Gaia DR3 3650341981031044224 222.9431102  -1.2627335 19.751  2.726       1.094   7.2122  25.9134   -16.36      nan      nan    4.862  nan      nan    nan   1.083     nan                                None     -28.032      -4.859     -28.683       0.515      -3.946       0.383
Gaia DR3 1177304003882178560 217.2438070  10.7613460 12.186  0.989       1.105   7.2815  26.5483   -14.24      nan      nan    4.823  nan      nan    nan   1.062     nan                                None     -29.334      -1.778     -28.596       0.016      -0.931       0.015
Gaia DR3 1167755737531812608 227.4024290   9.6284190 18.045  3.316       1.653   5.8849  26.6063   -19.01      nan      nan    4.596  nan      nan    nan   0.861     nan                                None     -25.182      -1.177     -25.340       0.174       0.417       0.163
Gaia DR3 1168175377311429248 227.9094298  10.1249218  8.657  0.350       1.625   6.5851  26.7523   -19.24      nan      nan    4.673  nan      nan    nan   2.251     nan                                None     -25.441      -0.995     -23.845       0.128      -1.131       0.161
Gaia DR3 1164005788701615360 229.8673883   8.4515598 17.361  2.793       2.632   7.4754  26.9283   -20.06      nan      nan    4.852  nan      nan    nan   1.036     nan                                None     -25.739      -1.476     -24.072       0.111      -3.590       0.100
Gaia DR3 1175899996252945152 217.0190631   8.8382929 10.334  0.753       2.668   6.3910  27.4723   -14.06      nan      nan    4.620  nan      nan    nan   1.811     nan                                None     -28.152      -2.185     -30.685       0.037      -1.606       0.031
Gaia DR3 1163994346908675072 229.4482217   8.4691066 19.068  3.034       0.825   7.0910  27.7591   -19.88      nan      nan    4.704  nan      nan    nan   1.027     nan                                None     -25.098      -1.452     -25.915       0.348      -1.485       0.318
Gaia DR3 1153610279923176192 226.3016779   2.0719411 18.147  2.942       2.396   5.2388  28.1065   -18.18      nan      nan    5.560  nan      nan    nan   0.950     nan                                None     -30.874      -4.365     -32.092       0.180      -1.834       0.164
Gaia DR3 3651817525635394560 220.3935362   0.7412670 17.179  2.843       2.690   5.7197  28.3895   -15.28      nan      nan    5.529  nan      nan    nan   0.972     nan                                None     -32.700      -4.873     -33.493       0.108      -1.839       0.110
Gaia DR3 1163106830570851584 229.7419959   6.6624526 16.303  2.705       2.651   6.9692  28.5821   -19.96      nan      nan    4.648  nan      nan    nan   1.031     nan                                None     -24.702      -2.034     -22.148       0.071      -2.510       0.057
Gaia DR3 1153253076082674304 224.7225732   1.2185647 18.855  3.079       1.271   5.1154  28.5903   -17.39      nan      nan    5.590  nan      nan    nan   1.150     nan                                None     -31.613      -4.725     -31.033       0.306      -3.343       0.251
Gaia DR3 3649788376926531584 220.3912246  -1.2701478 18.387  3.032       1.794   7.5975  28.7615   -15.13      nan      nan    4.743  nan      nan    nan   1.416     nan                                None     -28.053      -4.715     -28.237       0.482      -2.930       0.417
Gaia DR3 1181813204146954880 225.9885347  13.1071167  8.617  0.412       2.277   7.8320  28.9196   -18.42      nan      nan    4.786  nan      nan    nan   0.979     nan                                None     -26.675      -0.207     -24.540       0.023       0.641       0.019
Gaia DR3 1177293524162008832 217.1186626  10.5517513 14.153  2.005       2.151   7.2410  29.1885   -14.17      nan      nan    5.376  nan      nan    nan   2.435     nan                                None     -32.733      -2.054     -30.668       0.048      -3.349       0.042
