GaiaDR3                               RA         DEC   Gmag  Bp-Rp  Voff(km/s) Sep(deg)   3D(pc) Vr(pred)  Vr(obs)    Vrerr Plx(mas)  SpT    FnuvJ  W1-W3    RUWE  XCrate                               RVsrc    PMRApred   PMDecpred        PMRA     PMRAerr       PMDec    PMDecerr
 Gaia DR3 549007291282705024  44.3392865  76.5513490 12.248  2.532       0.000   0.0000   0.0000    69.79      nan      nan   54.904  nan      nan    nan   1.263     nan                                None     690.920    -399.894     690.920       0.017    -399.894       0.019
Gaia DR3 2283612503305198208 321.7606300  76.2990387 19.926  3.249       2.248  17.8206   5.6607    45.65      nan      nan   61.149  nan      nan    nan   1.465     nan                                None     736.550     843.564     756.414       0.839     822.463       0.811
 Gaia DR3 474648763011926272  58.7700448  61.1657158  7.593  1.055       2.742  16.1322   6.1355    82.86      nan      nan   47.698  nan      nan    nan   0.941     nan                                None     456.397    -265.843     437.749       0.020    -245.534       0.019
Gaia DR3 1113055759899565568 101.1885240  71.8851838 10.195  2.039       2.993  15.4385   6.2548    80.88      nan      nan   46.495  nan      nan    nan   5.491     nan                                None     -89.075    -537.008    -116.841       0.059    -546.476       0.088
Gaia DR3 1107458592882148096  94.0109968  70.7796048  7.231  0.939       2.548  14.5529   9.6704    82.09      nan      nan   38.244  nan      nan    nan   0.952     nan                                None       5.107    -433.075     -12.712       0.013    -443.288       0.015
 Gaia DR3 962577285717437952  93.7201396  45.6149509 17.597  4.585       1.751  36.7774  13.8707    97.12      nan      nan   43.176  nan      nan    nan   1.001     nan                                None       9.359    -124.566      16.658       0.161    -110.401       0.126
Gaia DR3 1091607174261426048 125.9005187  64.2260373 14.014  3.245       2.535  27.0432  14.5729    82.73      nan      nan   35.444  nan      nan    nan   1.290     nan                                None    -302.945    -251.971    -319.926       0.017    -260.358       0.019
 Gaia DR3 826957061916956544 148.3860005  50.7511593 11.143  2.169       0.463  44.1552  17.5898    75.31      nan      nan   39.603  nan      nan    nan   1.147     nan                                None    -524.659      20.128    -524.036       0.019      16.312       0.018
 Gaia DR3 954069986297059456 103.4575297  45.3268616 16.617  4.525       2.292  39.1446  19.5355    96.53      nan      nan   33.423  nan      nan    nan   0.935     nan                                None     -85.528     -88.242     -99.597       0.111     -80.314       0.102
 Gaia DR3 933707099669632640 116.7714581  48.0964625 14.404  2.785       2.159  39.5791  25.3438    92.57      nan      nan   27.346  nan      nan    nan   1.189     nan                                None    -170.070     -78.165    -168.301       0.024     -65.844       0.018
Gaia DR3 2265154211335825152 287.2921424  74.1743404 13.739  2.698       1.931  24.9233  26.0233    36.91      nan      nan   24.164  nan      nan    nan   1.340     nan                                None      87.866     454.842      81.959       0.020     462.708       0.017
