GaiaDR3                               RA         DEC   Gmag  Bp-Rp  Voff(km/s) Sep(deg)   3D(pc) Vr(pred)  Vr(obs)    Vrerr Plx(mas)  SpT    FnuvJ  W1-W3    RUWE  XCrate                               RVsrc    PMRApred   PMDecpred        PMRA     PMRAerr       PMDec    PMDecerr
Gaia DR3 6133384959942131968 190.0365628 -44.3120796  9.915  0.848       0.000   0.0000   0.0000    17.46    17.46     0.18    9.450  nan      nan    nan   1.012     nan                            Gaia_DR3      -3.723     -13.766      -3.723       0.013     -13.766       0.013
Gaia DR3 6135608211110483968 195.4864184 -44.5037625 15.336  2.645       2.683   3.8972   7.5660    17.33     5.17     5.09    9.687  nan      nan    nan   1.010     nan                            Gaia_DR3      -5.288     -14.296      -3.020       0.030      -9.308       0.023
Gaia DR3 6131223049504266112 184.6387217 -46.7512307 19.924  1.725       1.491   4.4981   8.4718    17.84      nan      nan    9.329  nan      nan    nan   2.079     nan                                None      -2.239     -11.912      -5.117       0.775     -11.348       0.693
Gaia DR3 6139197738617212160 195.9719135 -41.6598139 15.218  2.682       2.587   5.0859  10.1990    16.95    -1.78     4.58    9.862  nan      nan    nan   0.983     nan                            Gaia_DR3      -5.514     -16.355      -7.038       0.032     -11.198       0.022
Gaia DR3 6140009865392980224 192.9068791 -41.0327107  9.371  0.701       2.048   3.8991  11.0292    16.96     7.94     0.15    8.777  nan      nan    nan   0.998     nan                            Gaia_DR3      -4.165     -14.739      -0.411       0.014     -15.248       0.011
Gaia DR3 6084658113593020416 193.9162568 -50.1299259 14.598  2.507       0.438   6.3845  12.3945    17.98     7.18     2.17    9.874  nan      nan    nan   1.050     nan                            Gaia_DR3      -4.962     -10.854      -4.768       0.020      -9.964       0.020
Gaia DR3 6139998492319828480 193.1863331 -41.1845778  8.406  0.554       2.217   3.8892  13.1626    16.97   -10.80     0.16    8.575  nan      nan    nan   1.064     nan                            Gaia_DR3      -4.136     -14.333      -0.981       0.020     -11.860       0.017
Gaia DR3 6079110802556062592 187.1388389 -51.1811857 17.181    nan       1.832   7.1386  13.2003    18.21      nan      nan    9.421  nan      nan    nan   7.084     nan                                None      -2.937      -9.344      -2.263       0.689      -5.768       0.578
Gaia DR3 6078802252108860288 188.6184028 -51.7579768 17.838  0.932       2.162   7.5056  14.2981    18.23      nan      nan    9.211  nan      nan    nan  12.905     nan                                None      -3.259      -8.841       0.290       0.681      -6.597       0.755
Gaia DR3 6141140472583881472 197.1216456 -39.3400743 16.781  2.821       1.499   7.2471  14.8776    16.57      nan      nan    8.965  nan      nan    nan   1.074     nan                                None      -5.294     -16.219      -2.509       0.063     -16.736       0.064
Gaia DR3 6143663198938554624 185.6838337 -45.0111526 18.496  1.318       2.882   3.1735  15.4471    17.63      nan      nan    8.337  nan      nan    nan   4.667     nan                                None      -2.251     -11.620      -6.498       0.772      -8.860       0.775
Gaia DR3 6083333580039251456 199.9636344 -48.7765608 13.763  2.145       1.672   8.1478  15.4971    17.66     1.00     2.73    9.203  nan      nan    nan   1.060     nan                            Gaia_DR3      -6.139     -11.365      -5.129       0.015      -8.284       0.015
Gaia DR3 6142647009671871360 196.0604576 -37.6161912 16.248  2.791       1.835   8.0896  15.5341    16.35      nan      nan    9.158  nan      nan    nan   1.056     nan                                None      -5.143     -17.464      -7.001       0.049     -20.480       0.045
Gaia DR3 3458932468519653760 180.7258432 -40.5418221 11.775  1.448       2.839   7.8320  15.6063    17.12    -4.58     0.70   10.115  nan      nan    nan   8.839     nan                            Gaia_DR3      -1.285     -16.873      -7.180       0.291     -18.250       0.237
Gaia DR3 6080806627442513024 197.7474815 -51.0351415 16.977  3.041       0.447   8.4849  15.8603    17.95      nan      nan    9.307  nan      nan    nan   0.999     nan                                None      -5.654      -9.940      -6.398       0.063      -9.478       0.051
Gaia DR3 6085283598270213760 196.1992898 -48.3423977 16.583  3.126       2.464   5.8577  15.8897    17.74      nan      nan    8.553  nan      nan    nan   1.008     nan                                None      -4.836     -10.544      -5.124       0.064      -6.111       0.042
Gaia DR3 6126274628713765248 182.8106747 -51.0142792 11.769  1.296       2.732   8.2741  16.2603    18.26     7.87     0.31    9.056  nan      nan    nan   1.490     nan                            Gaia_DR3      -1.697      -8.951       3.132       0.015      -6.981       0.017
Gaia DR3 6155434772284387456 192.5831986 -35.7787026 17.954  3.488       1.100   8.7520  16.5376    16.17      nan      nan    9.228  nan      nan    nan   0.979     nan                                None      -4.296     -18.441      -2.629       0.155     -17.099       0.095
Gaia DR3 6078764387664715776 187.5708743 -52.3060214 19.340  1.247       2.339   8.1591  17.1425    18.30      nan      nan    8.848  nan      nan    nan   2.970     nan                                None      -2.867      -8.124      -7.007       0.706      -6.748       0.679
Gaia DR3 6078148661165060608 190.0734472 -51.7356785 16.769 -0.079       2.979   7.4236  17.2536    18.21      nan      nan    8.661  nan      nan    nan   1.028     nan                                None      -3.421      -8.391      -6.099       0.059     -13.125       0.055
Gaia DR3 6129614768933465728 181.7710373 -49.9384247 19.304  3.804       0.577   7.9461  17.4131    18.17      nan      nan    8.753  nan      nan    nan   1.117     nan                                None      -1.377      -9.261      -0.572       0.309      -8.565       0.274
Gaia DR3 6125153504811469696 183.5560852 -52.4092932 16.658  1.895       2.580   9.1622  18.1419    18.36      nan      nan    8.993  nan      nan    nan  12.380     nan                                None      -1.879      -8.061       2.445       0.541      -5.775       0.630
Gaia DR3 6079327612504603392 190.6873772 -50.7355818 16.628  1.340       1.837   6.4384  18.3856    18.11      nan      nan    8.389  nan      nan    nan  13.257     nan                                None      -3.459      -8.717      -5.249       0.567      -6.005       0.509
Gaia DR3 6080830026419337984 198.3888860 -50.8640254 19.051  1.273       2.692   8.6297  18.5079    17.91      nan      nan    8.762  nan      nan    nan   3.934     nan                                None      -5.475      -9.503      -9.026       0.756      -6.024       0.595
Gaia DR3 6134469044047282304 195.6918176 -46.3863136 18.916  3.492       1.986   4.4816  18.8649    17.55      nan      nan    8.166  nan      nan    nan   0.874     nan                                None      -4.504     -11.076      -7.482       0.214      -9.395       0.144
Gaia DR3 6136553992973447168 198.5652876 -42.9976486 20.137  2.799       0.706   6.3059  18.8912    17.03      nan      nan   11.076  nan      nan    nan   0.968     nan                                None      -6.973     -17.642      -5.522       0.568     -16.861       0.503
Gaia DR3 6079872935915742208 195.4364040 -53.9854895 18.471  3.625       2.436  10.2906  18.9949    18.25      nan      nan    9.436  nan      nan    nan   0.982     nan                                None      -5.138      -8.048      -1.299       0.159      -5.092       0.134
Gaia DR3 6079965432333793280 195.6368037 -53.5132110 17.277  3.163       2.257   9.9024  19.3198    18.21      nan      nan   10.229  nan      nan    nan   1.048     nan                                None      -5.626      -9.065      -7.705       0.066      -4.665       0.060
Gaia DR3 6073970104651138560 191.7860695 -54.6914400 17.761  1.551       1.494  10.4405  19.4527    18.38      nan      nan    9.920  nan      nan    nan   9.526     nan                                None      -4.397      -7.735      -2.715       0.550      -5.102       0.692
Gaia DR3 6073595373054158464 191.2850079 -54.8310853 19.144  1.740       2.774  10.5497  19.5005    18.40      nan      nan    9.412  nan      nan    nan   3.360     nan                                None      -4.039      -7.221       1.366       0.601      -6.182       0.779
Gaia DR3 6146018657783685376 189.1106130 -42.1819544 17.023  3.184       2.972   2.2343  19.9777    17.21      nan      nan   11.602  nan      nan    nan   1.039     nan                                None      -4.267     -18.429       2.182       0.070     -15.077       0.070
Gaia DR3 6074419938052618240 190.9171586 -54.3566326 18.824  2.331       0.935  10.0607  19.9835    18.38      nan      nan    8.946  nan      nan    nan   3.521     nan                                None      -3.747      -7.131      -3.994       0.673      -5.385       0.825
Gaia DR3 5371721713142989824 176.2110708 -49.0448783 17.410  3.144       0.365  10.5792  20.0912    18.12      nan      nan    9.162  nan      nan    nan   0.983     nan                                None       0.037     -10.190      -0.626       0.060     -10.429       0.062
Gaia DR3 6162091391773212928 201.3123985 -39.6122179 16.179  2.764       1.357   9.5996  20.1544    16.44      nan      nan    8.766  nan      nan    nan   0.959     nan                                None      -6.160     -15.978      -8.664       0.047     -16.128       0.042
Gaia DR3 6138344242715463296 199.3294393 -39.5274183 16.796  3.169       2.101   8.4002  20.1641    16.51      nan      nan   10.900  nan      nan    nan   1.017     nan                                None      -7.086     -19.761     -10.234       0.076     -16.100       0.093
Gaia DR3 5372464781143374208 175.4763891 -46.6302675 15.180  1.116       1.536  10.4540  20.1767    17.88      nan      nan   10.218  nan      nan    nan  39.608     nan                                None       0.259     -13.001      -1.232       0.685     -10.047       0.636
Gaia DR3 6073692885990826624 191.9566496 -55.3872558 18.944  2.425       2.271  11.1430  20.5005    18.42      nan      nan    9.765  nan      nan    nan   4.884     nan                                None      -4.375      -7.165      -0.741       0.533      -4.225       0.720
Gaia DR3 6148397657346917632 183.4648623 -41.1215108 17.506  3.054       2.304   5.7844  20.8756    17.17      nan      nan    8.115  nan      nan    nan   1.000     nan                                None      -1.674     -13.283      -2.846       0.071      -9.520       0.059
Gaia DR3 6074447361434788864 189.6066947 -54.4812153 17.925  1.209       2.284  10.1729  20.8767    18.41      nan      nan   10.542  nan      nan    nan   4.684     nan                                None      -4.026      -8.235      -9.100       0.398      -8.147       0.583
Gaia DR3 3460863314016059264 179.0603503 -36.7817609 15.657  2.713       1.205  11.2187  20.9418    16.58    12.25     4.49   10.003  nan      nan    nan   1.052     nan                            Gaia_DR3      -0.788     -19.003      -2.846       0.036     -20.492       0.028
Gaia DR3 6073050496319243520 186.4563674 -55.0309529 18.619  2.225       2.021  10.9627  21.1187    18.50      nan      nan    9.067  nan      nan    nan   3.361     nan                                None      -2.649      -6.607      -4.302       0.486      -3.116       0.746
Gaia DR3 6067456357263457664 201.6287586 -53.0691205 16.558  2.552       2.775  11.6006  21.3058    17.99      nan      nan    9.747  nan      nan    nan   1.775     nan                                None      -6.930      -9.441     -12.630       0.148      -9.293       0.135
Gaia DR3 6108280536800749568 206.4699323 -44.5019420 11.196  1.102       2.438  11.7215  21.7745    16.88    21.79     0.34    9.339  nan      nan    nan   0.998     nan                            Gaia_DR3      -7.804     -14.653      -3.048       0.018     -14.003       0.016
Gaia DR3 5378733887206898688 174.9342796 -45.2017873 17.218  3.063       2.081  10.7452  22.0057    17.72      nan      nan   10.614  nan      nan    nan   1.113     nan                                None       0.437     -14.500      -3.904       0.064     -12.814       0.061
Gaia DR3 6156797960543867648 187.1811072 -37.0940079 11.602  1.132       2.456   7.5343  22.1190    16.52    19.90     0.56    8.188  nan      nan    nan   1.291     nan                            Gaia_DR3      -2.562     -15.535      -5.796       0.019     -18.276       0.020
Gaia DR3 6108280536801694080 206.4693422 -44.4998438 15.603  2.493       2.947  11.7213  22.2702    16.88    18.32     9.59    9.138  nan      nan    nan   1.358     nan                            Gaia_DR3      -7.636     -14.339      -2.081       0.091     -15.509       0.058
Gaia DR3 6125485626026875520 184.2095055 -52.3109468 16.107  0.955       2.038   8.8813  22.3345    18.34      nan      nan    8.349  nan      nan    nan  10.544     nan                                None      -1.901      -7.555      -3.701       0.285      -4.453       0.368
Gaia DR3 6061471852929843328 195.3400556 -55.9038131 18.500  1.539       1.640  12.0716  22.5453    18.38      nan      nan    9.278  nan      nan    nan   4.420     nan                                None      -5.027      -6.706      -7.445       0.539      -8.814       0.684
Gaia DR3 5382589182992777216 173.4205807 -41.8499306 18.588  3.669       1.742  12.3605  22.6690    17.31      nan      nan    9.756  nan      nan    nan   1.036     nan                                None       0.830     -15.449       4.237       0.152     -14.338       0.146
Gaia DR3 6179430346545415680 197.2216538 -33.2385199 16.782  2.970       2.119  12.3975  22.8255    15.56      nan      nan    9.474  nan      nan    nan   0.980     nan                                None      -5.620     -20.567      -9.602       0.065     -19.131       0.053
Gaia DR3 6125444909751603072 183.0231310 -51.5884850 16.711  3.204       2.707   8.6520  22.8495    18.30      nan      nan   11.335  nan      nan    nan   1.058     nan                                None      -2.193     -10.771      -7.366       0.043     -14.652       0.050
Gaia DR3 6139362459202861824 194.6956865 -41.5768427 13.808  2.404       2.072   4.3706  23.2409    16.98    31.65     1.51   11.945  nan      nan    nan   1.004     nan                            Gaia_DR3      -6.260     -19.776      -4.287       0.016     -14.946       0.012
Gaia DR3 6183521423153573120 193.7158077 -32.0993268 16.071  2.825       2.193  12.5466  23.2492    15.49      nan      nan   10.018  nan      nan    nan   1.094     nan                                None      -4.979     -22.221      -3.366       0.050     -17.879       0.039
Gaia DR3 6060638904152041344 195.4401685 -56.5044263 19.250  1.354       2.269  12.6596  23.4117    18.41      nan      nan    9.394  nan      nan    nan   3.468     nan                                None      -5.116      -6.416      -9.595       0.675      -6.768       0.915
Gaia DR3 6165574713329250816 200.3153819 -37.7086553 14.697  2.519       2.937  10.1724  23.4625    16.19      nan      nan    8.450  nan      nan    nan   1.549     nan                                None      -5.715     -16.304      -0.631       0.104     -17.533       0.087
Gaia DR3 6159791282166596096 192.6658945 -31.6372699 16.400  3.040       0.531  12.8412  23.6563    15.44      nan      nan    9.938  nan      nan    nan   1.053     nan                                None      -4.649     -22.258      -4.355       0.062     -23.331       0.044
Gaia DR3 6069408467136464256 206.5629115 -50.9500129 17.307  3.381       1.358  12.9224  23.6917    17.61      nan      nan    9.802  nan      nan    nan   1.039     nan                                None      -8.214     -11.372      -8.856       0.095     -14.104       0.077
Gaia DR3 6149717419196111744 186.1179378 -40.8987522 16.179  2.874       1.700   4.4676  23.8225    17.10      nan      nan    7.822  nan      nan    nan   1.130     nan                                None      -2.210     -12.970      -4.849       0.045     -12.029       0.046
Gaia DR3 6061455119710228480 194.2894277 -56.0595494 19.241  1.744       2.032  12.0531  24.0652    18.41      nan      nan    8.848  nan      nan    nan   2.509     nan                                None      -4.538      -6.231      -8.327       0.527      -6.207       0.685
Gaia DR3 6108498446261478912 206.3669084 -43.8666767 17.742  3.243       2.543  11.7184  24.2569    16.80      nan      nan    8.706  nan      nan    nan   0.880     nan                                None      -7.252     -13.993      -5.683       0.422     -18.389       0.199
Gaia DR3 6075649162007679232 180.9581491 -56.2481256 19.397  1.080       2.662  13.2451  24.3667    18.62      nan      nan    9.485  nan      nan    nan   3.000     nan                                None      -1.269      -5.962      -0.631       0.764      -0.679       0.894
Gaia DR3 3464587909656040832 176.6387028 -35.8115789 16.938  3.064       2.681  13.2892  24.5213    16.43      nan      nan   10.011  nan      nan    nan   0.980     nan                                None      -0.084     -19.597       0.974       0.089     -14.038       0.067
Gaia DR3 6179556717367638784 198.5433803 -33.5578629 18.075  3.755       1.642  12.6106  24.5318    15.56      nan      nan    8.967  nan      nan    nan   0.980     nan                                None      -5.640     -19.373      -8.438       0.181     -18.029       0.171
Gaia DR3 5384714508904653184 175.3498932 -39.3524698 18.572  0.430       0.684  11.9917  24.6792    16.97      nan      nan   10.834  nan      nan    nan   1.024     nan                                None       0.315     -18.850       0.690       0.186     -20.366       0.131
Gaia DR3 6150104653446230272 185.8057584 -39.6987898 13.201  1.950       2.513   5.5808  24.7037    16.94   -10.74     1.07    7.826  nan      nan    nan   1.080     nan                            Gaia_DR3      -2.141     -13.559      -1.209       0.011      -9.519       0.012
Gaia DR3 6063484440235147648 198.4718509 -56.6027527 19.966  1.503       2.144  13.3892  24.7753    18.33      nan      nan   10.071  nan      nan    nan   1.981     nan                                None      -6.315      -7.072      -9.224       0.602     -10.573       0.756
Gaia DR3 6063833810053341568 200.0536338 -56.3372368 19.997  1.873       1.942  13.5881  24.9200    18.27      nan      nan    9.564  nan      nan    nan   1.831     nan                                None      -6.402      -7.029      -8.694       0.582      -3.855       0.850
Gaia DR3 6060370829481852288 194.7567841 -57.5953769 16.888  1.245       2.413  13.6038  24.9282    18.48      nan      nan    9.594  nan      nan    nan  12.431     nan                                None      -5.044      -5.790      -9.791       0.480      -6.922       0.635
Gaia DR3 6068611772177027328 203.0228733 -54.0053349 20.562  1.959       1.643  12.8469  25.0556    18.01      nan      nan    8.946  nan      nan    nan   1.213     nan                                None      -6.687      -8.238      -9.573       0.967      -7.109       1.450
Gaia DR3 6129133320275783168 190.0061348 -46.9213140 16.268  2.583       2.111   2.6093  25.1709    17.76      nan      nan    7.668  nan      nan    nan   1.041     nan                                None      -3.014      -9.871       0.342       0.047     -10.488       0.043
Gaia DR3 5376161201796982400 171.4015757 -43.7633940 18.873  2.115       2.618  13.3788  25.1760    17.53      nan      nan    9.191  nan      nan    nan   4.745     nan                                None       1.320     -13.451       0.491       0.625      -8.448       0.686
Gaia DR3 6146031924937736576 188.7302393 -42.0774468 15.929  2.883       1.661   2.4290  25.2730    17.21      nan      nan   12.368  nan      nan    nan   1.074     nan                                None      -4.415     -19.708      -7.131       0.040     -23.082       0.038
Gaia DR3 6156797960544191744 187.1872609 -37.0823558 17.769  3.217       2.573   7.5442  25.5334    16.52      nan      nan    7.916  nan      nan    nan   0.979     nan                                None      -2.478     -15.025      -5.202       0.105     -18.343       0.108
Gaia DR3 6073625923170864000 190.4085140 -54.9292787 16.209  1.196       1.803  10.6199  25.5427    18.43      nan      nan    8.298  nan      nan    nan  15.791     nan                                None      -3.357      -6.268      -3.386       0.412      -3.114       0.533
Gaia DR3 6060641274981080448 195.5383317 -56.5514429 16.982  1.533       1.102  12.7211  25.6230    18.41      nan      nan   10.803  nan      nan    nan  13.697     nan                                None      -5.912      -7.352      -5.214       0.581      -9.761       0.755
Gaia DR3 6057335588946349312 196.4207855 -57.5966213 19.036  1.160       0.782  13.8650  25.8209    18.44      nan      nan   10.217  nan      nan    nan   3.043     nan                                None      -5.839      -6.303      -7.491       0.527      -6.626       0.677
Gaia DR3 6073282287118634880 191.1099525 -56.1344808 15.590  2.421       1.232  11.8420  25.8824    18.48   -18.61     4.29    8.500  nan      nan    nan  36.606     nan                            Gaia_DR3      -3.606      -5.759      -4.757       0.555      -3.875       0.717
Gaia DR3 3471225867509736448 186.6032442 -30.8388424 16.634  2.917       1.893  13.7418  25.8884    15.45      nan      nan   10.352  nan      nan    nan   1.007     nan                                None      -3.068     -23.438      -3.194       0.080     -19.309       0.058
Gaia DR3 6128107755109351936 190.9061136 -47.8285627 15.668  0.998       2.630   3.5678  25.9020    17.83      nan      nan    7.653  nan      nan    nan   7.059     nan                                None      -3.203      -9.433      -6.279       0.803     -12.355       0.719
Gaia DR3 6095218781041315840 209.8709033 -47.0651627 18.772  1.041       2.769  14.0859  26.0766    17.03      nan      nan    9.370  nan      nan    nan   3.413     nan                                None      -8.616     -13.551      -7.768       0.818      -8.148       0.758
Gaia DR3 6061386228460745984 192.8879830 -56.3451816 19.076  1.915       2.233  12.1673  26.1112    18.46      nan      nan    8.545  nan      nan    nan   3.852     nan                                None      -4.050      -5.767      -2.815       0.602      -1.938       0.722
Gaia DR3 6063311919981354112 197.6428214 -57.3748174 19.020  1.407       2.048  13.8971  26.2135    18.40      nan      nan    9.162  nan      nan    nan   3.898     nan                                None      -5.540      -5.887      -8.706       0.491      -3.515       0.644
Gaia DR3 5384610261460182144 174.5010584 -38.9076133 16.681  2.879       2.108  12.7839  26.6368    16.90      nan      nan    8.628  nan      nan    nan   1.022     nan                                None       0.463     -15.255       1.048       0.067     -11.465       0.045
Gaia DR3 6109460858230829312 210.3751807 -43.4564801 19.686  1.077       2.259  14.6462  26.7942    16.54      nan      nan    9.904  nan      nan    nan   0.985     nan                                None      -9.228     -16.590      -4.709       0.440     -15.240       0.416
Gaia DR3 5376242565658620544 170.0020025 -46.1450422 16.236    nan       2.703  14.1900  26.8565    17.79      nan      nan   10.456  nan      nan    nan   0.971     nan                                None       1.925     -13.712      -3.761       0.063     -15.490       0.060
Gaia DR3 6114828094179912448 207.1455244 -39.2205862 15.025  2.715       1.577  13.7064  26.9530    16.09    36.02     4.28   10.762  nan      nan    nan   1.119     nan                            Gaia_DR3      -9.175     -20.409      -9.934       0.035     -16.913       0.036
Gaia DR3 6168839884906191104 201.0591843 -33.6086746 17.919  3.262       1.109  13.6858  27.0481    15.46      nan      nan    8.846  nan      nan    nan   1.089     nan                                None      -6.157     -19.227      -4.173       0.149     -18.647       0.153
Gaia DR3 3460679523775734912 180.4531023 -37.1277220 15.980  2.803       2.361  10.2028  27.1358    16.62      nan      nan    8.080  nan      nan    nan   1.084     nan                                None      -0.963     -15.189       0.451       0.051     -18.954       0.034
Gaia DR3 5376242565657579008 170.0018190 -46.1447615 15.905  2.855       2.562  14.1901  27.1766    17.79      nan      nan   10.583  nan      nan    nan   1.222     nan                                None       1.948     -13.879      -3.524       0.053     -15.531       0.054
Gaia DR3 6081063878804750208 194.4456835 -52.1083752 16.741  3.551       1.653   8.3276  27.2144    18.13      nan      nan   12.163  nan      nan    nan   1.127     nan                                None      -6.291     -11.814      -3.730       0.065      -8.435       0.051
Gaia DR3 6061685845367404800 193.3624946 -55.3957323 19.350  2.009       1.948  11.2858  27.2963    18.39      nan      nan   11.629  nan      nan    nan   1.783     nan                                None      -5.665      -8.635      -7.539       0.628      -4.241       0.672
Gaia DR3 6063079888706931200 198.0036490 -57.9911364 18.786  1.338       0.947  14.5395  27.2984    18.42      nan      nan   10.400  nan      nan    nan   4.562     nan                                None      -6.390      -6.281      -4.349       0.699      -5.902       0.886
Gaia DR3 6127764363884197248 190.7413638 -49.0177235  9.181  0.842       2.952   4.7304  27.4198    17.95     3.52     0.15   12.584  nan      nan    nan   1.175     nan                            Gaia_DR3      -5.208     -14.514     -12.918       0.017     -13.148       0.012
Gaia DR3 6094336118023995264 210.1023327 -47.6794268 16.294  1.075       2.769  14.2966  27.5917    17.09      nan      nan    8.977  nan      nan    nan   5.398     nan                                None      -8.305     -12.661      -7.696       0.601      -7.457       0.666
Gaia DR3 6066350763979950464 196.4954298 -57.2485468 19.900  2.632       2.927  13.5510  27.6913    18.42      nan      nan    8.680  nan      nan    nan   2.356     nan                                None      -4.978      -5.565      -4.725       0.716     -10.915       0.841
Gaia DR3 6062983196056193664 197.7847436 -58.5526963 18.271  1.593       1.654  15.0139  27.7052    18.45      nan      nan    9.414  nan      nan    nan   6.385     nan                                None      -5.729      -5.308      -8.916       0.605      -4.525       0.717
Gaia DR3 5370342070866842240 174.0414323 -49.7503055 17.595    nan       2.792  12.1500  27.8104    18.18      nan      nan   11.521  nan      nan    nan   1.222     nan                                None       0.773     -12.282       6.374       0.112      -8.459       0.106
Gaia DR3 6062883179179275136 203.1826824 -56.7927756 19.363  2.004       1.432  14.9616  27.8287    18.20      nan      nan    9.300  nan      nan    nan   2.602     nan                                None      -6.990      -6.852      -8.862       0.462      -4.760       0.436
Gaia DR3 6060627050047965440 195.5913703 -56.6827813 19.765  1.713       0.214  12.8550  27.9444    18.41      nan      nan    8.459  nan      nan    nan   1.811     nan                                None      -4.642      -5.685      -4.887       0.480      -5.977       0.627
Gaia DR3 6080839917730604416 198.7178103 -50.6246023 19.616  3.281       2.428   8.6077  28.2187    17.88      nan      nan   12.304  nan      nan    nan   1.095     nan                                None      -7.797     -13.574      -7.814       0.457     -19.872       0.266
Gaia DR3 3471139521487460992 189.6241725 -28.9179376 16.635  2.977       2.787  15.3976  28.2549    15.01      nan      nan   10.097  nan      nan    nan   1.119     nan                                None      -3.860     -24.038      -4.382       0.093     -18.129       0.059
Gaia DR3 5397687955840111872 171.4276047 -37.6547830 12.651  1.752       2.268  15.4980  28.3253    16.70    -8.07     3.32    9.648  nan      nan    nan  23.488     nan                            Gaia_DR3       1.378     -17.838       4.603       0.346     -14.539       0.310
Gaia DR3 6095928039059253248 211.4838124 -46.9247433 18.953  2.536       2.348  15.1771  28.3585    16.93      nan      nan   10.408  nan      nan    nan   2.011     nan                                None      -9.974     -15.346      -6.812       0.671     -11.278       0.617
Gaia DR3 6087636209557811200 203.1461450 -44.4859550  9.550  0.686       2.617   9.3582  28.3841    17.04   -18.87     0.21    7.875  nan      nan    nan   0.976     nan                            Gaia_DR3      -5.911     -12.109     -10.195       0.017     -11.381       0.015
Gaia DR3 6090882655078187008 211.4257838 -49.7858525 18.256  1.138       1.212  15.5022  28.3967    17.26      nan      nan    9.569  nan      nan    nan   4.289     nan                                None      -9.156     -12.378     -11.347       0.776     -11.293       0.684
Gaia DR3 3473256596766890624 183.4287195 -29.4871325 16.483  3.019       1.629  15.7248  28.6796    15.25      nan      nan    9.825  nan      nan    nan   1.062     nan                                None      -2.016     -22.928       1.082       0.067     -21.593       0.057
Gaia DR3 5395901077644982144 169.9226468 -39.7090135 15.065  2.465       1.860  15.5916  28.7632    16.98   -19.28     4.52    9.415  nan      nan    nan   1.122     nan                            Gaia_DR3       1.755     -16.233       3.583       0.029     -13.025       0.028
Gaia DR3 6062575350263781632 203.3539342 -57.7392625 19.860  2.054       2.446  15.7627  28.9105    18.25      nan      nan   10.125  nan      nan    nan   2.382     nan                                None      -7.655      -6.836     -10.727       0.645     -11.056       0.558
Gaia DR3 6056945816369551616 195.7770061 -59.2625679 20.064  1.668       2.824  15.3525  28.9278    18.54      nan      nan   10.544  nan      nan    nan   1.616     nan                                None      -5.840      -5.251     -10.710       0.588      -1.291       0.692
Gaia DR3 5397687887119490304 171.4365695 -37.6572651 15.223  2.548       1.164  15.4906  28.9385    16.70   -12.88     4.12    9.243  nan      nan    nan   1.038     nan                            Gaia_DR3       1.318     -17.086       1.499       0.030     -19.348       0.026
Gaia DR3 5345048080763393664 173.2046323 -53.9351743 16.824  2.889       1.805  14.5607  29.0166    18.49      nan      nan    8.771  nan      nan    nan   0.989     nan                                None       0.801      -6.880       3.785       0.056      -5.383       0.050
Gaia DR3 6096912960957311232 211.9689210 -45.3643870 10.152  0.860       1.748  15.5395  29.0812    16.70      nan      nan    9.222  nan      nan    nan   1.054     nan                                None      -8.943     -14.542      -9.084       0.022     -11.146       0.023
Gaia DR3 6058385970452387712 187.8869350 -59.6088053 19.665  1.858       2.247  15.3520  29.0918    18.70      nan      nan    9.101  nan      nan    nan   2.007     nan                                None      -3.031      -3.837       1.221       0.590      -3.129       0.604
Gaia DR3 6063025016165689088 197.9218826 -58.2648095 19.397  1.762       2.023  14.7747  29.1158    18.44      nan      nan    8.830  nan      nan    nan   3.215     nan                                None      -5.406      -5.162      -8.955       0.719      -6.420       0.866
Gaia DR3 5380761180487998208 176.0991296 -42.5503162 14.906  2.448       2.371  10.2605  29.1258    17.40     2.89     3.66   12.206  nan      nan    nan   1.102     nan                            Gaia_DR3       0.089     -18.765      -4.921       0.017     -22.248       0.016
Gaia DR3 6114906846699819520 207.4691786 -39.2493753 16.550  2.863       2.056  13.9163  29.2047    16.08      nan      nan    8.544  nan      nan    nan   1.134     nan                                None      -7.353     -16.215      -7.961       0.081     -19.868       0.076
Gaia DR3 6090694329347076096 211.6506908 -49.8317251 19.341  1.131       1.221  15.6538  29.2053    17.25      nan      nan   10.443  nan      nan    nan   1.501     nan                                None     -10.048     -13.508     -12.600       0.988     -12.666       0.821
Gaia DR3 6096173573748315392 212.6144803 -45.3687126 14.679  2.213       2.086  15.9916  29.2581    16.67    74.12     6.98   10.075  nan      nan    nan   1.075     nan                            Gaia_DR3      -9.924     -15.964     -12.195       0.030     -12.158       0.043
Gaia DR3 5345048080763392896 173.2042301 -53.9362765 15.449  2.725       2.539  14.5615  29.4646    18.49    13.20     7.69    8.689  nan      nan    nan   1.171     nan                            Gaia_DR3       0.794      -6.815       4.830       0.030      -4.503       0.028
Gaia DR3 6061348909464193536 193.6546831 -56.4325203 18.616  1.318       1.758  12.3338  29.4835    18.45      nan      nan    8.176  nan      nan    nan   4.577     nan                                None      -4.050      -5.513      -7.080       0.417      -5.546       0.523
Gaia DR3 6073719927103766912 192.5382879 -55.2712376 19.196  1.536       1.334  11.0756  29.5075    18.40      nan      nan    7.985  nan      nan    nan   2.587     nan                                None      -3.707      -5.951      -4.755       0.453      -7.938       0.612
Gaia DR3 6057314015366607744 195.8438999 -57.9200576 18.637  1.592       1.626  14.0751  29.5098    18.47      nan      nan    8.541  nan      nan    nan   5.765     nan                                None      -4.746      -5.040      -7.662       0.580      -4.776       0.839
Gaia DR3 5376164019294041600 171.5618596 -43.6960056 15.753  2.527       2.285  13.2748  29.5179    17.53      nan      nan    8.351  nan      nan    nan   1.228     nan                                None       1.161     -12.255      -1.700       0.028      -9.429       0.031
Gaia DR3 6096912926597569408 211.9569171 -45.3710162 14.327  2.219       1.222  15.5307  29.5191    16.71   -13.22     4.58    9.071  nan      nan    nan   1.306     nan                            Gaia_DR3      -8.795     -14.299      -7.967       0.031     -12.114       0.034
Gaia DR3 6072257233048766336 183.6919660 -56.7791841 12.618  1.461       2.509  13.0891  29.5191    18.63    16.40     1.08   11.650  nan      nan    nan   1.149     nan                            Gaia_DR3      -2.479      -6.980       3.521       0.018      -8.387       0.021
Gaia DR3 6062606205346212096 203.6687924 -57.4295155 20.046  2.003       1.999  15.6229  29.5192    18.22      nan      nan    9.123  nan      nan    nan   2.434     nan                                None      -6.972      -6.382      -8.636       0.659      -9.847       0.513
Gaia DR3 6072257237365676288 183.6940425 -56.7790958  7.795  0.750       2.378  13.0886  29.6442    18.63    15.43     0.13   11.679  nan      nan    nan   0.908     nan                            Gaia_DR3      -2.486      -6.997       2.778       0.015      -4.436       0.016
Gaia DR3 6126741405751148544 185.8036148 -49.9865594 15.342  2.637       1.746   6.3604  29.7934    18.13    16.12     2.92    7.544  nan      nan    nan   1.062     nan                            Gaia_DR3      -2.063      -8.045       0.091       0.029      -6.294       0.030
Gaia DR3 6159302240010576768 192.9349783 -33.3460233  8.562  0.784       0.690  11.1940  29.8644    15.74    12.30     0.21   12.175  nan      nan    nan   1.235     nan                            Gaia_DR3      -5.787     -26.090      -5.295       0.026     -27.791       0.018
Gaia DR3 6159301862053454464 192.9349187 -33.3467537 10.988    nan       0.916  11.1933  29.8774    15.74    12.28     0.44   12.178  nan      nan    nan   1.421     nan                            Gaia_DR3      -5.788     -26.096      -3.565       0.021     -26.860       0.016
Gaia DR3 6090872759466189312 211.2025291 -50.0267591 18.271  1.067       1.812  15.4165  29.9738    17.30      nan      nan   10.909  nan      nan    nan   3.840     nan                                None     -10.381     -13.913     -11.037       0.777      -9.798       0.568
Gaia DR3 6062924342150718080 202.1258723 -56.6099457 18.170  1.739       2.299  14.4605  29.9977    18.22      nan      nan    8.571  nan      nan    nan   9.514     nan                                None      -6.206      -6.323     -10.180       0.589      -7.531       0.591
