GaiaDR3                               RA         DEC   Gmag  Bp-Rp  Voff(km/s) Sep(deg)   3D(pc) Vr(pred)  Vr(obs)    Vrerr Plx(mas)  SpT    FnuvJ  W1-W3    RUWE  XCrate                               RVsrc    PMRApred   PMDecpred        PMRA     PMRAerr       PMDec    PMDecerr
Gaia DR3 3579573358218514944 186.5410904  -9.6248243 11.517  0.929       0.000   0.0000   0.0000    41.84    41.84     0.37    2.756  nan      nan    nan   0.880     nan                            Gaia_DR3     -38.138      -8.190     -38.138       0.023      -8.190       0.017
Gaia DR3 3579662861041434112 186.9545320  -9.4595086 17.824  2.440       0.370   0.4400  10.7925    41.33      nan      nan    2.837  nan      nan    nan   1.000     nan                                None     -39.434      -8.552     -39.612       0.165      -8.420       0.136
Gaia DR3 3576727100571280768 186.1323128 -12.2822619  9.010  1.232       0.741   2.6876  17.0181    42.91    13.72     0.14    2.756  nan      nan    nan   1.060     nan                            Gaia_DR3     -37.982      -6.997     -38.166       0.024      -6.608       0.019
Gaia DR3 3577446073800628992 184.4611089 -11.6097749 18.324  2.451       0.485   2.8494  18.9360    44.61      nan      nan    2.804  nan      nan    nan   1.064     nan                                None     -37.941      -7.191     -37.660       0.241      -7.133       0.200
Gaia DR3 3578948693879554176 190.6791607  -9.1384198 17.455  2.441       2.330   4.1116  26.2212    36.95      nan      nan    2.738  nan      nan    nan   1.018     nan                                None     -39.417      -8.787     -38.229       0.124      -9.417       0.085
Gaia DR3 3580371908602032896 182.9337536 -11.8001263 11.998  0.832       2.759   4.1585  27.4970    46.31    16.07     0.96    2.703  nan      nan    nan   0.977     nan                            Gaia_DR3     -35.944      -6.651     -37.212       0.017      -7.580       0.015
Gaia DR3 3530666703058316928 190.5344518 -10.4962980 13.012  1.111       1.852   4.0273  28.2006    37.46   -49.65     1.88    2.673  nan      nan    nan   6.847     nan                            Gaia_DR3     -38.436      -8.065     -38.789       0.143      -7.083       0.111
Gaia DR3 3576445556874938624 186.8466664 -12.9104677 13.320  0.967       2.216   3.2993  28.4284    42.24    -6.36     1.68    2.621  nan      nan    nan   0.979     nan                            Gaia_DR3     -36.384      -6.494     -35.944       0.018      -7.637       0.013
Gaia DR3 3676591339380023296 189.8256580  -6.5271457 17.841  2.630       1.814   4.4909  29.3953    37.22      nan      nan    2.823  nan      nan    nan   0.975     nan                                None     -40.332      -9.984     -40.465       0.166      -8.912       0.119
Gaia DR3 3576117799330734208 186.4293404 -12.9854506 18.743  2.729       0.646   3.3624  29.4921    42.72      nan      nan    2.613  nan      nan    nan   1.010     nan                                None     -36.123      -6.386     -36.349       0.280      -6.661       0.193
