GaiaDR3                               RA         DEC   Gmag  Bp-Rp  Voff(km/s) Sep(deg)   3D(pc) Vr(pred)  Vr(obs)    Vrerr Plx(mas)  SpT    FnuvJ  W1-W3    RUWE  XCrate                               RVsrc    PMRApred   PMDecpred        PMRA     PMRAerr       PMDec    PMDecerr
Gaia DR3 2908664557091200768  83.2692529 -26.7238488  8.799  1.220       0.000   0.0000   0.0000    48.66    48.66     0.14   30.652  nan      nan    nan   1.138     nan                            Gaia_DR3      16.886     150.779      16.886       0.012     150.779       0.015
Gaia DR3 2907692417013250560  86.0663169 -27.9367716 14.189  2.890       1.421   2.7649   6.4262    48.22    43.65     1.95   25.762  nan      nan    nan   1.140     nan                            Gaia_DR3      -0.133     132.455      -7.554       0.014     130.344       0.016
Gaia DR3 2967789386125779200  87.3439702 -17.5784401  8.249  1.107       2.379   9.8912   6.6368    51.80     4.18     0.27   34.984  nan      nan    nan   1.019     nan                            Gaia_DR3      -9.068     112.931     -22.088       0.017     101.175       0.018
Gaia DR3 2896875868296620928  93.7170883 -29.4912113  8.969  1.121       0.923   9.6179   8.2571    47.12    26.50     0.15   26.063  nan      nan    nan   1.152     nan                            Gaia_DR3     -39.671     139.836     -37.100       0.012     144.209       0.013
Gaia DR3 2965774153111101696  88.1442450 -21.0111157 12.735  2.657       1.131   7.2444   8.8843    50.77    43.84     0.48   40.833  nan      nan    nan   1.204     nan                            Gaia_DR3     -17.080     158.222     -21.735       0.016     166.777       0.019
Gaia DR3 2990644380279100288  90.6785124 -17.9702154 11.993  2.313       2.865  11.1103  10.8994    51.54    81.57     0.25   24.440  nan      nan    nan   1.317     nan                            Gaia_DR3     -22.518      80.458     -33.829       0.014      89.944       0.017
Gaia DR3 3210312170555686272  78.9374751  -4.7965505  6.965  0.771       2.250  22.3142  12.4006    53.50    34.07     0.12   32.509  nan      nan    nan   1.043     nan                            Gaia_DR3      45.804      23.520      52.319       0.023      37.495       0.016
Gaia DR3 5607355546128350464 102.7735327 -31.4336689 16.008  3.545       1.443  17.6567  13.3064    44.69      nan      nan   25.010  nan      nan    nan   1.066     nan                                None     -82.050     137.574     -76.237       0.038     132.668       0.045
Gaia DR3 3212075924646082176  77.1823199  -4.4561361  4.981  0.632       2.127  23.0149  13.5842    53.29    10.31     0.12   39.439  nan      nan    nan   1.084     nan                            Gaia_DR3      69.202      25.740      54.278       0.085      16.252       0.063
Gaia DR3 5571959311890036992  94.0917216 -41.3746477 17.019  0.529       1.154  17.1446  13.5848    40.83      nan      nan   24.528  nan      nan    nan   0.976     nan                                None     -39.145     178.816     -33.261       0.065     177.829       0.056
Gaia DR3 4772547941122028672  79.8423925 -50.6049548  5.306  0.677       2.801  24.0242  14.6090    34.90    43.95     0.13   27.869  nan      nan    nan   0.923     nan                            Gaia_DR3      34.286     240.034      23.314       0.056     227.768       0.069
Gaia DR3 2887048811323390848  87.6254267 -36.9394138 14.497  2.923       2.672  10.8616  15.0002    43.79    42.64     3.04   21.871  nan      nan    nan   1.143     nan                            Gaia_DR3      -6.893     145.818      -0.435       0.018     135.324       0.019
Gaia DR3 2904576091822688512  86.8751322 -28.9107999 15.553  3.138       2.676   3.8666  15.4968    47.79    68.51     3.99   20.881  nan      nan    nan   1.040     nan                            Gaia_DR3      -3.466     110.944      -0.689       0.025      99.495       0.029
Gaia DR3 4792058603158427648  88.7085856 -52.6343967  5.214  0.412       1.496  26.2288  15.6298    33.59    28.04     0.19   28.330  nan      nan    nan   0.886     nan                            Gaia_DR3     -15.027     252.457     -17.513       0.056     243.873       0.073
Gaia DR3 3170966696712209664  67.6439163 -17.9596872 15.509  3.324       2.623  16.8783  16.3273    49.08    26.09     4.40   22.463  nan      nan    nan  10.527     nan                            Gaia_DR3      80.778      70.130      69.736       0.277      75.819       0.268
Gaia DR3 5084855869576641280  52.8669605 -26.3265319 12.722  2.355       2.413  27.1398  16.5902    40.99    11.72     0.43   27.499  nan      nan    nan   1.584     nan                            Gaia_DR3     171.456     110.825     172.500       0.012      96.874       0.019
Gaia DR3 2968212148344792832  80.9296257 -20.7321284 18.125  4.319       2.920   6.3625  17.2552    50.69      nan      nan   20.286  nan      nan    nan   1.039     nan                                None      20.591      77.275       8.216       0.084      78.958       0.109
Gaia DR3 3215795435043618432  84.8797749  -3.5646944  5.913  0.411       2.700  23.2104  17.3734    53.97    21.64     0.17   23.999  nan      nan    nan   1.165     nan                            Gaia_DR3       5.539      11.663      -4.309       0.028       2.195       0.024
Gaia DR3 3319586682709428224  87.4967346   3.8609655 11.600  2.188       0.423  30.8568  17.6075    53.80   -32.34     0.40   29.863  nan      nan    nan   1.143     nan                            Gaia_DR3      -8.648     -29.543      -6.380       0.021     -30.935       0.018
Gaia DR3 2999254213453678720  89.1693121 -10.3099368 11.947  2.775       1.331  17.3328  18.0669    53.25    23.07     0.34   62.840  nan      nan    nan   1.266     nan                            Gaia_DR3     -39.083     114.187     -27.809       0.018     127.748       0.017
Gaia DR3 2995725777563537792  89.1010328 -14.1670808  3.636  0.539       2.308  13.6879  18.4352    52.56    -1.87     0.13   66.857  nan      nan    nan   4.160     nan                            Gaia_DR3     -40.675     171.748     -41.474       0.125     139.222       0.133
Gaia DR3 3280103911647149696  64.9281675   2.2326136 14.401  3.117       2.475  33.9373  18.7196    50.31    52.14     2.75   31.859  nan      nan    nan   1.119     nan                            Gaia_DR3     130.758     -20.285     121.114       0.031      -6.743       0.021
Gaia DR3 3171831011634286592  66.8833098 -17.1081723  8.303  0.883       1.948  17.9590  19.1509    49.08    32.22     0.16   21.128  nan      nan    nan   0.995     nan                            Gaia_DR3      79.002      62.401      78.169       0.019      71.039       0.016
Gaia DR3 4683172420470864256  58.8840094 -56.1901149 17.046  0.823       2.455  34.2787  19.3284    27.62      nan      nan   30.345  nan      nan    nan   1.041     nan                                None     157.819     251.867     144.530       0.064     243.496       0.070
Gaia DR3 3171831015929051648  66.8829439 -17.1078122 10.620  1.448       1.008  17.9595  19.5296    49.08    33.68     0.65   20.932  nan      nan    nan   3.533     nan                            Gaia_DR3      78.271      61.820      82.370       0.058      60.093       0.067
Gaia DR3 3195979899048978304  63.3180274  -7.5589266 14.218  2.780       2.098  26.9456  19.7226    49.53    20.60     2.43   23.732  nan      nan    nan  24.407     nan                            Gaia_DR3     104.453      27.570     114.358       0.419      24.098       0.327
Gaia DR3 5509386895427743616 103.1623900 -48.2827441 15.227  3.069       1.742  26.5463  20.0664    35.14    29.72     6.25   23.271  nan      nan    nan   1.018     nan                            Gaia_DR3     -78.067     185.709     -69.600       0.027     184.533       0.027
Gaia DR3 4767643225908022656  89.4350469 -55.5490612 13.880  2.786       2.091  29.1707  20.0726    31.37    26.69     1.40   24.548  nan      nan    nan   1.201     nan                            Gaia_DR3     -16.563     227.160     -20.034       0.015     216.909       0.017
Gaia DR3 5073000900844651776  45.9040131 -25.5919823 10.322  1.991       2.804  33.4371  20.0964    37.70    26.78     2.04   27.618  nan      nan    nan   7.499     nan                            Gaia_DR3     202.858      98.376     216.662       0.085     107.086       0.111
Gaia DR3 2985035874544160384  80.9097575 -14.0498429 18.032  4.788       2.828  12.8644  20.4078    52.45      nan      nan   78.527  nan      nan    nan   0.927     nan                                None      80.019     199.384     107.484       0.140     161.468       0.141
Gaia DR3 4813927129223793920  76.6204328 -40.9101445 11.473  1.945       0.828  15.2114  20.4533    40.96    39.33     0.34   19.977  nan      nan    nan   0.983     nan                            Gaia_DR3      37.257     143.697      35.577       0.015     146.755       0.014
Gaia DR3 4779473318188791680  62.3823378 -55.3476592 14.843  3.041       1.789  32.3912  20.6284    29.00    25.68     2.92   25.969  nan      nan    nan   1.122     nan                            Gaia_DR3     118.743     219.674     108.973       0.025     220.388       0.029
Gaia DR3 3294950273559214592  74.5877759  10.9975792 14.336  2.979       2.544  38.6524  21.6794    51.77    28.35     3.97   30.415  nan      nan    nan   1.226     nan                            Gaia_DR3      68.814     -71.448      58.807       0.033     -58.569       0.023
Gaia DR3 5292870653369334656 109.4130263 -61.5244906 14.756  3.112       2.467  38.9610  22.1304    24.57    16.68     3.06   29.700  nan      nan    nan   1.064     nan                            Gaia_DR3    -134.253     269.912    -129.784       0.025     255.125       0.027
Gaia DR3 5613116265512516352 111.0026601 -26.6025763 14.457  3.059       0.748  24.7349  22.1656    44.26      nan      nan   21.234  nan      nan    nan   1.075     nan                                None    -102.109      93.995     -99.201       0.015      95.659       0.020
Gaia DR3 4965627680518079872  35.5777738 -36.8637660 14.535  3.545       2.040  41.3409  22.3529    28.14      nan      nan   32.860  nan      nan    nan   1.759     nan                                None     288.763     137.135     279.052       0.028     126.867       0.043
Gaia DR3 3393705865345852544  79.0086523  15.8741053 12.343  2.396       2.557  42.7986  22.4055    51.28   -54.29     0.37   36.757  nan      nan    nan   1.246     nan                            Gaia_DR3      51.273    -121.574      31.466       0.023    -120.962       0.016
Gaia DR3 3035176873248454656 111.6567347 -10.9540769 14.189  2.818       2.746  31.0280  22.5549    48.02    50.00     2.08   23.263  nan      nan    nan   1.170     nan                            Gaia_DR3    -114.601      40.330    -118.897       0.017      53.093       0.015
Gaia DR3 5718996555205454336 116.4083172 -16.0454022 11.633  2.001       1.987  32.5351  22.6393    45.08    11.30     0.23   23.917  nan      nan    nan   1.624     nan                            Gaia_DR3    -137.776      59.871    -143.500       0.023      68.094       0.024
Gaia DR3 4864428286699950976  67.7370418 -39.0294326 10.839  1.564       1.976  17.8830  22.6873    40.50    38.14     0.20   19.454  nan      nan    nan   0.957     nan                            Gaia_DR3      69.615     129.160      74.897       0.010     135.308       0.014
Gaia DR3 3184970553543855744  70.8209075  -9.6180350 11.919  2.053       2.717  20.7621  22.6882    51.57    33.46     0.39   19.990  nan      nan    nan   1.351     nan                            Gaia_DR3      59.796      32.332      51.054       0.024      39.723       0.018
Gaia DR3 3184970557839905792  70.8186091  -9.6179276  7.899  0.773       2.768  20.7634  22.8485    51.56    32.23     0.13   19.916  nan      nan    nan   0.953     nan                            Gaia_DR3      59.584      32.211      52.775       0.033      41.627       0.025
Gaia DR3 3018592527044342656  88.7757005  -7.7990659 16.508  3.790       2.746  19.6334  23.0036    53.60      nan      nan   19.626  nan      nan    nan   1.010     nan                                None     -10.672      25.981     -21.688       0.086      23.202       0.076
Gaia DR3 3005432021398373376  90.5647603  -9.3941187  9.552  1.120       2.463  18.6531  23.4567    53.30    45.48     0.15   19.261  nan      nan    nan   0.938     nan                            Gaia_DR3     -17.312      31.478     -18.630       0.013      21.563       0.015
Gaia DR3 3374052988354372992  93.7115255  19.1556370  5.073  0.598       2.880  46.9845  23.8590    50.22    34.55     0.14   45.921  nan      nan    nan   1.178     nan                            Gaia_DR3     -69.848    -179.827     -97.608       0.207    -182.448       0.131
Gaia DR3 4654435618927743872  65.0554892 -70.0968345 14.809  3.906       2.005  44.6295  23.8810    18.16      nan      nan   60.571  nan      nan    nan   1.396     nan                                None     247.171     601.324     243.621       0.046     626.685       0.056
Gaia DR3 4943207710712867712  32.4854797 -45.7731004 11.945  2.306       1.730  44.2641  24.0084    23.14    22.13     0.39   32.287  nan      nan    nan   1.228     nan                            Gaia_DR3     295.952     151.595     289.004       0.014     142.086       0.016
Gaia DR3 3200303384927512960  70.0984713  -5.5016885 14.904  4.640       2.078  24.6604  24.1119    51.80      nan      nan  102.594  nan      nan    nan   1.099     nan                                None     321.089      85.020     334.529       0.064     127.914       0.056
Gaia DR3 2942606996437015680  93.0266809 -18.6476446 17.566  3.979       2.226  12.0846  24.2224    51.14      nan      nan   18.135  nan      nan    nan   0.952     nan                                None     -25.134      61.756     -19.206       0.093      55.648       0.104
Gaia DR3 3129655296079487872 104.3720339   5.8465053 17.266  0.717       2.596  38.4508  24.3437    50.90      nan      nan   25.638  nan      nan    nan   1.024     nan                                None     -91.881     -33.930    -104.656       0.103     -28.132       0.085
Gaia DR3 5604125558923001472 105.2575217 -31.9472954 14.412  2.876       0.096  19.8275  24.4393    43.84    79.84     3.40   19.054  nan      nan    nan   1.084     nan                            Gaia_DR3     -71.464     104.883     -71.101       0.016     104.758       0.017
Gaia DR3 4971681351020953088  34.1752048 -30.9872910 10.787  2.676       1.123  42.8679  24.5540    29.14    18.36     0.21   74.574  nan      nan    nan   1.515     nan                            Gaia_DR3     668.373     255.912     684.435       0.033     248.576       0.032
Gaia DR3 4971869092631523200  34.1498242 -30.9676518 11.742  2.910       1.115  42.8919  24.5641    29.13    18.49     0.65   74.638  nan      nan    nan   1.508     nan                            Gaia_DR3     669.187     255.825     684.066       0.041     246.538       0.039
Gaia DR3 4895478014031745792  65.0556395 -26.4396829 14.598  2.693       1.431  16.2770  24.8322    45.63    37.53     4.13   18.381  nan      nan    nan   1.304     nan                            Gaia_DR3      75.006      83.405      73.775       0.016      77.998       0.025
Gaia DR3 2958527168893004544  82.0305520 -23.3169452 15.797  3.183       1.765   3.5870  24.8358    49.90    36.28    10.34   17.448  nan      nan    nan   1.050     nan                            Gaia_DR3      13.903      74.933      20.178       0.025      73.272       0.031
Gaia DR3 4895478014031745664  65.0563817 -26.4396804 13.863  2.518       0.622  16.2763  24.8675    45.63    31.02     1.62   18.368  nan      nan    nan   1.159     nan                            Gaia_DR3      74.951      83.346      72.580       0.011      83.773       0.017
Gaia DR3 3215687098789011456  84.6398847  -3.9070873 15.698  3.140       0.718  22.8544  24.9612    53.95      nan      nan   19.391  nan      nan    nan   1.068     nan                                None       5.401      10.741       2.544       0.041      10.068       0.038
Gaia DR3 4895477945312269184  65.0600473 -26.4458797 15.624  3.129       1.441  16.2725  24.9712    45.63     4.25     4.78   18.330  nan      nan    nan   1.044     nan                            Gaia_DR3      74.783      83.195      70.804       0.022      79.302       0.033
Gaia DR3 5539736336937681920 123.0656783 -40.5022171  8.051  0.787       2.714  35.5234  25.1864    33.48    -3.29     0.13   23.182  nan      nan    nan   0.994     nan                            Gaia_DR3    -159.065     133.043    -147.216       0.018     127.088       0.024
Gaia DR3 5151358868307074432  31.3743418 -11.9913570 20.207  3.207       2.099  50.7584  25.2701    30.78      nan      nan   49.346  nan      nan    nan   1.629     nan                                None     458.710      56.810     437.357       1.378      52.262       1.011
Gaia DR3 3365092380904700544 104.8693884  19.5084489 11.679  2.570       1.778  50.7568  25.2702    47.84    27.26     0.40   49.453  nan      nan    nan   0.978     nan                            Gaia_DR3    -181.865    -188.491    -174.423       0.023    -205.470       0.020
Gaia DR3 4886300351818391552  65.0270644 -28.2518450 12.288  2.087       2.890  16.2393  25.2851    44.92    38.34     0.41   18.213  nan      nan    nan   1.256     nan                            Gaia_DR3      74.419      88.129      70.317       0.012      77.819       0.014
Gaia DR3 5510501009946150912 109.9549352 -46.3416381 16.744  3.720       2.925  28.8039  25.3341    34.85      nan      nan   20.637  nan      nan    nan   0.953     nan                                None     -95.326     152.349     -89.036       0.048     163.410       0.061
Gaia DR3 3365853960214183040 102.9024802  20.3899574 11.960  2.428       2.469  50.8117  25.8801    48.09    14.97     0.55   38.277  nan      nan    nan   1.113     nan                            Gaia_DR3    -126.513    -153.418    -115.088       0.021    -137.100       0.018
Gaia DR3 2931835527693301248 109.7239036 -17.1803278 16.616  3.458       2.265  26.2587  26.1305    47.57      nan      nan   19.592  nan      nan    nan   1.127     nan                                None     -89.675      56.220     -98.739       0.075      53.911       0.079
Gaia DR3 3309233376280902272  69.3684981  14.2875934 16.316  3.801       1.920  43.1782  26.2065    49.88      nan      nan   26.654  nan      nan    nan   1.003     nan                                None      87.134     -77.558      78.306       0.065     -71.354       0.045
Gaia DR3 2931835527700340224 109.7234581 -17.1803620 16.676  3.742       2.347  26.2583  26.3871    47.57      nan      nan   19.475  nan      nan    nan   1.076     nan                                None     -89.137      55.883     -95.362       0.073      48.529       0.084
Gaia DR3 4934923028038871296  18.8005589 -45.5308733  4.828  0.728       2.132  53.8011  26.6303    15.39    11.90     0.12   65.527  nan      nan    nan   1.381     nan                            Gaia_DR3     688.519     195.914     665.086       0.052     178.070       0.064
Gaia DR3 3137517697572611072 117.7153430   4.8268089 13.867  2.895       2.892  45.8834  27.2874    45.72    38.96     1.76   27.240  nan      nan    nan   1.292     nan                            Gaia_DR3    -162.984     -28.274    -153.075       0.022     -14.945       0.015
Gaia DR3 2494515807221447424  33.5389396  -1.7662386 13.279  2.829       2.519  53.7771  27.2890    32.90    13.94     1.26   37.751  nan      nan    nan   1.228     nan                            Gaia_DR3     341.276      -0.335     321.278       0.021      -1.736       0.018
Gaia DR3 3163115462135824256 111.3763727  12.4716925 15.162  3.219       1.205  47.7672  27.4134    47.44      nan      nan   28.662  nan      nan    nan   1.137     nan                                None    -139.758     -69.981    -145.182       0.040     -65.124       0.035
  Gaia DR3 63054590968017408  56.3002539  19.6734004 14.205 -0.036       1.337  53.2595  27.5641    43.81      nan      nan   35.399  nan      nan    nan   1.120     nan                                None     200.092    -125.332     200.756       0.033    -115.375       0.023
Gaia DR3 5098860967653146880  52.6087575 -22.0481614 10.614  1.494       0.336  28.2440  28.0707    42.18    34.34     0.80   19.163  nan      nan    nan   4.519     nan                            Gaia_DR3     120.301      64.449     119.203       0.111      63.654       0.111
Gaia DR3 2983025937226006656  76.8022693 -16.2959115 15.906  3.189       2.834  12.0328  28.2593    51.47      nan      nan   16.853  nan      nan    nan   1.005     nan                                None      30.829      49.582      22.097       0.040      54.598       0.038
Gaia DR3 2971263602350950912  83.0944627 -17.9216395 16.001  3.219       0.641   8.8037  28.4450    51.65      nan      nan   16.599  nan      nan    nan   1.029     nan                                None       9.721      54.607      11.600       0.040      53.383       0.040
Gaia DR3 5313289168430786560 141.0793043 -51.5817235 14.123  2.721       2.766  49.6085  28.6546    20.06   -17.24     2.01   28.239  nan      nan    nan   1.087     nan                            Gaia_DR3    -263.708     140.555    -260.553       0.018     124.394       0.017
Gaia DR3 4897925080239181952  68.3502463 -22.9783342 15.311  2.971       0.479  14.0358  28.8044    47.79    40.65     4.07   16.850  nan      nan    nan   1.018     nan                            Gaia_DR3      58.343      67.954      59.723       0.018      66.956       0.023
Gaia DR3 3130018336777730432  98.5667083   2.7465696 18.223  0.707       1.843  32.9653  29.1049    52.62      nan      nan   19.827  nan      nan    nan   1.056     nan                                None     -49.000     -14.980     -43.495       0.212     -20.369       0.206
Gaia DR3 3273601331161715072  59.6237870   5.3535740 15.092  3.251       2.821  39.4057  29.1239    48.07    46.49     3.86   21.889  nan      nan    nan   1.117     nan                            Gaia_DR3     110.966     -25.697     100.157       0.045     -32.952       0.034
Gaia DR3 3017769886188243712  88.8855391  -8.4900333 13.705  2.848       2.449  18.9950  29.2536    53.51    23.57    37.24   17.210  nan      nan    nan   3.703     nan                            Gaia_DR3      -9.734      25.124      -9.963       0.050      16.242       0.047
  Gaia DR3 66101646928253312  60.6024836  24.6894621 11.893  2.357       2.285  55.8739  29.5095    43.88    10.16     0.44   33.117  nan      nan    nan   1.604     nan                            Gaia_DR3     162.088    -149.044     146.227       0.034    -147.346       0.020
Gaia DR3 3207474846441457280  79.6708490  -7.0252897 12.373  2.030       2.485  19.9935  29.5985    53.41    16.90     0.42   17.219  nan      nan    nan   1.220     nan                            Gaia_DR3      21.768      20.042      17.412       0.016      12.145       0.012
Gaia DR3 3312134953106549120  63.7778377  15.3310694 14.963  3.013       2.430  46.1210  29.6112    47.93     0.23     4.30   24.625  nan      nan    nan   1.049     nan                            Gaia_DR3     106.306     -73.950     112.828       0.033     -84.749       0.027
Gaia DR3 3119357819931484160 100.3362891  -0.4962754 11.873  1.935       1.881  30.9392  29.6154    52.35    -4.95     1.06   19.088  nan      nan    nan   2.133     nan                            Gaia_DR3     -53.706      -2.427     -51.772       0.043      -9.742       0.043
Gaia DR3 5080946246745224576  57.2288128 -27.4054556 14.037  2.799       2.204  23.1567  29.7540    42.50    32.53     1.45   17.593  nan      nan    nan   1.197     nan                            Gaia_DR3      96.609      77.368      97.096       0.012      69.209       0.016
