GaiaDR3                               RA         DEC   Gmag  Bp-Rp  Voff(km/s) Sep(deg)   3D(pc) Vr(pred)  Vr(obs)    Vrerr Plx(mas)  SpT    FnuvJ  W1-W3    RUWE  XCrate                               RVsrc    PMRApred   PMDecpred        PMRA     PMRAerr       PMDec    PMDecerr
Gaia DR3 2775311010868306048  12.8206635  12.7879839 11.208  0.879       0.000   0.0000   0.0000   -21.24   -21.24     0.45    5.853  nan      nan    nan   0.974     nan                            Gaia_DR3       5.283     -13.543       5.283       0.026     -13.543       0.020
Gaia DR3 2781058467384344320  10.9701012  15.1548602  9.986  0.699       2.122   2.9709   8.8738   -21.80     4.20     0.19    5.881  nan      nan    nan   1.016     nan                            Gaia_DR3       4.573     -12.465       1.957       0.021     -12.731       0.015
Gaia DR3 2774556127416406272  10.6425277  10.7614933 17.103  2.681       2.615   2.9416   9.2007   -20.98      nan      nan    5.958  nan      nan    nan   0.922     nan                                None       4.501     -14.686       1.409       0.103     -15.792       0.067
Gaia DR3 2781058467383956608  10.9693488  15.1547130 14.849    nan       0.476   2.9713   9.5665   -21.80     4.35     7.33    5.739  nan      nan    nan   5.019     nan                            Gaia_DR3       4.463     -12.166       4.507       0.659     -12.740       0.459
Gaia DR3 2777403862531719936  14.3279085  14.4234089 17.951  2.647       2.634   2.1956   9.6474   -21.43      nan      nan    5.624  nan      nan    nan   0.924     nan                                None       5.645     -12.323       3.605       0.184     -14.688       0.132
Gaia DR3 2779787741180366848   9.7699467  15.0644125 13.475  1.599       1.995   3.7348  12.0233   -21.85   -14.28     1.35    5.713  nan      nan    nan   1.028     nan                            Gaia_DR3       3.977     -12.128       3.328       0.016      -9.815       0.013
Gaia DR3 2781380315053683712  10.5374607  16.0285523 14.465  1.884       1.994   3.9230  12.2093   -21.97    36.84     2.64    5.991  nan      nan    nan   1.042     nan                            Gaia_DR3       4.483     -12.268       6.330       0.025     -13.979       0.020
Gaia DR3 2783515944592050048  16.3015159  15.2930792 13.989  1.740       2.180   4.2043  12.6266   -21.41   -14.43     2.37    5.814  nan      nan    nan   1.037     nan                            Gaia_DR3       6.600     -12.397       4.048       0.022     -11.604       0.018
Gaia DR3 2777644994880922112  13.0579215  13.8790329 12.190  1.093       2.789   1.1152  13.2346   -21.42   -27.83     0.76    5.446  nan      nan    nan   1.161     nan                            Gaia_DR3       5.003     -12.138       8.104       0.020     -11.341       0.016
Gaia DR3 2779694248332234880   8.8424290  14.7812006 16.801  2.841       1.307   4.3473  13.5815   -21.85      nan      nan    6.014  nan      nan    nan   1.066     nan                                None       3.807     -12.888       4.740       0.090     -14.258       0.061
Gaia DR3 2787743906103189376  14.1980510  17.3070035 17.568  2.924       2.806   4.7106  14.0333   -21.93      nan      nan    5.864  nan      nan    nan   1.030     nan                                None       5.836     -11.497       7.642       0.133      -8.534       0.099
Gaia DR3 2581863690991668480  13.2937499   9.5222210 14.398  1.971       2.220   3.2986  15.8390   -20.54    19.12     3.89    5.465  nan      nan    nan   2.851     nan                            Gaia_DR3       5.107     -14.025       2.555       0.064     -14.200       0.046
Gaia DR3 2582612351035416704  13.1656195  10.6882503 18.524  3.132       0.319   2.1267  16.3068   -20.79      nan      nan    5.383  nan      nan    nan   0.900     nan                                None       4.984     -13.337       5.333       0.210     -13.241       0.165
Gaia DR3 2787949033740856192  14.6325968  18.1338360 18.357  3.155       1.464   5.6236  16.9892   -22.03      nan      nan    5.783  nan      nan    nan   0.937     nan                                None       5.923     -10.964       5.334       0.228      -9.279       0.184
Gaia DR3 2782773671165040896  11.1758990  17.7991363 17.492  2.949       2.844   5.2561  17.0316   -22.22      nan      nan    6.119  nan      nan    nan   0.968     nan                                None       4.844     -11.665       1.331       0.115     -12.719       0.088
Gaia DR3 2556467755528985600  12.5631698   6.7772652 15.336  2.538       2.526   6.0161  18.0067   -19.99    33.84     6.96    5.952  nan      nan    nan   1.027     nan                            Gaia_DR3       5.269     -16.485       2.233       0.055     -15.577       0.050
Gaia DR3 2785222416702427136  16.1348224  17.9568606 18.595  3.058       1.119   6.0762  18.2099   -21.87      nan      nan    5.813  nan      nan    nan   0.966     nan                                None       6.535     -11.155       5.220       0.299     -10.763       0.196
Gaia DR3 2784428397508472960  15.1638929  16.2679470 19.645  3.358       2.852   4.1537  18.2201   -21.68      nan      nan    5.441  nan      nan    nan   0.880     nan                                None       5.766     -11.149       9.003       0.539     -11.624       0.358
Gaia DR3 2781162680470853888  12.4547449  15.7234609 16.108  2.426       2.412   2.9568  19.5014   -21.80      nan      nan    5.318  nan      nan    nan   0.964     nan                                None       4.670     -11.062       7.145       0.064     -12.152       0.056
Gaia DR3 2785428167111272576  16.2918401  18.7947313 15.436  2.262       1.697   6.8720  20.4543   -21.99    26.31     4.29    5.872  nan      nan    nan   1.046     nan                            Gaia_DR3       6.662     -10.876       8.055       0.043     -12.448       0.034
Gaia DR3 2585042099934328192  17.1410475  14.1273788 13.019  1.524       2.246   4.4099  21.8750   -21.12    26.03     1.63    6.542  nan      nan    nan   1.980     nan                            Gaia_DR3       7.789     -14.574      10.738       0.044     -13.626       0.029
Gaia DR3 2785072165862318336  17.3987854  17.7890594 10.293  0.880       1.142   6.6706  22.2168   -21.73   -20.84     0.30    6.261  nan      nan    nan   1.189     nan                            Gaia_DR3       7.561     -12.148       8.041       0.030     -13.577       0.025
Gaia DR3 2793133712102163072   6.3864606  16.9228011 18.481  3.243       2.706   7.4667  22.2431   -22.32      nan      nan    5.857  nan      nan    nan   0.996     nan                                None       2.722     -11.493       0.850       0.233     -14.261       0.176
Gaia DR3 2577073909103734144  18.3167569   7.6155308 12.612  1.081       2.375   7.4827  22.3192   -19.67    -1.10     2.06    5.843  nan      nan    nan   2.368     nan                            Gaia_DR3       7.408     -15.904       4.625       0.081     -16.807       0.041
Gaia DR3 2754477773782966144   5.2981328  11.6645647  9.642  0.611       1.884   7.4369  22.3928   -21.41     4.26     0.17    6.028  nan      nan    nan   0.995     nan                            Gaia_DR3       2.351     -14.371       0.799       0.027     -16.193       0.021
Gaia DR3 2775377015925831168   9.8959554  11.3392512 13.289  1.400       2.397   3.2060  22.4859   -21.14    -1.84     1.29    5.237  nan      nan    nan   1.043     nan                            Gaia_DR3       3.691     -12.665       1.044       0.018     -12.625       0.014
Gaia DR3 2754477670704002816   5.2890089  11.6538716  9.923  0.783       0.605   7.4475  23.4172   -21.41      nan      nan    6.180  nan      nan    nan   1.576     nan                                None       2.407     -14.739       1.708       0.053     -15.106       0.033
Gaia DR3 2776378464860230400  11.6887969  13.8695665 16.441  2.677       1.171   1.5436  23.8091   -21.52      nan      nan    6.783  nan      nan    nan   1.043     nan                                None       5.605     -15.090       7.120       0.070     -14.377       0.049
Gaia DR3 2793198755087124096   6.4573451  17.3775117 17.702  3.063       1.859   7.6672  23.8659   -22.39      nan      nan    5.669  nan      nan    nan   1.092     nan                                None       2.663     -10.914       0.445       0.122     -10.782       0.118
Gaia DR3 2749112328838227840   6.1091142   8.4461897 17.731  3.085       1.793   7.8957  23.9101   -20.72      nan      nan    5.754  nan      nan    nan   1.007     nan                                None       2.565     -15.160       1.977       0.141     -17.254       0.117
Gaia DR3 2580309806183655808  19.0725166  10.5992918 16.313  2.616       2.635   6.5011  24.0576   -20.24      nan      nan    6.433  nan      nan    nan   1.028     nan                                None       8.474     -16.118      11.866       0.064     -14.992       0.049
Gaia DR3 2784180698155131136  17.4917435  17.1465130 16.322  2.665       2.624   6.2728  24.7764   -21.62      nan      nan    6.513  nan      nan    nan   1.015     nan                                None       7.905     -12.975       5.963       0.074     -16.009       0.054
Gaia DR3 2583056283150624256  17.1294368  10.8924064  9.435  0.709       2.385   4.6233  24.9948   -20.50   -18.74     0.24    6.692  nan      nan    nan   0.815     nan                            Gaia_DR3       7.962     -16.566       5.732       0.023     -14.047       0.015
Gaia DR3 2586301556144235136  21.1725113  11.5815172 18.089  3.099       2.405   8.2519  25.8082   -20.20      nan      nan    6.210  nan      nan    nan   0.965     nan                                None       9.024     -15.165      10.630       0.172     -12.457       0.104
Gaia DR3 2754073462741608064   5.7809500  10.5845272 18.939  3.198       2.088   7.2367  26.4816   -21.18      nan      nan    5.408  nan      nan    nan   0.961     nan                                None       2.289     -13.354       1.046       0.344     -11.324       0.218
Gaia DR3 2593270883611756288  20.7627431  16.8385439 11.488  0.964       2.940   8.6790  26.5766   -21.22     5.94     0.86    6.156  nan      nan    nan   8.303     nan                            Gaia_DR3       8.784     -12.548       8.541       0.191     -16.356       0.094
Gaia DR3 2796085832103373952   7.1398772  20.0109524 17.931  2.888       1.425   9.0454  26.9413   -22.76      nan      nan    6.000  nan      nan    nan   1.034     nan                                None       3.099     -10.250       4.840       0.169     -10.715       0.113
Gaia DR3 2790059305792410752  16.7279416  19.9853871 19.557  3.005       2.623   8.1136  26.9425   -22.13      nan      nan    6.364  nan      nan    nan   1.051     nan                                None       7.404     -11.191       7.632       0.679     -14.703       0.388
Gaia DR3 2801552539492530816  10.4235576  20.5780389 12.436  1.187       1.308   8.1208  27.0545   -22.68   -26.85     0.42    6.373  nan      nan    nan   1.032     nan                            Gaia_DR3       4.720     -10.663       5.582       0.014      -9.131       0.011
Gaia DR3 2576624105768712704  18.2794344   6.1243736 10.181  0.704       1.944   8.5651  27.2855   -19.33     3.18     0.23    6.285  nan      nan    nan   1.241     nan                            Gaia_DR3       7.954     -17.782       6.208       0.033     -15.887       0.023
Gaia DR3 2796085836399263872   7.1371423  20.0118305 17.261  2.832       1.669   9.0476  27.3320   -22.76      nan      nan    5.756  nan      nan    nan   1.015     nan                                None       2.972      -9.831       4.871       0.123     -10.534       0.083
Gaia DR3 2786708857639488256  18.3121502  18.9390971 16.257  2.785       2.938   8.1058  27.4578   -21.82      nan      nan    6.411  nan      nan    nan   0.956     nan                                None       8.127     -11.888       9.857       0.058     -15.463       0.039
Gaia DR3 2776378464860230272  11.6885484  13.8703205 16.567  2.699       1.408   1.5443  27.4857   -21.52      nan      nan    6.959  nan      nan    nan   1.050     nan                                None       5.750     -15.482       6.710       0.073     -13.653       0.050
Gaia DR3 2779394047298201344   9.7905515  13.9820868 15.115  2.498       1.332   3.1804  27.5854   -21.65    22.65     3.47    6.912  nan      nan    nan   1.512     nan                            Gaia_DR3       4.821     -15.273       4.994       0.044     -17.205       0.039
Gaia DR3 2787138320009345920  18.2845138  20.3641910 16.052  2.537       1.748   9.2071  27.6908   -22.04      nan      nan    5.778  nan      nan    nan   1.002     nan                                None       7.314     -10.048       9.443       0.056      -9.983       0.039
Gaia DR3 2585435450219554304  21.5978074  10.9318125 19.199  3.484       2.443   8.7873  27.7536   -20.02      nan      nan    6.273  nan      nan    nan   1.017     nan                                None       9.288     -15.635      11.856       0.596     -13.675       0.226
Gaia DR3 2577771377432475520  16.5824045   7.5009729 16.277  2.775       2.600   6.4539  27.8204   -19.82      nan      nan    6.683  nan      nan    nan   0.956     nan                                None       7.710     -18.214      11.279       0.069     -17.391       0.048
Gaia DR3 2555637452451349504   7.7082301   6.2868913 18.949  3.242       1.561   8.2252  27.9171   -20.16      nan      nan    6.426  nan      nan    nan   0.999     nan                                None       3.569     -17.987       2.904       0.328     -15.981       0.221
Gaia DR3 2768383537857585792   3.1959292  14.3548391 16.628  2.612       2.808   9.4854  28.2984   -21.97      nan      nan    6.036  nan      nan    nan   1.052     nan                                None       1.480     -13.076      -1.972       0.072     -12.154       0.076
Gaia DR3 2593479030611306240  21.1301883  17.7569065 17.721  3.185       2.659   9.4282  28.4129   -21.33      nan      nan    5.766  nan      nan    nan   0.999     nan                                None       8.363     -11.354       8.993       0.144     -14.524       0.088
Gaia DR3 2750342476191134080   9.5884700   9.6469453 13.629  1.939       1.551   4.4626  28.5729   -20.81    16.11     1.51    6.894  nan      nan    nan   4.546     nan                            Gaia_DR3       4.714     -17.569       2.469       0.111     -17.361       0.123
Gaia DR3 2578226953203518848  17.1128827   9.0199087 16.427  2.516       0.710   5.6529  28.6629   -20.10      nan      nan    5.175  nan      nan    nan   1.068     nan                                None       6.152     -13.536       5.728       0.071     -12.888       0.053
Gaia DR3 2801560747174501376  10.8854887  20.5755161 18.543  3.150       2.385   8.0047  28.7838   -22.65      nan      nan    5.394  nan      nan    nan   0.982     nan                                None       4.164      -9.038       6.763       0.212      -8.262       0.155
Gaia DR3 2551902411451721472  15.9301361   4.2304333 15.695  2.491       2.915   9.0923  29.2564   -19.11      nan      nan    6.352  nan      nan    nan   0.995     nan                                None       7.054     -18.793       5.562       0.056     -22.399       0.037
Gaia DR3 2551239062342795520  10.8191030   4.1621288 17.585  2.819       2.803   8.8497  29.3438   -19.49      nan      nan    5.499  nan      nan    nan   1.079     nan                                None       4.220     -16.262       1.760       0.145     -14.138       0.143
Gaia DR3 2768401954677331840   3.0430196  14.5832353 16.267  2.569       2.324   9.6671  29.5862   -22.02      nan      nan    5.693  nan      nan    nan   1.009     nan                                None       1.336     -12.228       4.032       0.072     -11.513       0.068
Gaia DR3 2591480569443993472  20.1931128  15.6887176 14.049  1.917       0.808   7.7112  29.6249   -21.09     5.20     6.53    6.642  nan      nan    nan   1.050     nan                            Gaia_DR3       9.234     -14.109      10.313       0.024     -14.452       0.017
Gaia DR3 2593366880425180928  20.2546495  17.4451440 16.267  3.153       2.524   8.5531  29.7051   -21.38      nan      nan    6.512  nan      nan    nan   1.084     nan                                None       9.078     -12.940      10.462       0.104     -16.116       0.048
