GaiaDR3                               RA         DEC   Gmag  Bp-Rp  Voff(km/s) Sep(deg)   3D(pc) Vr(pred)  Vr(obs)    Vrerr Plx(mas)  SpT    FnuvJ  W1-W3    RUWE  XCrate                               RVsrc    PMRApred   PMDecpred        PMRA     PMRAerr       PMDec    PMDecerr
Gaia DR3 6173451477191225984 210.1935730 -30.5836097  9.873  0.741       0.000   0.0000   0.0000   -19.69      nan      nan    5.176  nan      nan    nan   1.939     nan                                None      10.240      -9.205      10.240       0.036      -9.205       0.037
Gaia DR3 6176716373890769408 208.2214808 -29.4806665 15.950  2.168       0.775   2.0325   9.8214   -20.12      nan      nan    4.998  nan      nan    nan   0.999     nan                                None       9.110      -8.647       9.925       0.046      -8.601       0.050
Gaia DR3 6175519791706778496 206.5138230 -29.1608624 15.744  2.296       2.506   3.4934  11.8791   -20.38      nan      nan    5.229  nan      nan    nan   1.088     nan                                None       8.820      -9.057       7.079       0.046     -11.202       0.039
Gaia DR3 6270235129232846464 212.0085205 -27.8385180 17.150  2.677       1.672   3.1692  12.9554   -19.80      nan      nan    5.389  nan      nan    nan   0.967     nan                                None      11.421      -8.337      12.996       0.097      -7.276       0.099
Gaia DR3 6177747986379041280 209.0334025 -26.7932957 19.042  2.987       2.978   3.9245  13.2914   -20.37      nan      nan    5.152  nan      nan    nan   1.102     nan                                None       9.723      -7.818      11.031       0.384     -10.776       0.329
Gaia DR3 6124088692208967040 212.1031281 -33.0027775 19.412  3.055       1.598   2.9130  14.0938   -19.05      nan      nan    5.470  nan      nan    nan   1.001     nan                                None      11.631     -10.474      10.900       0.430     -12.165       0.436
Gaia DR3 6122356445999386240 211.7502183 -33.7013621 16.451  2.860       0.744   3.3848  15.1544   -18.99      nan      nan    4.930  nan      nan    nan   1.123     nan                                None      10.350      -9.717      11.107       0.070      -9.559       0.076
Gaia DR3 6175812403532931584 204.5974067 -29.8338813 17.578  2.520       1.208   4.8934  17.4518   -20.51      nan      nan    5.045  nan      nan    nan   1.111     nan                                None       7.728      -9.127       6.752       0.161      -8.290       0.149
Gaia DR3 6174467421640615424 205.1872542 -32.2447580 19.319  3.409       2.044   4.5834  17.4669   -20.07      nan      nan    4.982  nan      nan    nan   0.984     nan                                None       7.869      -9.869       6.111       0.347     -11.100       0.330
Gaia DR3 6165052891982588416 206.6647064 -34.2077467 12.793  1.256       1.373   4.6910  17.5968   -19.57      nan      nan    5.412  nan      nan    nan   1.018     nan                                None       9.193     -11.370       9.163       0.015      -9.804       0.015
Gaia DR3 6188718741602400768 205.0188947 -27.0038060 17.179  2.540       1.701   5.7762  19.7814   -20.86      nan      nan    5.106  nan      nan    nan   0.941     nan                                None       7.996      -8.109       6.188       0.099      -7.822       0.074
Gaia DR3 6170201939295410688 208.5666451 -33.7983730  9.412  0.537       2.236   3.4970  20.2474   -19.40      nan      nan    4.778  nan      nan    nan   1.053     nan                                None       8.840      -9.741       6.749       0.020      -8.905       0.022
Gaia DR3 6123319583824448768 215.2213829 -33.2372348 17.745  3.166       2.714   5.0247  22.3968   -18.53      nan      nan    4.828  nan      nan    nan   1.114     nan                                None      11.411      -9.001       8.775       0.146      -8.175       0.130
Gaia DR3 6170750939194851712 210.3614931 -32.5335284 15.605  2.067       2.110   1.9552  22.5629   -19.37      nan      nan    4.659  nan      nan    nan   1.026     nan                                None       9.277      -8.924      10.355       0.043      -7.154       0.052
Gaia DR3 6124885494540894720 213.6218708 -30.2341536 12.001  1.021       1.563   2.9771  23.2275   -19.23      nan      nan    5.815  nan      nan    nan   1.175     nan                                None      13.041      -9.823      12.753       0.019      -7.930       0.015
Gaia DR3 6188651469529428608 204.6227243 -27.8142853 14.986  1.996       2.993   5.5950  23.7842   -20.80      nan      nan    4.836  nan      nan    nan   2.675     nan                                None       7.418      -8.005       4.606       0.145      -9.189       0.127
Gaia DR3 6270803095707998464 213.4125887 -26.4033746 15.811  2.308       2.548   5.0469  24.4900   -19.75      nan      nan    5.721  nan      nan    nan   1.120     nan                                None      12.739      -8.113      15.537       0.061      -6.843       0.072
Gaia DR3 6171429784545588608 205.6295301 -32.7954302 16.648  2.557       2.836   4.4686  24.5947   -19.92      nan      nan    4.716  nan      nan    nan   0.952     nan                                None       7.618      -9.502       5.256       0.081      -7.962       0.067
Gaia DR3 6287452931567364480 208.0172873 -23.1583435 15.045  2.125       2.685   7.6742  26.4057   -20.93      nan      nan    5.074  nan      nan    nan   8.482     nan                                None       9.167      -6.367       8.325       0.286      -9.113       0.263
Gaia DR3 6215330431993946368 218.5884922 -34.2895831 16.927  2.805       1.414   7.9918  26.9516   -17.79      nan      nan    5.167  nan      nan    nan   1.048     nan                                None      13.492      -9.576      14.780       0.085      -8.732       0.078
Gaia DR3 6117391605546049024 211.0532035 -38.5975245 17.584  2.806       2.515   8.0450  27.0419   -18.21      nan      nan    5.212  nan      nan    nan   1.048     nan                                None      10.661     -12.100      13.284       0.133     -11.232       0.139
Gaia DR3 6215330363274468992 218.5911724 -34.2896301 16.853  2.705       0.937   7.9939  27.0675   -17.79      nan      nan    5.319  nan      nan    nan   0.922     nan                                None      13.891      -9.858      14.276       0.080      -8.880       0.073
Gaia DR3 6163709563651325952 205.1932354 -36.2344327 10.713  0.689       2.377   7.0227  27.2150   -19.36      nan      nan    4.872  nan      nan    nan   1.212     nan                                None       7.698     -11.062       6.569       0.022     -13.227       0.017
Gaia DR3 6119091003845966336 217.2865259 -35.5792532 16.523  2.933       2.553   7.7597  27.6033   -17.81      nan      nan    5.483  nan      nan    nan   1.009     nan                                None      13.798     -10.809      16.331       0.067     -12.322       0.071
Gaia DR3 6222884179946556800 218.3403992 -28.2475623 15.706  2.259       2.442   7.4689  27.8247   -18.66      nan      nan    4.913  nan      nan    nan   1.032     nan                                None      12.742      -7.141      14.780       0.050      -8.639       0.043
Gaia DR3 6163170970457125120 202.5221560 -35.8662143 17.444  2.901       2.559   8.3068  28.0516   -19.69      nan      nan    5.310  nan      nan    nan   1.169     nan                                None       7.233     -12.130      10.036       0.131     -12.723       0.091
Gaia DR3 6192115098660790016 205.8435064 -23.1816985 13.540  1.536       2.760   8.3549  28.1261   -21.21      nan      nan    5.281  nan      nan    nan   1.085     nan                                None       8.622      -6.772       5.783       0.021      -7.948       0.016
Gaia DR3 6178365740116304384 206.5900668 -26.1723280 18.027  2.781       2.058   5.4315  28.1693   -20.78      nan      nan    4.679  nan      nan    nan   1.085     nan                                None       7.919      -7.039       5.889       0.173      -7.010       0.153
Gaia DR3 6189794308788347776 202.9996519 -26.3658739 16.341  2.683       2.949   7.5982  28.1832   -21.16      nan      nan    5.569  nan      nan    nan   1.086     nan                                None       7.804      -8.700      11.264       0.064      -8.587       0.063
Gaia DR3 6164579857169566976 204.5980584 -35.1245886 17.539  2.795       2.642   6.5333  28.4455   -19.63      nan      nan    4.762  nan      nan    nan   0.961     nan                                None       7.295     -10.479       4.973       0.104      -9.197       0.078
Gaia DR3 6124590073807161856 214.7475544 -31.0728542 18.025  2.887       2.448   3.9407  28.4967   -18.93      nan      nan    4.588  nan      nan    nan   1.308     nan                                None      10.681      -7.917       8.485       0.209      -8.803       0.207
Gaia DR3 6123108756766398720 214.1415964 -33.5626429 11.316  0.772       2.656   4.4788  28.9212   -18.65      nan      nan    4.603  nan      nan    nan   0.957     nan                                None      10.504      -8.794      12.857       0.021      -7.744       0.019
Gaia DR3 6190084438123809920 202.4555469 -25.5617430 18.566  3.020       1.485   8.4714  28.9325   -21.32      nan      nan    5.095  nan      nan    nan   0.927     nan                                None       6.912      -7.668       7.520       0.254      -9.142       0.147
Gaia DR3 6123125077641985920 213.8061961 -33.4671802 10.962  0.830       2.945   4.2060  28.9599   -18.72      nan      nan    5.974  nan      nan    nan   5.459     nan                                None      13.480     -11.418      13.153       0.116     -15.113       0.116
