GaiaDR3                               RA         DEC   Gmag  Bp-Rp  Voff(km/s) Sep(deg)   3D(pc) Vr(pred)  Vr(obs)    Vrerr Plx(mas)  SpT    FnuvJ  W1-W3    RUWE  XCrate                               RVsrc    PMRApred   PMDecpred        PMRA     PMRAerr       PMDec    PMDecerr
Gaia DR3 5068777809824976256  36.8678731 -27.6361466  8.865  1.039       0.000   0.0000   0.0000    -3.87      nan      nan   22.292  nan      nan    nan   0.891     nan                                None     -73.581    -211.935     -73.581       0.015    -211.935       0.015
Gaia DR3 5063539946887524864  37.1129795 -32.7103557 13.851 -0.314       1.314   5.0786   3.9800     0.07      nan      nan   22.247  nan      nan    nan   1.054     nan                                None     -72.943    -212.457     -69.882       0.019    -217.808       0.029
Gaia DR3 5120136277132107392  36.5637087 -23.8889867  8.489  0.860       1.314   3.7572   5.2859    -6.74      nan      nan   20.344  nan      nan    nan   0.999     nan                                None     -67.702    -191.765     -63.969       0.016    -195.986       0.017
Gaia DR3 4754794126868074368  43.5752193 -45.4643029 14.772  2.722       1.509  18.6075  14.4521     8.94      nan      nan   22.467  nan      nan    nan   1.061     nan                                None     -60.179    -214.578     -66.866       0.019    -217.099       0.022
Gaia DR3 4754788216993077376  43.5394141 -45.4882314 13.462  2.369       1.449  18.6221  14.4557     8.97      nan      nan   22.495  nan      nan    nan   1.126     nan                                None     -60.331    -214.800     -66.980       0.012    -216.544       0.013
Gaia DR3 5083634793193797248  58.6838347 -24.5998995 15.510  3.283       2.796  19.7954  15.2038    -9.96      nan      nan   24.034  nan      nan    nan   1.033     nan                                None     -27.792    -235.723     -41.792       0.025    -237.876       0.031
Gaia DR3 4847994814111309952  50.9470754 -43.0815263 17.648  4.451       0.557  19.1876  15.2979     6.02      nan      nan   26.120  nan      nan    nan   0.934     nan                                None     -51.003    -256.616     -54.027       0.076    -257.129       0.093
Gaia DR3 5132574090104282624  41.3414959 -17.3333605 17.133  3.616       1.561  11.0979  17.3969   -12.97      nan      nan   16.914  nan      nan    nan   0.992     nan                                None     -48.885    -156.957     -54.053       0.088    -159.028       0.090
Gaia DR3 5168068318313875968  51.9664755  -8.3977860 14.438  2.835       2.039  23.9498  18.3297   -21.71      nan      nan   25.705  nan      nan    nan   1.189     nan                                None     -47.540    -226.371     -57.723       0.027    -222.082       0.023
Gaia DR3 4994018032818544384   7.9497356 -41.0877202 15.676  3.703       1.761  27.2133  20.5149    14.71      nan      nan   25.178  nan      nan    nan   1.215     nan                                None    -135.251    -200.587    -129.425       0.044    -207.895       0.064
Gaia DR3 5091904804261649152  65.8196519 -20.4496496 15.247  3.432       0.940  27.3263  22.1361   -13.73      nan      nan   31.514  nan      nan    nan   1.110     nan                                None     -12.699    -304.560     -17.819       0.026    -300.981       0.029
Gaia DR3 3249479592235301376  56.2569717  -3.8136270 17.162  1.104       2.737  30.1551  23.8192   -25.55      nan      nan   32.184  nan      nan    nan   1.097     nan                                None     -45.351    -271.008     -28.531       0.074    -263.147       0.072
Gaia DR3 5136466567425127168  30.8354979 -21.2306200 10.169  2.354       1.898   8.4344  23.8721    -7.22      nan      nan   46.672  nan      nan    nan   2.016     nan                                None    -178.380    -430.348    -196.990       0.039    -428.812       0.033
Gaia DR3 5136466567424464896  30.8343622 -21.2309651 18.661  2.422       2.763   8.4348  23.9054    -7.22      nan      nan   46.747  nan      nan    nan   1.227     nan                                None    -178.673    -431.043    -191.742       0.278    -407.155       0.384
Gaia DR3 4787127426650318848  72.0390509 -46.6020250 19.156  3.871       1.866  33.4269  24.7117     7.84      nan      nan   26.643  nan      nan    nan   1.045     nan                                None       6.906    -265.288       6.925       0.256    -254.805       0.369
Gaia DR3 4744072922128208896  33.1366470 -53.5621261 12.026  2.020       1.961  26.0718  24.9219    16.85      nan      nan   18.005  nan      nan    nan   1.163     nan                                None     -65.321    -157.118     -60.932       0.011    -151.108       0.014
Gaia DR3 4744072960784334464  33.1533795 -53.5521596 16.826  3.626       1.993  26.0606  25.1209    16.84      nan      nan   17.897  nan      nan    nan   1.137     nan                                None     -64.901    -156.196     -60.530       0.053    -150.077       0.060
Gaia DR3 4998968583922537088   5.5665794 -36.1268564 15.301  3.031       2.362  27.7623  25.1587    12.25      nan      nan   18.619  nan      nan    nan   1.016     nan                                None    -102.177    -150.297     -93.133       0.024    -152.334       0.030
Gaia DR3 2523756288171059328  11.8240464  -6.4786476 12.897  2.705       2.175  31.8064  25.6847   -11.03      nan      nan   35.604  nan      nan    nan   1.396     nan                                None    -183.850    -297.620    -200.071       0.035    -295.802       0.033
Gaia DR3 5154663759742821504  47.3271229 -16.0197371  8.819  0.807       1.061  15.1227  27.3292   -15.21      nan      nan   14.705  nan      nan    nan   5.979     nan                                None     -34.027    -136.609     -30.740       0.094    -136.508       0.090
Gaia DR3 3186039832896256896  69.4111427  -8.6382093 19.058  3.824       1.332  36.0983  27.7284   -22.88      nan      nan   22.405  nan      nan    nan   1.012     nan                                None      -0.463    -198.704       4.732       0.290    -202.256       0.292
