GaiaDR3                               RA         DEC   Gmag  Bp-Rp  Voff(km/s) Sep(deg)   3D(pc) Vr(pred)  Vr(obs)    Vrerr Plx(mas)  SpT    FnuvJ  W1-W3    RUWE  XCrate                               RVsrc    PMRApred   PMDecpred        PMRA     PMRAerr       PMDec    PMDecerr
Gaia DR3 3310124801036651008  70.4438687  16.6743383 14.141  1.641       0.000   0.0000   0.0000    12.98    12.98     2.10    3.451  nan      nan    nan   1.071     nan                            Gaia_DR3       2.181     -23.292       2.181       0.026     -23.292       0.015
Gaia DR3 3310111095798734208  70.3524328  16.3875102 18.250  3.110       1.290   0.2999   6.4618    13.13      nan      nan    3.378  nan      nan    nan   0.996     nan                                None       2.159     -22.751       1.242       0.181     -22.773       0.111
Gaia DR3 3309738735016844416  71.0815547  15.4481921 18.364  2.930       1.433   1.3707  10.9473    13.69      nan      nan    3.556  nan      nan    nan   0.980     nan                                None       2.067     -23.793       2.494       0.236     -24.779       0.145
Gaia DR3 3409422314617251072  71.2871904  18.2312671 19.140  3.074       1.553   1.7525  12.8477    12.14      nan      nan    3.567  nan      nan    nan   0.947     nan                                None       2.015     -24.343       2.608       0.324     -23.336       0.231
Gaia DR3 3308722412611413248  72.2504363  14.7142094 19.372  3.147       1.917   2.6204  15.0388    14.15      nan      nan    3.542  nan      nan    nan   1.060     nan                                None       1.728     -23.574       0.557       0.411     -22.752       0.321
Gaia DR3 3409279829078128384  70.4714532  17.5671399 18.481  2.917       0.641   0.8932  15.6580    12.48      nan      nan    3.282  nan      nan    nan   1.022     nan                                None       2.067     -22.286       2.444       0.225     -22.054       0.162
Gaia DR3 3404751215560968320  73.1852772  14.9434777 17.417  2.839       2.700   3.1548  16.0838    14.05      nan      nan    3.431  nan      nan    nan   0.990     nan                                None       1.418     -22.888       0.841       0.107     -24.754       0.079
Gaia DR3 3405871549190428032  71.5564392  16.0540378 17.101  3.002       0.735   1.2346  17.9429    13.38      nan      nan    3.665  nan      nan    nan   0.962     nan                                None       1.991     -24.635       1.650       0.135     -24.181       0.079
Gaia DR3 3410978673325510784  70.7106542  20.2445168 17.979  2.886       2.563   3.5791  18.3074    10.97      nan      nan    3.492  nan      nan    nan   0.963     nan                                None       2.133     -24.120       3.745       0.178     -23.139       0.110
Gaia DR3 3405182430277550976  73.5218540  16.1845600 14.742  1.768       2.912   2.9926  20.1748    13.38    -4.42     3.06    3.623  nan      nan    nan   0.935     nan                            Gaia_DR3       1.399     -24.394       3.552       0.030     -24.952       0.023
Gaia DR3 3410877591272127872  68.5148628  20.3282816 18.357  2.918       2.931   4.0861  20.9873    10.81      nan      nan    3.505  nan      nan    nan   1.455     nan                                None       2.752     -24.194       4.917       0.262     -24.130       0.173
Gaia DR3 3306678798452697984  69.4662787  12.7216153 17.347  2.767       2.608   4.0642  21.8890    15.10      nan      nan    3.553  nan      nan    nan   1.032     nan                                None       2.522     -23.242       2.876       0.112     -21.322       0.069
Gaia DR3 3296317305815216256  73.4612366  13.4678705 19.043  3.043       1.098   4.3322  21.8891    14.87      nan      nan    3.460  nan      nan    nan   0.972     nan                                None       1.353     -22.807       0.889       0.298     -22.154       0.229
Gaia DR3 3307829643529990016  67.0656195  13.7234189 13.234  1.428       0.944   4.3969  22.8221    14.40    17.02     1.33    3.400  nan      nan    nan   1.106     nan                            Gaia_DR3       3.058     -22.400       3.209       0.017     -23.059       0.012
Gaia DR3 3409642977154111616  69.5474725  18.6565698 16.074  2.445       2.708   2.1584  23.0478    11.82      nan      nan    3.714  nan      nan    nan   1.094     nan                                None       2.612     -25.390       4.540       0.066     -26.272       0.042
Gaia DR3 3406517821509460480  73.1368709  17.7125131 17.440  2.765       2.298   2.7742  23.4747    12.51      nan      nan    3.695  nan      nan    nan   1.024     nan                                None       1.541     -25.149       0.117       0.111     -26.233       0.081
Gaia DR3 3313071560918570368  68.7825326  16.4729702 10.604  0.951       2.361   1.6050  23.6623    13.00   -35.34     0.33    3.739  nan      nan    nan   0.945     nan                            Gaia_DR3       2.857     -25.180       1.004       0.019     -24.997       0.012
Gaia DR3 3313019475853108352  69.0255089  16.3676902 14.840  1.678       1.908   1.3939  25.1776    13.07    33.34     3.45    3.186  nan      nan    nan   0.997     nan                            Gaia_DR3       2.373     -21.442       3.414       0.037     -22.189       0.023
Gaia DR3 3392822339032211200  74.8769258  15.2349034 19.885  3.164       2.015   4.4986  25.1939    13.94      nan      nan    3.597  nan      nan    nan   0.988     nan                                None       0.999     -24.056      -0.125       0.466     -25.091       0.366
Gaia DR3 3405549667161328256  75.0153821  17.1935716 14.585  1.624       2.971   4.4039  25.2027    12.85   -16.61     3.84    3.325  nan      nan    nan   1.033     nan                            Gaia_DR3       0.887     -22.559       1.692       0.035     -20.638       0.023
Gaia DR3 3411918996285559424  73.0135614  21.0040845 18.383  2.803       1.960   4.9656  25.2283    10.63      nan      nan    3.432  nan      nan    nan   0.969     nan                                None       1.465     -23.835       1.684       0.203     -22.434       0.134
  Gaia DR3 47960594125063680  66.1899186  19.0578925 19.115  3.345       1.769   4.6979  25.3401    11.37      nan      nan    3.359  nan      nan    nan   0.994     nan                                None       3.253     -22.971       4.502       0.360     -23.071       0.266
Gaia DR3 3313454397124029056  68.5267520  17.3591141 19.187  3.093       2.064   1.9569  25.3947    12.49      nan      nan    3.195  nan      nan    nan   0.985     nan                                None       2.506     -21.645       2.615       0.325     -20.259       0.238
Gaia DR3 3405469952568572800  75.8046490  16.8931562 17.598  2.756       2.023   5.1369  26.1914    13.03      nan      nan    3.422  nan      nan    nan   1.031     nan                                None       0.696     -23.174       1.983       0.123     -22.486       0.092
Gaia DR3 3412620042323838976  71.8719122  21.1850600 15.381  1.949       1.030   4.7085  26.8333    10.49   -24.73     5.53    3.320  nan      nan    nan   0.949     nan                            Gaia_DR3       1.720     -23.070       1.132       0.050     -22.655       0.031
Gaia DR3 3312879975314197632  67.7143475  16.4172184 16.962  2.749       2.041   2.6291  26.8465    12.96      nan      nan    3.757  nan      nan    nan   0.957     nan                                None       3.188     -25.276       2.311       0.086     -23.918       0.058
Gaia DR3 3405801073071940992  74.0092371  17.5983386 16.620  2.267       2.094   3.5301  27.0407    12.60      nan      nan    3.231  nan      nan    nan   0.952     nan                                None       1.122     -21.974      -0.224       0.075     -21.501       0.054
Gaia DR3 3405801043006814080  74.0079875  17.5977598 14.345  1.449       2.308   3.5288  27.1260    12.60   -17.20     2.26    3.229  nan      nan    nan   0.994     nan                            Gaia_DR3       1.122     -21.965      -0.379       0.027     -21.502       0.019
Gaia DR3 3313273085082430080  68.0881573  16.7601327 16.951  2.476       2.668   2.2578  27.1848    12.80      nan      nan    3.182  nan      nan    nan   1.037     nan                                None       2.606     -21.466       4.318       0.094     -20.943       0.065
Gaia DR3 3306503078454366336  68.3489349  11.7793768 19.164  3.027       1.905   5.2992  27.1867    15.54      nan      nan    3.409  nan      nan    nan   1.020     nan                                None       2.722     -22.112       3.631       0.334     -23.136       0.247
Gaia DR3 3406663197560797824  73.8519138  18.4021359 19.233  2.976       2.475   3.6802  27.2404    12.14      nan      nan    3.714  nan      nan    nan   0.958     nan                                None       1.336     -25.395      -0.343       0.341     -26.362       0.244
Gaia DR3 3406975145331745408  75.9215416  17.0851680 18.740  3.063       2.620   5.2576  27.2494    12.93      nan      nan    3.541  nan      nan    nan   0.991     nan                                None       0.687     -24.007       2.052       0.245     -25.408       0.197
Gaia DR3 3410276566431970304  71.9838103  20.2570141 13.102  1.294       2.327   3.8689  27.8226    11.02    17.02     1.31    3.713  nan      nan    nan   6.569     nan                            Gaia_DR3       1.891     -25.667       0.888       0.103     -24.146       0.075
Gaia DR3 3306191676145941376  67.3779635  11.7527710 18.341  3.024       1.368   5.7488  29.0259    15.49      nan      nan    3.467  nan      nan    nan   1.004     nan                                None       3.033     -22.469       2.396       0.204     -21.698       0.158
Gaia DR3 3391756912265376768  75.7904948  14.1062347 11.603  1.000       2.432   5.7586  29.2169    14.58    -3.53     0.56    3.503  nan      nan    nan   1.034     nan                            Gaia_DR3       0.716     -23.226       0.754       0.021     -25.022       0.015
Gaia DR3 3312786551185379712  66.7624739  15.8258398 14.436  1.677       2.873   3.6347  29.2654    13.22    93.51     5.37    3.205  nan      nan    nan   1.049     nan                            Gaia_DR3       2.960     -21.459       1.060       0.029     -21.855       0.020
Gaia DR3 3313605584268993152  66.0694774  16.3451339 13.945  1.495       1.024   4.2069  29.3777    12.88     8.69     1.34    3.233  nan      nan    nan   1.065     nan                            Gaia_DR3       3.162     -21.717       2.776       0.023     -22.298       0.017
Gaia DR3 3406806439015966464  72.6108332  18.4201093 19.397  3.035       1.723   2.7048  29.4171    12.09      nan      nan    3.170  nan      nan    nan   1.001     nan                                None       1.455     -21.668       2.467       0.359     -22.217       0.271
Gaia DR3 3295311871150683392  73.6285287  12.0245462 19.541  2.780       2.935   5.5797  29.6472    15.66      nan      nan    3.360  nan      nan    nan   1.090     nan                                None       1.269     -21.877       3.124       0.544     -22.816       0.459
Gaia DR3 3295666708465261568  72.5639500  11.8099146 16.892  2.474       1.690   5.2804  29.7500    15.74      nan      nan    3.632  nan      nan    nan   1.037     nan                                None       1.681     -23.595       0.915       0.075     -22.553       0.054
Gaia DR3 3407413266354348288  75.7291007  18.4019241 19.502  2.473       2.539   5.3271  29.8170    12.18      nan      nan    3.318  nan      nan    nan   1.027     nan                                None       0.695     -22.700      -0.152       0.459     -21.138       0.399
Gaia DR3 3308267451020137856  69.1903539  13.2916917 18.428  3.218       1.133   3.5928  29.9761    14.78      nan      nan    3.769  nan      nan    nan   1.051     nan                                None       2.757     -24.770       2.152       0.211     -24.103       0.140
