GaiaDR3                               RA         DEC   Gmag  Bp-Rp  Voff(km/s) Sep(deg)   3D(pc) Vr(pred)  Vr(obs)    Vrerr Plx(mas)  SpT    FnuvJ  W1-W3    RUWE  XCrate                               RVsrc    PMRApred   PMDecpred        PMRA     PMRAerr       PMDec    PMDecerr
Gaia DR3 3579426053724051584 188.1373163  -9.6076106 12.469  0.864       0.000   0.0000   0.0000     0.71     0.71     0.80    2.875  nan      nan    nan   1.007     nan                            Gaia_DR3      -6.841       6.191      -6.841       0.017       6.191       0.013
Gaia DR3 3579288103670553984 187.5489724 -10.1108780 16.470  2.086       2.988   0.7676   7.7785     0.73      nan      nan    2.927  nan      nan    nan   1.061     nan                                None      -6.951       6.321      -5.350       0.069       5.405       0.048
Gaia DR3 3580224677123199616 188.4804237  -8.2205367 18.760 -0.196       2.082   1.4279  10.3206     0.89      nan      nan    2.830  nan      nan    nan   0.944     nan                                None      -6.743       6.077      -5.505       0.274       6.181       0.190
Gaia DR3 3676302859312075776 190.1882126  -7.0424817 16.669  2.324       2.932   3.2706  21.4617     0.76      nan      nan    2.949  nan      nan    nan   0.965     nan                                None      -7.066       6.294      -8.457       0.080       5.115       0.054
Gaia DR3 3674964788020879744 191.2016332  -9.2448741 16.135  1.889       2.685   3.0446  23.6741     0.17      nan      nan    2.761  nan      nan    nan   0.982     nan                                None      -6.636       5.887      -5.075       0.063       5.961       0.056
Gaia DR3 3529124431842223616 191.0680198 -12.1878974 18.549  2.389       0.392   3.8650  23.7222    -0.32      nan      nan    2.912  nan      nan    nan   1.829     nan                                None      -6.995       6.208      -7.048       0.486       5.973       0.286
Gaia DR3 3680033433546612864 189.9836756  -5.5080590 17.694  2.543       2.688   4.4894  27.2356     1.07      nan      nan    2.878  nan      nan    nan   1.026     nan                                None      -6.893       6.131      -7.779       0.137       4.762       0.100
Gaia DR3 3675598278517147904 192.2845052  -7.7082769 16.587  2.192       1.399   4.5183  27.7520     0.23      nan      nan    2.921  nan      nan    nan   0.992     nan                                None      -7.039       6.204      -7.900       0.080       6.203       0.059
Gaia DR3 3580524190962414848 183.4191823 -11.0791741 16.055  1.744       2.339   4.8690  29.5316     1.35      nan      nan    2.880  nan      nan    nan   3.537     nan                                None      -6.710       6.318      -6.317       0.232       7.683       0.196
