GaiaDR3                               RA         DEC   Gmag  Bp-Rp  Voff(km/s) Sep(deg)   3D(pc) Vr(pred)  Vr(obs)    Vrerr Plx(mas)  SpT    FnuvJ  W1-W3    RUWE  XCrate                               RVsrc    PMRApred   PMDecpred        PMRA     PMRAerr       PMDec    PMDecerr
Gaia DR3 2535901287452166400  12.7736894  -1.1958844 12.113  1.103       0.000   0.0000   0.0000    20.27      nan      nan    5.915  nan      nan    nan   1.098     nan                                None     -11.103       0.450     -11.103       0.021       0.450       0.020
Gaia DR3 2532504483717243008  14.4682765  -2.5124633 15.964  2.430       2.016   2.1452   6.3630    19.98      nan      nan    5.942  nan      nan    nan   1.069     nan                                None     -11.901       1.021      -9.423       0.076       1.513       0.056
Gaia DR3 2542767286595584896   8.7422776  -0.5119710 19.420  3.051       1.962   4.0885  13.8508    20.85      nan      nan    5.699  nan      nan    nan   1.003     nan                                None      -8.958       0.149     -10.738       0.416       1.695       0.334
Gaia DR3 2544015099151024640   8.9447280   0.4818400 14.572  1.996       2.580   4.1802  15.6924    20.82      nan      nan    5.607  nan      nan    nan   1.038     nan                                None      -8.901      -0.281      -6.996       0.030       2.101       0.026
Gaia DR3 2543856941274967680   7.0426949   0.3481281 10.985  0.956       2.453   5.9350  18.3349    21.06      nan      nan    5.757  nan      nan    nan   1.308     nan                                None      -8.295      -0.231      -7.428       0.028       2.618       0.021
Gaia DR3 2552163785981876224  14.7924140   4.6496482 18.408  3.070       1.686   6.1837  19.4769    19.87      nan      nan    5.715  nan      nan    nan   1.002     nan                                None     -11.581      -2.024      -9.582       0.237      -1.670       0.161
Gaia DR3 2539842693040239360  15.5154027   3.6144400 16.437  2.538       0.996   5.5361  19.9903    19.78      nan      nan    5.561  nan      nan    nan   1.101     nan                                None     -11.563      -1.539     -12.290       0.084      -0.626       0.062
Gaia DR3 2476173685528349184  15.2244979  -7.3164682 17.567  2.836       2.041   6.5901  21.0880    19.72      nan      nan    6.262  nan      nan    nan   1.051     nan                                None     -12.889       3.261     -13.535       0.168       0.646       0.146
Gaia DR3 2540500372792794624   6.2665147  -2.9563756 15.618  2.278       1.789   6.7367  24.6091    21.12      nan      nan    5.480  nan      nan    nan   0.974     nan                                None      -7.565       1.189      -5.986       0.073       2.523       0.041
Gaia DR3 2525409713141245568  12.8575348  -5.6136620 17.054  2.867       0.459   4.4186  24.6553    20.17      nan      nan    6.774  nan      nan    nan   0.977     nan                                None     -12.757       2.743     -13.312       0.091       3.092       0.088
Gaia DR3 2473380273158346880  14.9250635  -9.5614661 10.565  0.735       2.709   8.6349  25.3909    19.66      nan      nan    6.004  nan      nan    nan   0.968     nan                                None     -12.226       4.113     -14.289       0.021       1.375       0.017
Gaia DR3 2430261309767035136   6.9376259  -8.1974326 16.667  2.532       2.428   9.1000  26.9969    20.86      nan      nan    6.126  nan      nan    nan   0.982     nan                                None      -8.777       3.803      -5.853       0.070       4.938       0.056
Gaia DR3 2747385374028259328   6.7602569   5.9558342 15.983  2.492       1.759   9.3380  28.4006    20.97      nan      nan    5.741  nan      nan    nan   1.030     nan                                None      -8.146      -2.726      -9.801       0.071      -1.387       0.065
Gaia DR3 2540050672536834560   5.6090720  -4.4918975 17.109  3.002       2.857   7.8775  28.4538    21.16      nan      nan    5.435  nan      nan    nan   2.240     nan                                None      -7.224       1.834      -9.349       0.259       4.324       0.196
