GaiaDR3                               RA         DEC   Gmag  Bp-Rp  Voff(km/s) Sep(deg)   3D(pc) Vr(pred)  Vr(obs)    Vrerr Plx(mas)  SpT    FnuvJ  W1-W3    RUWE  XCrate                               RVsrc    PMRApred   PMDecpred        PMRA     PMRAerr       PMDec    PMDecerr
Gaia DR3 1726858366624544640 193.3963987  85.1294959  9.419  0.721       0.000   0.0000   0.0000   -20.90   -20.90     0.22    8.758  nan      nan    nan   0.974     nan                            Gaia_DR3      16.973       5.293      16.973       0.015       5.293       0.013
Gaia DR3 1147889215982690432 160.1149383  84.7880381 11.418  1.131       1.913   2.9024   5.7820   -21.31   -17.75     0.31    8.774  nan      nan    nan   1.116     nan                            Gaia_DR3       9.513      12.965       6.454       0.014      11.187       0.018
Gaia DR3 1146757440559270912 163.7399073  83.1918968 15.465  2.695       1.558   3.5234   7.0468   -21.45   -30.11    17.21    8.824  nan      nan    nan   1.035     nan                            Gaia_DR3      10.598      11.296      13.114       0.032       9.857       0.036
Gaia DR3 1718946555829571968 206.0749236  81.5947650 16.787  2.948       2.415   3.8056   7.9025   -20.73      nan      nan    8.953  nan      nan    nan   0.973     nan                                None      18.847      -1.011      22.606       0.064      -3.589       0.061
Gaia DR3 1146374119022534400 159.5513829  82.8599450 17.929 -0.415       1.908   4.1108   8.6618   -21.54      nan      nan    8.567  nan      nan    nan   0.993     nan                                None       9.131      11.447      12.575       0.095      11.566       0.102
Gaia DR3 1152309493243711488  94.6470986  87.8084467 13.335  1.840       2.523   5.6357  11.2331   -20.89    -4.67     1.46    8.853  nan      nan    nan   0.972     nan                            Gaia_DR3     -11.154      14.161     -12.792       0.012       9.746       0.014
Gaia DR3 2305625722524750080 305.6194408  88.6925389 18.680  3.451       2.674   5.4995  12.2504   -20.34      nan      nan    8.392  nan      nan    nan   0.911     nan                                None       1.435     -18.981       1.895       0.167     -14.273       0.172
Gaia DR3 1150603738392454016  96.2310995  86.0799609 16.382  2.840       1.260   6.6193  13.7576   -21.12      nan      nan    9.139  nan      nan    nan   0.982     nan                                None     -11.064      13.709     -12.865       0.066      15.338       0.066
Gaia DR3 1134370441343891968 165.9964853  81.7481215 17.838  3.299       0.914   4.5185  13.8488   -21.56      nan      nan    8.041  nan      nan    nan   0.964     nan                                None      10.222       8.986      11.014       0.104       7.654       0.105
Gaia DR3 1150240555957974784 106.6284197  85.3790202 10.423  0.900       1.305   6.5181  14.7670   -21.27   -16.57     0.32    9.401  nan      nan    nan   1.135     nan                            Gaia_DR3      -8.138      15.359      -9.517       0.019      17.547       0.016
Gaia DR3 1149770647879604608 104.9910778  84.1914343 19.727  0.754       2.768   7.4703  15.1749   -21.42      nan      nan    8.594  nan      nan    nan   1.075     nan                                None      -7.925      13.019      -5.472       0.387       8.645       0.377
Gaia DR3 1134674701123176704 169.6946695  82.6727283 15.594  2.466       1.650   3.4692  15.7149   -21.42    -6.10     8.15    7.807  nan      nan    nan   1.068     nan                            Gaia_DR3      10.789       8.633      10.231       0.031       5.976       0.028
Gaia DR3 1134671741889852800 169.7386965  82.6707229 11.179  1.185       1.432   3.4677  16.0108   -21.42    -2.75     2.40    7.787  nan      nan    nan   1.903     nan                            Gaia_DR3      10.772       8.601      10.126       0.031       6.341       0.030
Gaia DR3 1717767428391773696 190.3386226  79.9084950 17.550  3.159       2.867   5.2343  16.3815   -21.16      nan      nan    7.915  nan      nan    nan   0.947     nan                                None      14.904       2.383      10.189       0.097       3.192       0.081
Gaia DR3 2296206996683528576 272.8191694  81.7145739 15.304  2.686       1.586   8.7975  17.5609   -19.19   -35.42     3.94    8.719  nan      nan    nan   3.919     nan                            Gaia_DR3      11.471     -20.346       8.603       0.207     -20.864       0.168
Gaia DR3 1729013615574408448 253.6732603  88.4588098 12.305  1.553       2.626   4.3185  17.5863   -20.42    11.10     0.51   10.150  nan      nan    nan   1.069     nan                            Gaia_DR3      18.361     -13.350      23.640       0.014     -15.278       0.014
Gaia DR3 1151955038181529472 122.4304508  86.5835250 19.266  3.317       2.671   4.9513  18.2419   -21.15      nan      nan    7.745  nan      nan    nan   1.081     nan                                None      -2.254      14.623       1.760       0.290      16.328       0.223
Gaia DR3 1144316765264259072 132.5278604  80.1361705 14.849  2.489       1.544   8.6060  18.3150   -22.04   -19.78     4.56    9.407  nan      nan    nan   1.045     nan                            Gaia_DR3       0.851      13.099      -2.206       0.023      12.946       0.024
Gaia DR3 1142428555905843072 118.2803250  81.3313162 18.550  0.308       2.781   8.7755  18.6820   -21.86      nan      nan    9.425  nan      nan    nan   1.062     nan                                None      -4.203      13.621      -0.002       0.159      17.210       0.176
Gaia DR3 1708172200869259136 234.3471846  78.1261175 12.593  1.518       2.178   8.7868  18.7107   -19.62   -16.60     1.02    8.360  nan      nan    nan   3.920     nan                            Gaia_DR3      17.587     -11.826      15.604       0.057      -8.540       0.056
Gaia DR3 1708172200870815744 234.3477401  78.1258858 12.562  1.506       2.458   8.7870  19.6262   -19.62   -14.59     1.00    8.208  nan      nan    nan   2.570     nan                            Gaia_DR3      17.266     -11.611      13.883       0.062      -9.032       0.061
Gaia DR3 1712185242216974592 213.4060983  75.6390449 17.985  3.435       2.047   9.9225  20.0205   -20.24      nan      nan    8.608  nan      nan    nan   1.013     nan                                None      18.551      -7.148      14.838       0.148      -7.002       0.136
Gaia DR3 1692491309632291584 185.9060520  75.8664182  9.103  0.735       1.183   9.3258  20.3864   -21.37   -15.39     0.28    9.605  nan      nan    nan   3.163     nan                            Gaia_DR3      17.232       1.188      15.335       0.047      -0.274       0.053
Gaia DR3 1714982644612518656 208.7619789  78.4017880  9.657  0.686       1.763   7.0198  20.7296   -20.57    -3.95     0.18    7.773  nan      nan    nan   1.049     nan                            Gaia_DR3      16.536      -3.525      14.696       0.019      -5.752       0.014
 Gaia DR3 573610788102757760   0.1355760  85.2326967 15.499  2.556       0.870   9.5732  20.7407   -19.96   -19.84     4.97    8.269  nan      nan    nan   1.027     nan                            Gaia_DR3     -13.746     -14.479     -12.576       0.026     -15.444       0.027
Gaia DR3 1713065543009680000 207.3505722  75.5407455  9.033  0.660       2.430   9.8016  20.7557   -20.50    -8.99     0.30    9.502  nan      nan    nan   0.951     nan                            Gaia_DR3      20.109      -5.881      16.698       0.016      -2.408       0.016
Gaia DR3 1714981888698274304 208.7599199  78.3997387  7.515  0.571       2.476   7.0218  20.9930   -20.57    -3.15     0.18    7.752  nan      nan    nan   1.019     nan                            Gaia_DR3      16.491      -3.516      14.909       0.025      -7.239       0.019
Gaia DR3 1712277055733560192 210.6431681  75.5518828 12.804  1.733       2.644   9.9002  21.0554   -20.35    -9.04     1.14    9.535  nan      nan    nan   1.210     nan                            Gaia_DR3      20.409      -7.024      16.948       0.016      -2.991       0.016
 Gaia DR3 573610783804495360   0.1138123  85.2386663 11.786  1.491       1.253   9.5671  21.5428   -19.96   -10.94     1.00    8.144  nan      nan    nan   3.792     nan                            Gaia_DR3     -13.534     -14.262     -12.695       0.043     -16.242       0.045
Gaia DR3 1138534090016485760 121.3418723  78.4749582 14.321  2.189       1.878  11.0303  21.8696   -22.20     2.94     2.91    9.004  nan      nan    nan   1.138     nan                            Gaia_DR3      -2.988      11.109      -5.084       0.025       8.226       0.030
Gaia DR3 1149551810706066944 106.6351256  82.9565790 19.108  3.373       0.536   8.3268  22.2150   -21.58      nan      nan    7.824  nan      nan    nan   1.063     nan                                None      -6.771      11.287      -5.897       0.314      11.418       0.288
Gaia DR3 1143159872874309120  90.9519307  81.1875637 16.174  2.892       2.452  10.9408  22.2880   -21.56      nan      nan    8.524  nan      nan    nan   1.009     nan                                None     -11.688       8.499     -14.320       0.036       4.966       0.040
Gaia DR3 2301053364765205632 359.2997598  86.2126478 18.889  3.536       2.223   8.5933  22.5278   -20.09      nan      nan    7.836  nan      nan    nan   1.070     nan                                None     -12.866     -13.343      -9.977       0.218     -11.076       0.211
Gaia DR3 1138948880777873408 121.5860412  79.2808186 17.010  2.906       2.768  10.2848  22.6818   -22.11      nan      nan    8.177  nan      nan    nan   1.041     nan                                None      -2.639      10.639      -6.052       0.056       7.304       0.071
Gaia DR3 1151891884983616384 109.3135536  86.4631294 16.367  2.946       1.541   5.7140  22.8124   -21.14      nan      nan   10.657  nan      nan    nan   1.053     nan                                None      -8.222      18.720      -9.039       0.054      15.356       0.050
Gaia DR3 1711952424925521536 212.2581424  74.2753785 15.823  2.691       2.127  11.2239  23.2879   -20.19      nan      nan    8.407  nan      nan    nan   1.074     nan                                None      18.071      -7.484      21.833       0.036      -7.708       0.037
Gaia DR3 1707091552739305472 237.2166601  76.9180412 13.596  2.272       1.590  10.1350  23.3281   -19.36   -57.57     1.18    9.945  nan      nan    nan  10.465     nan                            Gaia_DR3      20.631     -15.947      21.473       0.121     -19.173       0.123
Gaia DR3 1710741106709457664 246.7384031  81.8581427 16.526  2.632       2.980   6.5236  23.6033   -19.72      nan      nan    7.510  nan      nan    nan   1.029     nan                                None      14.572     -11.841      13.153       0.048      -7.341       0.057
Gaia DR3 2298080354042973312 309.1703858  80.9293055 18.555  3.743       2.157  12.0107  23.7630   -18.70      nan      nan    8.979  nan      nan    nan   1.038     nan                                None       0.329     -25.386       2.227       0.201     -21.771       0.192
Gaia DR3 1128749944061636736 172.3653993  77.2133087 18.217  3.133       2.576   8.4210  23.8706   -21.76      nan      nan    7.693  nan      nan    nan   1.064     nan                                None      11.220       4.663       7.249       0.148       5.962       0.153
Gaia DR3 1729245543808550016 229.5143636  88.7563388 15.098  2.515       2.415   3.9346  23.9478   -20.54    -3.11     6.80   10.955  nan      nan    nan   1.125     nan                            Gaia_DR3      23.455      -4.904      28.744       0.031      -3.134       0.030
Gaia DR3 1144661359080353792 147.7029540  81.1465928 15.458  2.333       2.312   6.4629  24.0277   -21.85    -4.76     5.53    7.476  nan      nan    nan   1.031     nan                            Gaia_DR3       4.896      10.288       7.102       0.029       7.388       0.032
Gaia DR3 1712061237921283456 211.4095796  75.0608452 12.348  1.388       2.299  10.4144  24.3160   -20.29    -8.65     0.81    7.990  nan      nan    nan   1.220     nan                            Gaia_DR3      17.138      -6.400      19.022       0.016      -3.018       0.013
Gaia DR3 1133670091092911744 175.8405680  81.7963140 15.242  2.375       2.730   3.8493  24.3435   -21.40   -37.54     7.71    7.298  nan      nan    nan   1.048     nan                            Gaia_DR3      11.335       6.426      10.728       0.027       2.270       0.034
 Gaia DR3 557481845875008128  69.8968152  80.8485743 14.675  2.265       2.876  12.5112  24.8045   -21.13   -69.04     3.41    8.825  nan      nan    nan   1.108     nan                            Gaia_DR3     -16.625       3.291     -11.420       0.023       2.055       0.025
Gaia DR3 1712061242217465088 211.4116018  75.0601865 16.624  2.422       2.466  10.4151  24.9765   -20.29      nan      nan    7.914  nan      nan    nan   1.089     nan                                None      16.975      -6.340      18.620       0.081      -2.569       0.068
Gaia DR3 2294623180247510016 293.2932538  78.8699734 16.088  2.614       2.238  12.8819  25.5245   -18.29      nan      nan    8.836  nan      nan    nan   1.099     nan                                None       5.556     -25.412       3.245       0.045     -21.943       0.047
Gaia DR3 1702615406542224640 243.8115899  74.1828623 13.871  2.054       2.895  13.2426  26.7799   -18.68    -7.58     1.55    9.488  nan      nan    nan   1.102     nan                            Gaia_DR3      18.856     -19.181      24.479       0.018     -20.562       0.016
Gaia DR3 1706761974128719488 268.2472481  80.3413152 19.453  3.555       2.383   9.6029  26.8266   -19.00      nan      nan    7.606  nan      nan    nan   1.058     nan                                None      11.021     -17.654      10.075       0.301     -13.952       0.310
Gaia DR3 1706635113678244608 263.2779366  79.8809194 12.697  1.595       2.537   9.5914  26.9032   -19.03   -36.97     4.62    7.598  nan      nan    nan   1.534     nan                            Gaia_DR3      12.032     -16.895      15.735       0.018     -18.570       0.021
Gaia DR3 1137991755904499200 130.8131379  78.6808441 19.258  3.263       1.292  10.0415  27.2039   -22.20      nan      nan    7.635  nan      nan    nan   1.022     nan                                None       0.195       9.739      -0.423       0.231       7.753       0.253
Gaia DR3 2286057714086095744 342.9892504  80.4989650 13.187  1.831       1.695  13.9196  27.8393   -18.87   -15.02     1.39    9.408  nan      nan    nan   1.037     nan                            Gaia_DR3     -11.074     -23.657     -13.883       0.015     -25.505       0.012
Gaia DR3 1123985111639100288 133.8403927  73.8319785 17.026  3.302       1.317  14.3128  28.2420   -22.63      nan      nan    9.112  nan      nan    nan   1.004     nan                                None       1.277       7.937       3.344       0.052       6.478       0.057
Gaia DR3 1123859526795957632 135.9866820  73.5372105 16.943  2.342       2.058  14.4189  28.4399   -22.64      nan      nan    8.990  nan      nan    nan   7.488     nan                                None       1.988       7.551       3.736       0.478      11.037       0.596
Gaia DR3 1722806838074934656 249.9308873  82.5468033 14.246  1.916       2.999   6.2565  28.4868   -19.74   -25.97     2.47    7.188  nan      nan    nan   0.978     nan                            Gaia_DR3      13.536     -11.732      17.633       0.017     -13.699       0.018
Gaia DR3 1690925708153364736 180.0241466  74.2189887  9.657  0.652       1.880  11.0984  29.5380   -21.61     7.72     0.27    7.588  nan      nan    nan   1.092     nan                            Gaia_DR3      12.594       1.250      10.112       0.014       2.950       0.015
Gaia DR3 1654187515680989568 245.2251542  72.5813585 17.955  3.330       2.773  14.8935  29.5442   -18.33      nan      nan    8.791  nan      nan    nan   0.982     nan                                None      17.278     -19.144      16.717       0.097     -14.035       0.099
Gaia DR3 1137909047720090624 134.5726058  78.2207810 20.483  2.539       2.616  10.1404  29.6585   -22.24      nan      nan   11.038  nan      nan    nan   1.150     nan                                None       1.852      13.596      -3.399       0.724      10.517       0.756
Gaia DR3 2289985307058547072 295.9344817  77.4741657 16.001  2.870       2.625  14.3786  29.7542   -17.93      nan      nan    9.844  nan      nan    nan   1.070     nan                                None       5.242     -29.484       4.826       0.044     -34.916       0.044
Gaia DR3 2293015526745005824 287.8318401  77.9466357 14.508  2.197       0.600  13.3318  29.8720   -18.14    -7.19     4.12    7.986  nan      nan    nan   1.034     nan                            Gaia_DR3       6.578     -22.921       7.235       0.019     -22.153       0.020
