GaiaDR3                               RA         DEC   Gmag  Bp-Rp  Voff(km/s) Sep(deg)   3D(pc) Vr(pred)  Vr(obs)    Vrerr Plx(mas)  SpT    FnuvJ  W1-W3    RUWE  XCrate                               RVsrc    PMRApred   PMDecpred        PMRA     PMRAerr       PMDec    PMDecerr
Gaia DR3 3735000631158990976 191.9813888   9.7493542 10.105  2.754       0.000   0.0000   0.0000    19.20    19.20     0.17  123.776  nan      nan    nan   1.094     nan                            Gaia_DR3   -1008.267    -460.034   -1008.267       0.040    -460.034       0.033
Gaia DR3 5699418131466175488 123.7971966 -23.7373938 11.059  2.775       1.916  74.5079  10.9776    45.95    45.26     0.58  101.041  nan      nan    nan   1.394     nan                            Gaia_DR3     127.512     102.048     111.983       0.021      64.299       0.023
Gaia DR3 3526420114274019456 188.0156449 -16.1962640  4.210  0.526       1.703  26.2408  11.5628    27.48    -1.16     0.13   54.813  nan      nan    nan   1.897     nan                            Gaia_DR3    -427.923     -77.639    -424.597       0.168     -58.241       0.157
Gaia DR3 4446207564241339520 249.0212100   8.8129781 12.386  2.955       2.314  56.2333  12.5701   -22.41   -44.07     0.36   66.155  nan      nan    nan   1.474     nan                            Gaia_DR3    -549.638    -150.841    -518.324       0.031    -158.665       0.027
Gaia DR3 3862117335108574848 158.1363489   6.5012503 13.989  3.493       1.681  33.6476  13.4760    37.84      nan      nan   51.450  nan      nan    nan   1.123     nan                                None    -215.700    -200.980    -232.200       0.033    -193.217       0.028
 Gaia DR3 604756890202697728 134.2693740  11.6455162  9.958  2.141       1.239  56.6463  13.6498    40.58      nan      nan   61.324  nan      nan    nan   4.599     nan                                None     -27.329    -294.615     -23.411       0.114    -310.147       0.101
Gaia DR3 3994104184084389504 170.3717883  25.5234452 12.999  2.701       0.717  25.8641  17.9000    25.13    23.13     0.58   40.291  nan      nan    nan   2.482     nan                            Gaia_DR3    -236.585    -234.904    -235.728       0.041    -228.876       0.041
Gaia DR3 4366633811793952896 258.0163403  -3.3925453 15.495  4.179       1.727  67.0710  18.0186   -25.51      nan      nan   51.130  nan      nan    nan   1.023     nan                                None    -385.032    -168.807    -371.410       0.050    -181.499       0.031
Gaia DR3 5307525906414825216 147.1055879 -56.7379997 12.510  2.864       1.425  76.0275  18.6517    35.26    30.24     0.40   52.981  nan      nan    nan   1.158     nan                            Gaia_DR3    -133.126     313.147    -121.090       0.023     323.564       0.020
Gaia DR3 6166184667404110464 201.9598071 -35.8216734 15.473  3.763       2.554  46.5330  20.2657    20.32      nan      nan   40.069  nan      nan    nan   1.028     nan                                None    -353.542     -23.127    -337.632       0.059     -37.701       0.076
Gaia DR3 1664668614567744384 207.7352930  62.4180372 14.347  3.146       1.672  53.8939  20.3400    -7.60    -5.74     1.91   41.623  nan      nan    nan   1.150     nan                            Gaia_DR3    -378.534    -139.829    -381.864       0.026    -125.545       0.020
Gaia DR3 3766333787676996736 151.3191431 -12.0362079 17.244  4.678       2.972  45.9041  23.9319    43.80      nan      nan   34.674  nan      nan    nan   1.214     nan                                None    -109.875     -37.247    -105.083       0.134     -16.061       0.129
Gaia DR3 3959755960520319616 189.7833546  25.3471205 13.382  2.755       1.759  15.7368  25.7602    15.07   -14.42     1.01   29.901  nan      nan    nan   1.250     nan                            Gaia_DR3    -238.098    -143.553    -228.125       0.021    -148.403       0.019
Gaia DR3 2879203933297161088 356.4581626  36.2552613  9.306  1.681       2.996 131.7291  25.9310   -33.70      nan      nan   50.396  nan      nan    nan   1.007     nan                                None     333.235      76.651     346.290       0.016      47.616       0.014
Gaia DR3 3151407827963355136 116.8757403  11.1254957 16.625  0.380       2.267  73.6658  26.5067    39.42      nan      nan   36.206  nan      nan    nan   1.140     nan                                None      85.846    -169.065      74.635       0.077    -182.244       0.056
Gaia DR3 5597287489961172096 119.6331782 -29.5698503 13.888  3.127       2.948  79.8421  26.6662    44.75      nan      nan   37.206  nan      nan    nan   1.139     nan                                None      71.898      71.897      49.007       0.014      75.149       0.016
Gaia DR3 6085474878934042752 198.2751331 -46.9649307 13.644  2.581       2.231  56.9917  26.8843    22.28    22.57     2.46   32.876  nan      nan    nan   1.242     nan                            Gaia_DR3    -282.838      22.094    -272.969       0.021      33.994       0.012
  Gaia DR3 18986817760556416  39.8243583   7.4708161 12.860  2.884       1.372 147.3568  27.1348    -3.15     0.54     0.70   50.051  nan      nan    nan   1.105     nan                            Gaia_DR3     468.512    -145.926     480.354       0.030    -137.598       0.027
Gaia DR3 3583402849843287680 187.4823871  -7.1246344 17.364  1.113       1.335  17.4590  27.7727    26.42      nan      nan   28.270  nan      nan    nan   1.025     nan                                None    -219.327     -65.128    -226.009       0.105     -69.450       0.083
 Gaia DR3 345680648977744896  29.6907216  40.8287361 13.961  3.289       2.981 126.8475  27.8303   -16.13      nan      nan   44.996  nan      nan    nan   1.214     nan                                None     412.404     -44.790     394.959       0.027     -67.044       0.031
Gaia DR3 6293503127445127168 204.6715704 -18.6484159 17.876  4.533       2.695  31.0346  28.0108    16.72      nan      nan   28.883  nan      nan    nan   0.885     nan                                None    -258.849     -56.380    -254.885       0.213     -72.301       0.144
Gaia DR3 2865029029391974400 356.9051131  27.0353216 17.840  4.518       0.348 140.4146  28.0886   -34.20      nan      nan   46.759  nan      nan    nan   0.882     nan                                None     311.592      15.843     314.965       0.143      15.198       0.109
Gaia DR3 6681773947733560192 310.9550010 -39.0565638 13.746  0.042       0.337 118.5170  28.1133   -25.58      nan      nan   42.835  nan      nan    nan   0.940     nan                                None      -4.108    -351.780      -6.922       0.021    -350.619       0.019
Gaia DR3 1505825635741455872 210.8514144  45.5587968 19.022 -0.140       2.132  39.2964  28.5919    -4.31      nan      nan   29.084  nan      nan    nan   0.964     nan                                None    -267.646     -96.705    -272.345       0.148     -84.508       0.182
Gaia DR3 6534547176109685504 356.4875634 -40.2052967 12.730  2.783       1.890 146.5810  28.7183   -14.89   -11.54     1.78   46.236  nan      nan    nan   1.489     nan                            Gaia_DR3     305.885    -302.967     307.544       0.024    -321.314       0.025
Gaia DR3 4533577850572985344 286.1301738  24.0318786 11.306  2.291       2.441  89.7799  28.8923   -42.37   -42.87     0.20   36.009  nan      nan    nan   1.249     nan                            Gaia_DR3    -144.707      26.127    -147.641       0.013       7.829       0.019
Gaia DR3 4336497160149156224 255.2835754  -8.9866702 14.029  2.830       1.250  65.7380  29.6803   -22.15   -16.77     1.99   31.180  nan      nan    nan   1.092     nan                            Gaia_DR3    -242.812    -117.029    -239.902       0.020    -124.712       0.016
Gaia DR3 5633501314159395584 143.6147960 -29.1976473 14.026  2.815       1.582  60.7273  29.8155    44.78    25.23     1.57   30.376  nan      nan    nan   1.168     nan                            Gaia_DR3     -59.498      56.752     -64.158       0.017      47.754       0.014
Gaia DR3 3792303255892637184 174.9239004  -3.1681243 19.060  3.930       1.648  21.3450  29.9956    33.00      nan      nan   26.755  nan      nan    nan   1.052     nan                                None    -172.099     -69.472    -163.371       0.412     -72.667       0.241
