GaiaDR3                               RA         DEC   Gmag  Bp-Rp  Voff(km/s) Sep(deg)   3D(pc) Vr(pred)  Vr(obs)    Vrerr Plx(mas)  SpT    FnuvJ  W1-W3    RUWE  XCrate                               RVsrc    PMRApred   PMDecpred        PMRA     PMRAerr       PMDec    PMDecerr
Gaia DR3 2441013811932929280   0.3257613  -8.9262499  9.824  0.629       0.000   0.0000   0.0000    11.22    11.22     0.23    3.722  nan      nan    nan   1.095     nan                            Gaia_DR3       2.432       9.437       2.432       0.023       9.437       0.019
Gaia DR3 2441729971959722496   1.6723109  -7.3341734 17.162  2.386       4.200   2.0764   9.8623    11.61      nan      nan    3.747  nan      nan    nan   1.099     nan                                None       2.207       9.257      -0.707       0.098       7.671       0.070
Gaia DR3 2436321023290248960 357.2270956  -8.1032570 19.439  2.719       2.829   3.1731  16.6984    11.20      nan      nan    3.625  nan      nan    nan   1.023     nan                                None       2.900       9.047       1.152       0.352       7.776       0.352
Gaia DR3 2436424553477036928 357.4214140  -7.4725215 17.533  2.997       4.690   3.2213  16.8936    11.34      nan      nan    3.626  nan      nan    nan   0.969     nan                                None       2.868       8.955       3.817       0.181       5.498       0.101
Gaia DR3 2434391075441073536 358.0587210 -10.8508382 17.940  2.715       3.355   2.9481  16.9313    10.67      nan      nan    3.868  nan      nan    nan   1.082     nan                                None       2.943      10.089       0.292       0.224      10.766       0.129
Gaia DR3 2441862561894048256   0.9173322  -7.0537067 18.357  2.848       4.942   1.9620  17.6209    11.63      nan      nan    3.946  nan      nan    nan   0.916     nan                                None       2.467       9.696       1.223       0.167       5.778       0.142
Gaia DR3 2427465320417592192   2.6556182 -11.6362263 14.848  1.730       3.669   3.5494  19.9082    10.75    -3.01    10.85    3.583  nan      nan    nan   1.030     nan                            Gaia_DR3       1.942       9.493      -0.626       0.038      10.536       0.023
Gaia DR3 2443361097458954752   3.6916257  -6.1334573 16.310  2.190       4.645   4.3511  22.7037    11.95      nan      nan    3.599  nan      nan    nan   1.058     nan                                None       1.770       8.711       5.294       0.090       8.744       0.049
Gaia DR3 2446372827310419968 357.6061107  -4.9420074 17.845  2.763       3.435   4.8125  23.8965    11.86      nan      nan    3.628  nan      nan    nan   0.966     nan                                None       2.838       8.569       3.654       0.155       6.071       0.105
Gaia DR3 2441944239287856000   1.3492826  -6.9473735 17.433  2.659       2.687   2.2234  24.1395    11.68      nan      nan    3.446  nan      nan    nan   1.095     nan                                None       2.083       8.454       1.928       0.121       6.509       0.077
Gaia DR3 2439803142255630592 355.8784929  -6.3307934 16.906  2.377       3.282   5.1149  24.4024    11.47      nan      nan    3.673  nan      nan    nan   1.052     nan                                None       3.170       8.886       4.027       0.081      11.278       0.063
Gaia DR3 2428613588514205568   1.9891893 -10.1923151 17.071  2.402       4.776   2.0721  24.6247    11.03      nan      nan    4.068  nan      nan    nan   0.999     nan                                None       2.334      10.536      -1.691       0.103       9.779       0.068
Gaia DR3 2443702457164136576   2.4482768  -5.4805301 19.164  2.803       1.694   4.0380  25.3799    12.02      nan      nan    3.510  nan      nan    nan   1.104     nan                                None       1.937       8.391       0.761       0.347       7.957       0.193
Gaia DR3 2429075555196491392   1.1613613  -8.9027616 14.657    nan       4.497   0.8258  25.8365    11.26      nan      nan    3.400  nan      nan    nan   1.231     nan                                None       2.086       8.620       4.974       0.233       7.191       0.078
Gaia DR3 2439466867791394304 356.9377362  -7.0735589 12.576  1.219       3.963   3.8325  25.9180    11.39     5.18     6.98    4.010  nan      nan    nan   0.809     nan                            Gaia_DR3       3.263       9.834       2.460       0.020       6.581       0.012
Gaia DR3 2443250012425295744   3.4609715  -6.5626329 13.283  1.234       4.146   3.9034  26.0492    11.85     0.81     2.00    4.009  nan      nan    nan   3.260     nan                            Gaia_DR3       2.017       9.778       0.439       0.042       6.650       0.037
Gaia DR3 2434933233457342080 359.3417031  -9.6626389 18.728  2.550       4.757   1.2188  27.1539    11.01      nan      nan    3.388  nan      nan    nan   1.015     nan                                None       2.372       8.686       2.747       0.229      12.063       0.156
Gaia DR3 2431732353246028288   5.2828464  -5.7124071 17.094  2.451       4.114   5.8733  27.6405    12.09      nan      nan    3.783  nan      nan    nan   1.005     nan                                None       1.570       9.091       4.322       0.113       7.305       0.079
Gaia DR3 2439488858023877504 356.3170208  -7.1420522 11.647  0.796       4.458   4.3518  27.9010    11.34   -20.20     0.57    3.485  nan      nan    nan   0.929     nan                            Gaia_DR3       2.937       8.553      -0.083       0.017       9.821       0.014
Gaia DR3 2421546340087738880   0.8681737 -12.2286293 16.558  2.230       2.244   3.3451  28.0025    10.53      nan      nan    4.082  nan      nan    nan   0.998     nan                                None       2.561      10.893       0.779       0.060      10.151       0.044
Gaia DR3 2416146672843421696   0.0499762 -15.0234482 16.929  2.457       4.856   6.1032  28.9919     9.86      nan      nan    3.675  nan      nan    nan   1.020     nan                                None       2.450      10.185       6.075       0.085       9.181       0.057
Gaia DR3 2444615154894531584   0.6672638  -5.2523644 18.971  2.701       3.464   3.6895  29.4220    11.98      nan      nan    3.426  nan      nan    nan   1.065     nan                                None       2.183       8.150       0.049       0.383       9.456       0.253
Gaia DR3 2442454408387558912 357.3013079  -7.0918027 18.278  2.949       3.959   3.5120  29.9078    11.41      nan      nan    4.112  nan      nan    nan   1.051     nan                                None       3.276      10.090       3.157       0.218      13.521       0.157
Gaia DR3 2440015897755400832 354.1265633  -7.1663790 19.086  3.200       4.814   6.3852  30.1450    11.17      nan      nan    3.803  nan      nan    nan   1.191     nan                                None       3.592       9.320       2.887       0.383      13.114       0.341
Gaia DR3 2417089366625483392   3.8719582 -14.3315053 15.409  1.889       4.050   6.4243  30.1820    10.19      nan      nan    3.708  nan      nan    nan   0.991     nan                                None       1.792      10.218       4.785       0.038       9.187       0.023
Gaia DR3 2423291574278662528   4.6798535 -13.3887190 15.360  1.870       1.460   6.1767  31.1906    10.44      nan      nan    3.916  nan      nan    nan   1.053     nan                                None       1.739      10.657       0.931       0.038       9.762       0.023
Gaia DR3 2417167878627333248   4.1695222 -14.3931476 14.050  1.364       4.498   6.6367  31.8111    10.19    25.76     2.69    3.653  nan      nan    nan   1.021     nan                            Gaia_DR3       1.713      10.076       1.288       0.022      13.514       0.017
Gaia DR3 2433262388099964800 354.1326035 -11.9507023 19.448  3.211       3.735   6.7995  32.0529    10.16      nan      nan    3.694  nan      nan    nan   1.099     nan                                None       3.487       9.747       4.994       0.729      12.234       0.364
Gaia DR3 2541187327041882880   4.1458922  -3.1583360 16.974  2.668       1.902   6.9056  32.3257    12.54      nan      nan    3.768  nan      nan    nan   1.016     nan                                None       1.771       8.616       3.218       0.147       8.180       0.075
Gaia DR3 2541187322746661248   4.1454181  -3.1567557 17.641  2.729       2.220   6.9067  32.5268    12.54      nan      nan    3.697  nan      nan    nan   0.996     nan                                None       1.738       8.454       2.467       0.232       6.885       0.117
Gaia DR3 2416737621688045696   2.8910068 -14.6894403 17.461  2.537       4.464   6.2860  32.8069    10.07      nan      nan    3.552  nan      nan    nan   0.928     nan                                None       1.884       9.827      -1.434       0.103      10.231       0.080
Gaia DR3 2416854998849780224   4.1428992 -14.9325675 16.755  2.352       3.339   7.0717  33.2164    10.07      nan      nan    3.708  nan      nan    nan   1.088     nan                                None       1.743      10.303       1.439       0.075      12.895       0.053
Gaia DR3 2445766588382342016 356.5486924  -6.0992188 15.532  1.984       0.270   4.6916  33.6072    11.56      nan      nan    4.127  nan      nan    nan   1.016     nan                                None       3.433       9.947       3.198       0.043       9.940       0.029
Gaia DR3 2430005875176397568   4.7920862  -8.5044517 19.161  3.028       4.332   4.4348  33.6572    11.50      nan      nan    4.143  nan      nan    nan   1.073     nan                                None       1.818      10.458       5.494       0.395      11.354       0.345
Gaia DR3 2428940963805248000   0.1213474  -9.5804948 18.428  2.715       1.708   0.6846  33.7559    11.07      nan      nan    3.309  nan      nan    nan   1.018     nan                                None       2.194       8.476       1.012       0.208       8.328       0.155
Gaia DR3 2446979177908929920 355.3829985  -4.4944279 12.066  0.835       4.715   6.6125  33.8862    11.80    13.47     0.87    3.952  nan      nan    nan   0.973     nan                            Gaia_DR3       3.503       9.247       5.167       0.016       5.689       0.014
Gaia DR3 2447697463943909888 357.0116843  -2.5637144 18.406  2.875       4.203   7.1654  34.0058    12.28      nan      nan    3.835  nan      nan    nan   0.969     nan                                None       3.107       8.650       2.091       0.258       5.408       0.238
Gaia DR3 2433972779986512896 353.6945613 -10.7959626 14.951  1.855       4.550   6.7951  34.9818    10.38   -25.73     7.62    3.554  nan      nan    nan   1.075     nan                            Gaia_DR3       3.427       9.218       6.114       0.044       7.119       0.025
Gaia DR3 2449714968998030592 359.7779692  -1.3440359 15.122  1.881       4.519   7.6018  35.5379    12.67    29.37     4.48    3.757  nan      nan    nan   1.092     nan                            Gaia_DR3       2.553       8.269       4.684       0.040       5.394       0.024
Gaia DR3 2434909078561037824 359.5252426  -9.9604928 19.371  2.808       1.906   1.3012  35.6855    10.95      nan      nan    4.284  nan      nan    nan   0.994     nan                                None       2.962      11.036       4.432       0.330      11.933       0.275
Gaia DR3 2443287155302383744   2.6183815  -6.5735831 11.877  0.844       4.518   3.2703  35.6950    11.81    19.30     0.68    4.238  nan      nan    nan   2.214     nan                            Gaia_DR3       2.304      10.335       2.974       0.034       6.355       0.020
Gaia DR3 2445863689002927104 356.2114881  -5.7426814 16.547  2.135       2.348   5.1751  35.8317    11.61      nan      nan    3.402  nan      nan    nan   1.781     nan                                None       2.884       8.147       1.235       0.168       8.490       0.108
Gaia DR3 2421423263505119488   2.1288201 -12.0687100 10.693  0.708       3.783   3.6079  36.0122    10.63   -13.10     0.29    4.232  nan      nan    nan   1.135     nan                            Gaia_DR3       2.400      11.278       4.809       0.024       8.915       0.020
Gaia DR3 2434730579720537344 357.2228295  -9.9886597 19.514  2.958       3.144   3.2398  36.3720    10.81      nan      nan    3.319  nan      nan    nan   1.055     nan                                None       2.656       8.537       4.413       0.359       9.862       0.327
Gaia DR3 2438725208543221888 354.2250707  -9.1769744 18.558  2.739       2.824   6.0299  36.5804    10.77      nan      nan    4.100  nan      nan    nan   0.993     nan                                None       3.854      10.383       1.435       0.236      10.050       0.215
Gaia DR3 2428995359567153664   1.4180272  -9.3936893 15.657  2.067       3.974   1.1753  37.0265    11.17      nan      nan    3.277  nan      nan    nan   0.985     nan                                None       1.970       8.376       2.327       0.040       5.655       0.029
Gaia DR3 2368732394263091712   5.0056855 -15.3849114 18.840  2.603       0.118   7.9132  37.1107     9.99      nan      nan    3.802  nan      nan    nan   1.112     nan                                None       1.629      10.634       1.615       0.400      10.540       0.289
Gaia DR3 2439467177029039104 356.9195082  -7.0383593 17.405  2.583       3.123   3.8655  37.3980    11.40      nan      nan    3.325  nan      nan    nan   1.080     nan                                None       2.708       8.148       1.699       0.148       6.206       0.098
Gaia DR3 2433262426755100672 354.1389827 -11.9482500 16.053  2.066       3.562   6.7928  37.4622    10.17      nan      nan    4.050  nan      nan    nan   1.036     nan                                None       3.823      10.687       6.747       0.056      11.520       0.041
Gaia DR3 2415499709034101632 358.3350221 -16.6806632 17.868  2.525       3.895   7.9933  37.4938     9.38      nan      nan    3.805  nan      nan    nan   0.937     nan                                None       2.845      10.746       0.421       0.115      12.717       0.103
Gaia DR3 2440487833057104896 354.1290646  -6.4334262 13.811  1.283       1.579   6.6273  37.5718    11.32    16.55     5.06    3.471  nan      nan    nan   1.040     nan                            Gaia_DR3       3.278       8.402       4.388       0.018       8.082       0.013
Gaia DR3 2432092683822026112 355.0378323 -13.6123364 15.446  1.903       1.595   6.9883  37.8796     9.86      nan      nan    4.040  nan      nan    nan   1.065     nan                                None       3.645      10.922       4.967       0.034      11.235       0.034
Gaia DR3 2419237739330715776 359.0513732 -14.2650901 19.114  2.867       1.394   5.4827  38.3832     9.98      nan      nan    3.379  nan      nan    nan   1.000     nan                                None       2.412       9.261       2.384       0.281       8.268       0.253
Gaia DR3 2416020503884334848 359.3653153 -15.3613259 16.660  2.178       2.872   6.5031  38.4722     9.75      nan      nan    3.443  nan      nan    nan   4.868     nan                                None       2.407       9.576       3.932       0.351      10.996       0.210
Gaia DR3 2434681999345812480 357.6230768 -10.0819419 17.010  2.299       4.123   2.9053  38.5399    10.81      nan      nan    3.286  nan      nan    nan   0.959     nan                                None       2.567       8.466       5.015       0.075       9.938       0.064
Gaia DR3 2439041322431639040 353.8364978  -8.3181257 18.183  2.826       2.096   6.4446  38.9311    10.91      nan      nan    4.127  nan      nan    nan   1.012     nan                                None       3.953      10.304       2.884       0.174       8.827       0.162
Gaia DR3 2417640217655187840   1.2748107 -14.3725852 12.333  0.931       2.304   5.5250  39.3613    10.07    20.69     0.73    4.207  nan      nan    nan   0.950     nan                            Gaia_DR3       2.558      11.572       3.076       0.014      13.549       0.011
Gaia DR3 2416954367213046144   5.2317600 -14.2474808 17.410  2.622       4.101   7.1690  39.3703    10.26      nan      nan    4.067  nan      nan    nan   0.994     nan                                None       1.698      11.204       1.597       0.106       7.690       0.083
Gaia DR3 2633048465525905280 352.8185622  -4.9714685 12.910  0.931       4.885   8.4350  39.4063    11.50    -1.14     4.57    3.765  nan      nan    nan  15.620     nan                            Gaia_DR3       3.782       8.873      -0.018       0.297       9.645       0.236
Gaia DR3 2435720281919704064 355.3964546  -9.3004214 11.567  0.867       3.236   4.8814  39.5589    10.83     8.34     0.48    4.248  nan      nan    nan   0.920     nan                            Gaia_DR3       3.762      10.791       5.623       0.018      13.013       0.015
Gaia DR3 2428813214298353792   2.1355463  -9.5332251 19.295  2.895       1.590   1.8866  39.8666    11.18      nan      nan    3.253  nan      nan    nan   0.986     nan                                None       1.844       8.340       2.870       0.318       8.712       0.255
