GaiaDR3                               RA         DEC   Gmag  Bp-Rp  Voff(km/s) Sep(deg)   3D(pc) Vr(pred)  Vr(obs)    Vrerr Plx(mas)  SpT    FnuvJ  W1-W3    RUWE  XCrate                               RVsrc    PMRApred   PMDecpred        PMRA     PMRAerr       PMDec    PMDecerr
Gaia DR3 2549096011101118080  11.2564300   0.5931841 12.815  1.082       0.000   0.0000   0.0000    26.63    26.63    19.22    4.049  nan      nan    nan   0.963     nan                            Gaia_DR3      25.938     -18.067      25.938       0.021     -18.067       0.019
Gaia DR3 2549096006807487872  11.2577515   0.5942133 17.446  2.548       1.006   0.0017   2.5259    26.63      nan      nan    4.091  nan      nan    nan   1.058     nan                                None      26.205     -18.254      25.660       0.120     -17.580       0.117
Gaia DR3 2544115940686338432   9.2320893   0.8148052 18.236  3.113       2.017   2.0363  16.5993    25.45      nan      nan    4.297  nan      nan    nan   0.915     nan                                None      28.368     -19.252      26.605       0.207     -18.773       0.130
Gaia DR3 2536085760592431488  14.0073104  -0.1671287 19.353  3.055       2.197   2.8540  18.3149    28.33      nan      nan    4.291  nan      nan    nan   1.005     nan                                None      26.285     -18.818      25.848       0.474     -16.880       0.443
Gaia DR3 2553010474358815744  13.9724092   5.2325429 17.704 -0.061       2.014   5.3737  23.2863    26.23      nan      nan    4.113  nan      nan    nan   1.590     nan                                None      25.210     -20.269      26.450       0.227     -19.040       0.156
Gaia DR3 2541881939216976896   6.1013144  -1.5288053 19.637  2.775       1.631   5.5743  24.0271    24.56      nan      nan    4.046  nan      nan    nan   1.073     nan                                None      27.870     -17.263      27.803       0.477     -18.653       0.423
Gaia DR3 2550043480886482688  12.5371580   2.6634027 11.909  0.902       0.442   2.4340  24.2204    26.52     8.14     0.70    4.447  nan      nan    nan   1.194     nan                            Gaia_DR3      27.912     -20.757      27.562       0.026     -20.981       0.024
Gaia DR3 2551101176712745984   9.8879339   3.5623695 16.175  2.346       2.568   3.2689  24.7328    24.76      nan      nan    4.421  nan      nan    nan   1.025     nan                                None      28.905     -20.940      31.125       0.061     -20.046       0.044
Gaia DR3 2551495970106589440  15.0251317   3.6740378 15.692  2.222       2.271   4.8654  24.9712    27.38      nan      nan    3.851  nan      nan    nan   1.009     nan                                None      23.182     -18.421      25.024       0.050     -18.358       0.035
Gaia DR3 2548690355734293376   5.8885252   3.4078713 19.857  2.734       2.435   6.0577  26.2380    22.60      nan      nan    4.123  nan      nan    nan   1.107     nan                                None      28.480     -19.359      30.397       0.559     -18.463       0.445
Gaia DR3 2539861041140590336  16.2110279   3.7733256 17.077  2.437       2.856   5.8838  26.3430    27.93      nan      nan    4.195  nan      nan    nan   0.959     nan                                None      24.720     -20.143      22.200       0.123     -19.968       0.073
Gaia DR3 2551076059744101504  10.9330557   3.7716252 11.313  0.824       1.724   3.1948  26.5911    25.24    14.08     0.40    4.468  nan      nan    nan   1.233     nan                            Gaia_DR3      28.761     -21.285      28.867       0.034     -22.906       0.028
Gaia DR3 2552088022758347136  15.7053344   4.8344924 14.747  1.727       2.327   6.1423  26.7701    27.26   -18.55     4.56    4.003  nan      nan    nan   6.170     nan                            Gaia_DR3      23.803     -19.634      21.919       0.216     -20.188       0.136
Gaia DR3 2524156510403256704  11.3889995  -5.5014828 17.117  2.542       2.689   6.0961  26.8378    28.79      nan      nan    3.980  nan      nan    nan   0.960     nan                                None      25.441     -15.278      23.327       0.142     -14.490       0.095
Gaia DR3 2540873966228368640   7.6975545  -1.8461680 18.083  2.743       2.245   4.3142  27.1885    25.57      nan      nan    4.417  nan      nan    nan   0.999     nan                                None      29.790     -18.691      30.430       0.161     -16.701       0.145
Gaia DR3 2524204133000574080  10.8914220  -5.4874723 16.499  2.378       2.293   6.0916  28.4722    28.52      nan      nan    3.896  nan      nan    nan   0.971     nan                                None      25.094     -14.981      24.664       0.102     -16.815       0.073
Gaia DR3 2553487116944923520  13.8474734   6.6316640 13.988  1.395       1.629   6.5684  28.6891    25.59   -18.26     2.65    4.161  nan      nan    nan   2.708     nan                            Gaia_DR3      25.561     -21.058      26.983       0.071     -20.915       0.049
Gaia DR3 2524027523945491328  10.8459312  -6.0962863 10.642  0.827       1.314   6.7020  29.3167    28.69     8.68     0.24    4.169  nan      nan    nan   0.937     nan                            Gaia_DR3      26.870     -15.765      27.704       0.022     -14.966       0.020
