GaiaDR3                               RA         DEC   Gmag  Bp-Rp  Voff(km/s) Sep(deg)   3D(pc) Vr(pred)  Vr(obs)    Vrerr Plx(mas)  SpT    FnuvJ  W1-W3    RUWE  XCrate                               RVsrc    PMRApred   PMDecpred        PMRA     PMRAerr       PMDec    PMDecerr
Gaia DR3 1723044195149081728 240.1723242  83.2586739 10.420  1.184       0.000   0.0000   0.0000   -26.23      nan      nan   14.086  nan      nan    nan   0.997     nan                                None    -132.782     107.756    -132.782       0.013     107.756       0.011
Gaia DR3 1728894662160056576 217.4918825  87.6075209 16.383  2.944       1.160   4.6263   5.9392   -22.56      nan      nan   13.824  nan      nan    nan   1.030     nan                                None    -164.190      52.236    -167.368       0.053      53.389       0.050
Gaia DR3 1708132442356843136 232.8859453  77.6599833 11.131  1.414       2.912   5.7164   7.0998   -28.36      nan      nan   14.286  nan      nan    nan   0.790     nan                                None    -148.518      83.437    -156.439       0.014      79.670       0.014
Gaia DR3 1720386984780855680 226.2000107  78.6682688 12.826  2.218       2.972   5.0555  12.2962   -26.70      nan      nan   12.300  nan      nan    nan   5.056     nan                                None    -137.004      57.951    -132.749       0.071      64.377       0.075
Gaia DR3 1708787789942957696 238.0657532  79.7811538 17.132  3.131       2.067   3.4908  17.7003   -28.09      nan      nan   11.361  nan      nan    nan   0.984     nan                                None    -110.459      78.996    -106.220       0.072      76.439       0.072
Gaia DR3 1697018411320585984 226.4079039  71.8264918 17.104  3.445       2.766  11.7322  18.2730   -29.23      nan      nan   12.390  nan      nan    nan   1.000     nan                                None    -137.745      50.120    -133.517       0.076      55.977       0.065
Gaia DR3 1654091209628480000 245.1475306  71.8262903 18.798  3.841       2.898  11.4722  18.2780   -34.06      nan      nan   12.318  nan      nan    nan   1.018     nan                                None    -106.869      88.056    -107.660       0.227      80.573       0.222
Gaia DR3 2264531200558925440 287.7029297  72.5628036 13.685  2.539       1.198  13.7840  18.4081   -38.58      nan      nan   16.212  nan      nan    nan   1.093     nan                                None      -4.568     171.332      -8.571       0.016     172.188       0.014
Gaia DR3 1151467576573073920 159.9343000  87.1273292 19.447  3.245       2.034   6.8625  19.4525   -19.89      nan      nan   11.365  nan      nan    nan   1.092     nan                                None    -110.529     -92.195    -113.011       0.257     -96.389       0.251
Gaia DR3 1075219984240392192 178.8992370  73.5041195 12.090  1.884       2.487  14.4808  21.7372   -15.10      nan      nan   17.797  nan      nan    nan   1.253     nan                                None    -209.325     -96.651    -207.085       0.016     -87.595       0.015
Gaia DR3 2294917166465447552 288.1339960  79.8158784 15.496  2.563       0.347   7.5467  21.7378   -31.94      nan      nan   11.110  nan      nan    nan   0.978     nan                                None      -2.084     127.901      -2.896       0.030     127.903       0.030
Gaia DR3 1075219984240392320 178.8976155  73.5050014 14.127  2.492       2.338  14.4802  21.7571   -15.10      nan      nan   17.808  nan      nan    nan   1.419     nan                                None    -209.455     -96.717    -204.766       0.027     -89.298       0.024
Gaia DR3 2294917166465447168 288.1276375  79.8156527 13.791  2.115       0.586   7.5461  21.8545   -31.94      nan      nan   11.094  nan      nan    nan   1.057     nan                                None      -2.096     127.717      -1.905       0.015     129.073       0.015
Gaia DR3 1695420305529525632 221.9296666  71.0439978 18.004  3.822       2.800  12.7233  21.9049   -28.13      nan      nan   11.822  nan      nan    nan   1.018     nan                                None    -136.352      36.920    -142.132       0.119      40.829       0.117
Gaia DR3 2278617250180901376 311.1567436  76.6800625 14.091  2.386       2.311  12.7913  22.0142   -33.87      nan      nan   11.814  nan      nan    nan   1.225     nan                                None      55.823     120.833      53.517       0.021     115.558       0.019
 Gaia DR3 555571341342596352  50.0818989  78.9335179 13.308  2.202       0.983  17.7424  22.5676   -15.50      nan      nan   13.506  nan      nan    nan   1.154     nan                                None     144.858     -97.642     142.498       0.012     -96.136       0.013
Gaia DR3 2230393460462764032 342.6078131  73.4729282 16.468  3.086       2.855  19.1144  24.6729   -30.91      nan      nan   13.272  nan      nan    nan   2.166     nan                                None     133.821      77.174     128.353       0.105      82.997       0.091
Gaia DR3 1077590114697601024 152.4306061  71.8874443 18.021  0.440       2.377  19.0359  25.0470    -7.31      nan      nan   13.045  nan      nan    nan   0.979     nan                                None    -112.332    -131.392    -106.220       0.086    -133.708       0.099
Gaia DR3 1640540690890002944 231.6515904  62.9623533 17.436  3.817       2.551  20.3934  25.2478   -33.97      nan      nan   16.263  nan      nan    nan   1.109     nan                                None    -171.473      63.917    -163.642       0.149      60.022       0.122
Gaia DR3 2257118980361558144 279.3076667  66.6656090 15.272  2.735       2.463  18.5717  26.4948   -43.19      nan      nan   18.698  nan      nan    nan   1.172     nan                                None     -39.394     177.913     -33.432       0.031     170.251       0.029
Gaia DR3 1139783577606289920 100.8628415  76.8078227 13.643  2.420       2.986  18.8149  27.4850    -7.80      nan      nan   12.135  nan      nan    nan   9.022     nan                                None      21.492    -159.220      27.431       0.090    -164.024       0.113
Gaia DR3 2241424551386344320 297.0867506  63.2937804 13.808  2.469       1.493  23.6597  28.7266   -45.88      nan      nan   16.304  nan      nan    nan   1.093     nan                                None      28.753     146.913      27.775       0.017     141.876       0.015
Gaia DR3 1123215453499908480 126.6075688  73.5503803 13.910  2.508       1.204  20.0908  28.8969    -4.88      nan      nan   19.544  nan      nan    nan   1.170     nan                                None     -74.075    -249.186     -77.416       0.013    -245.521       0.016
Gaia DR3 2243863955371596032 306.9532624  64.2562207 13.079  2.117       2.396  23.8483  29.2000   -44.16      nan      nan   14.226  nan      nan    nan   1.084     nan                                None      54.941     124.255      56.937       0.013     117.352       0.011
Gaia DR3 1151580856335502208 152.4611556  87.2630436  9.371  0.742       1.460   7.1713  29.4655   -19.71      nan      nan   10.149  nan      nan    nan   0.919     nan                                None     -87.442     -94.366     -90.470       0.015     -95.127       0.016
