GaiaDR3                               RA         DEC   Gmag  Bp-Rp  Voff(km/s) Sep(deg)   3D(pc) Vr(pred)  Vr(obs)    Vrerr Plx(mas)  SpT    FnuvJ  W1-W3    RUWE  XCrate                               RVsrc    PMRApred   PMDecpred        PMRA     PMRAerr       PMDec    PMDecerr
Gaia DR3 1270814787767025408 232.1326440  27.3610819 14.143  2.912       0.000   0.0000   0.0000   -33.43   -33.43     1.52   21.131  nan      nan    nan   1.130     nan                            Gaia_DR3     -56.244      63.807     -56.244       0.010      63.807       0.014
Gaia DR3 1224306167465720704 234.9316661  27.8499128 13.173  2.471       2.495   2.5280   2.1310   -33.81   -20.58     1.03   21.345  nan      nan    nan   1.160     nan                            Gaia_DR3     -48.772      66.941     -51.925       0.008      56.165       0.013
Gaia DR3 1267041435657233280 220.2100523  25.0739874 13.408  2.572       2.702  10.9329   9.4268   -30.90   -16.26     1.82   20.265  nan      nan    nan   1.210     nan                            Gaia_DR3     -84.802      49.301     -96.248       0.013      50.804       0.016
Gaia DR3 1322821756479123456 243.3341109  33.3410660 14.610  2.935       1.799  11.3555  10.7628   -33.22   -33.53     2.62   19.311  nan      nan    nan   1.103     nan                            Gaia_DR3     -21.722      76.122     -28.169       0.016      72.644       0.020
Gaia DR3 1204181943582326528 238.9307267  19.9464625 14.811  2.921       2.562   9.6778  10.8787   -36.16   -17.33    10.33   18.494  nan      nan    nan  26.901     nan                            Gaia_DR3     -32.132      40.199     -25.735       0.529      47.868       0.566
Gaia DR3 1236615028338715648 220.9657589  18.2927246 12.952  2.665       2.336  13.7032  11.3607   -32.29   -25.31     1.72   20.913  nan      nan    nan  11.375     nan                            Gaia_DR3     -85.595      34.784     -79.254       0.192      42.897       0.184
Gaia DR3 1298708710568239872 245.9744884  22.9205753 14.468  2.861       2.774  13.2840  11.5796   -36.24   -22.73     3.28   19.985  nan      nan    nan   1.139     nan                            Gaia_DR3     -15.071      52.482     -15.039       0.017      40.797       0.020
Gaia DR3 1260418767885424896 212.5359606  28.1655429 13.690  2.656       2.528  17.3406  14.1122   -27.64   -10.72    28.10   22.358  nan      nan    nan   1.112     nan                            Gaia_DR3    -113.433      55.623    -125.077       0.017      53.093       0.015
Gaia DR3 1213041705198111232 226.1818829  19.8422260 13.574  2.472       2.326   9.2842  14.2702   -33.60    -5.81     1.34   17.018  nan      nan    nan   1.173     nan                            Gaia_DR3     -58.551      33.413     -51.074       0.017      37.118       0.016
Gaia DR3 1263388578856479744 227.5240455  23.0042322 20.109  3.208       2.937   6.0299  14.5117   -33.38      nan      nan   16.476  nan      nan    nan   1.174     nan                                None     -53.838      39.245     -48.030       0.539      47.630       0.596
Gaia DR3 1284665438819288320 215.2515824  28.9496870 13.013  2.321       2.480  14.9552  15.7003   -28.44   -53.28     0.87   27.890  nan      nan    nan   1.018     nan                            Gaia_DR3    -132.995      74.753    -136.305       0.016      88.955       0.015
Gaia DR3 1236882450182507392 223.5225237  18.7757062 14.090  2.710       2.475  11.6731  15.9981   -33.01   -28.51     2.05   16.903  nan      nan    nan   1.184     nan                            Gaia_DR3     -63.842      30.039     -71.774       0.021      26.187       0.021
Gaia DR3 1398735062917215872 239.5847230  46.6084408 18.091  4.334       1.200  20.1239  16.4641   -27.75      nan      nan   21.332  nan      nan    nan   1.723     nan                                None     -35.134     114.750     -39.469       0.197     117.962       0.210
Gaia DR3 1205156587624090368 241.7992663  21.0757931 18.525  4.355       2.491  10.8198  17.4358   -36.29      nan      nan   16.264  nan      nan    nan   0.963     nan                                None     -21.782      38.239     -24.708       0.156      46.263       0.151
Gaia DR3 4426956936704039040 239.1524439   6.6219794 14.967  3.060       2.593  21.7840  17.6288   -37.59   -19.13     5.86   21.991  nan      nan    nan   1.105     nan                            Gaia_DR3     -37.534       7.871     -28.600       0.029      15.914       0.024
Gaia DR3 1173206845600089088 221.9744511   7.4265239 13.910  2.745       1.635  22.1382  17.9868   -33.53   -13.87     2.10   24.100  nan      nan    nan   1.186     nan                            Gaia_DR3     -95.658       8.638     -88.534       0.022       4.363       0.021
Gaia DR3 4452506425838294656 246.1326390   9.4160607 14.754  2.993       0.641  22.2823  18.0470   -38.16   -27.39     4.53   21.874  nan      nan    nan   2.891     nan                            Gaia_DR3     -16.009      16.808     -15.004       0.074      19.589       0.064
Gaia DR3 1592182932549815936 225.6064725  49.2855247 11.217  1.730       1.848  22.4935  18.4728   -24.58    -9.31     0.45   21.101  nan      nan    nan   0.896     nan                            Gaia_DR3     -74.149     109.034     -72.070       0.011     101.083       0.015
Gaia DR3 4439938183299833728 245.4609867   7.7339795 14.829  3.090       2.151  23.3365  19.2151   -38.21   -15.48     2.89   25.487  nan      nan    nan   1.068     nan                            Gaia_DR3     -21.062      13.522     -12.722       0.026       5.522       0.021
Gaia DR3 4426054581256895104 238.3332233   4.2532907  7.914  0.784       2.181  23.8529  19.3468   -37.51   -22.07     0.14   21.682  nan      nan    nan   1.320     nan                            Gaia_DR3     -39.458       0.608     -34.257       0.029       9.110       0.029
Gaia DR3 4460754927708689792 247.3641490  13.8189450 15.899  3.293       0.944  19.6264  19.5404   -37.83      nan      nan   17.876  nan      nan    nan   1.017     nan                                None      -9.981      24.802     -10.608       0.031      21.299       0.029
Gaia DR3 4421939968223444096 229.3555091   3.1599026 14.954  3.122       0.769  24.3463  19.7696   -35.70      nan      nan   25.050  nan      nan    nan   1.083     nan                                None     -75.883      -3.606     -72.370       0.034      -1.567       0.034
Gaia DR3 1225075997402563840 213.4189702  10.2362358 10.624  1.741       2.708  24.5691  19.8793   -30.29   -35.19     0.24   24.869  nan      nan    nan   1.208     nan                            Gaia_DR3    -123.735      14.570    -135.467       0.017       6.578       0.014
Gaia DR3 1297580126305098624 247.6536803  21.7324855 17.616  3.970       2.055  15.1834  20.1212   -36.58      nan      nan   16.254  nan      nan    nan   1.018     nan                                None      -8.411      40.211      -1.715       0.087      42.387       0.092
Gaia DR3 1296837651014837376 224.2506484  40.2683970 16.031  3.239       2.194  14.4581  20.5916   -27.80      nan      nan   15.952  nan      nan    nan   1.052     nan                                None     -58.792      67.567     -65.294       0.032      64.079       0.036
Gaia DR3 4453033950901398144 243.0575020   9.1399098 11.393  1.399       0.568  20.9384  20.7380   -37.94   -23.26     1.04   17.793  nan      nan    nan   1.805     nan                            Gaia_DR3     -20.704      12.838     -19.005       0.038      11.552       0.029
Gaia DR3 4453033950900697728 243.0573154   9.1408760  8.103  0.733       2.362  20.9375  20.7429   -37.94   -22.20     0.14   17.790  nan      nan    nan   0.980     nan                            Gaia_DR3     -20.701      12.838     -26.645       0.023       6.271       0.021
Gaia DR3 1276298808169100544 227.3334715  30.6615907 16.311  3.074       2.032   5.3382  20.9640   -31.53      nan      nan   14.790  nan      nan    nan   1.019     nan                                None     -48.693      48.707     -42.508       0.028      47.334       0.035
Gaia DR3 4424734377024704896 235.7267154   4.1028670 17.217    nan       1.591  23.5097  21.7243   -37.08      nan      nan   18.468  nan      nan    nan   1.695     nan                                None     -40.204       0.014     -39.992       0.509      -6.177       0.549
Gaia DR3 4411818207778590976 241.9030947   2.0880208 16.369  3.607       1.001  26.9490  21.7746   -37.95      nan      nan   21.764  nan      nan    nan   1.005     nan                                None     -28.834      -5.819     -25.811       0.070      -2.362       0.064
Gaia DR3 1390794252502738816 231.3350967  41.4277604 17.309  3.644       1.832  14.0819  23.0056   -28.81      nan      nan   15.193  nan      nan    nan   1.021     nan                                None     -42.054      70.161     -36.230       0.077      70.866       0.103
Gaia DR3 1512304026971096832 210.1803660  51.1232335 14.817  3.046       2.745  28.9775  23.0772   -20.21   -18.36     2.31   22.713  nan      nan    nan   1.179     nan                            Gaia_DR3    -121.028      99.901    -115.209       0.019      88.116       0.028
Gaia DR3 1463651535091800832 199.7903865  32.5364806 16.080  3.764       1.607  28.3854  23.2414   -21.57      nan      nan   27.930  nan      nan    nan   1.016     nan                                None    -177.119      62.543    -178.122       0.044      71.949       0.041
Gaia DR3 3668604010174802944 215.8709250   4.1715456 13.339  2.527       2.899  27.8995  23.4346   -31.39   -20.43     5.13   20.205  nan      nan    nan   1.331     nan                            Gaia_DR3     -94.911      -1.564     -84.373       0.021      -7.997       0.016
Gaia DR3 1599384317099187712 230.9530890  53.5004657 11.927  2.384       1.862  26.1539  23.4846   -23.54    -9.59     0.51   31.556  nan      nan    nan   1.359     nan                            Gaia_DR3     -88.943     182.136     -93.697       0.018     170.696       0.022
Gaia DR3 1254294728636959488 216.9211781  22.5642802 11.972  1.866       1.155  14.5877  23.5303   -30.28    -9.10     0.79   15.132  nan      nan    nan  19.688     nan                            Gaia_DR3     -69.238      30.998     -65.934       0.229      29.367       0.297
Gaia DR3 1306796610726014208 255.7154175  27.2770053 14.773  2.644       2.856  20.9211  23.7932   -35.24      nan      nan   16.406  nan      nan    nan   2.384     nan                                None      10.192      52.572      17.670       0.162      59.024       0.223
Gaia DR3 3653516301164888960 217.9117437   0.7920172 10.758  1.673       2.250  29.8671  24.3146   -32.09   -13.08     0.52   21.267  nan      nan    nan   1.082     nan                            Gaia_DR3     -94.839      -9.897    -100.738       0.018     -18.080       0.018
Gaia DR3 1506214145599317376 212.1310122  46.4268253 15.701  3.121       0.735  24.7395  24.7156   -22.43   -19.41     5.76   17.311  nan      nan    nan   1.178     nan                            Gaia_DR3     -88.595      72.072     -90.346       0.031      70.039       0.037
Gaia DR3 4385937696925019264 251.7591665   3.4200705 14.820 -0.133       2.178  30.4064  24.7394   -38.49      nan      nan   21.274  nan      nan    nan   1.171     nan                                None       1.331      -1.589      -6.424       0.038       4.353       0.033
Gaia DR3 1239997229187606656 214.2450231  19.6540299 13.198  2.262       2.434  18.0962  24.7908   -29.74   -15.48     0.77   15.397  nan      nan    nan   1.097     nan                            Gaia_DR3     -75.182      25.365     -68.152       0.012      21.763       0.013
Gaia DR3 4411632115434536576 240.7408644   0.9869877 14.512  2.802       1.061  27.6364  24.9808   -37.79   -15.97     3.53   18.571  nan      nan    nan   1.155     nan                            Gaia_DR3     -27.608      -7.831     -24.523       0.024      -5.048       0.020
Gaia DR3 4394490832237094144 257.0175713   6.7524996 17.935  1.033       2.290  31.3373  25.5914   -38.25      nan      nan   21.083  nan      nan    nan   0.996     nan                                None      16.964       8.278      10.337       0.113       0.553       0.093
Gaia DR3 4399125995303365376 237.7298076  -4.7362760 13.432  2.564       2.643  32.5495  25.7505   -36.98   -52.34     1.11   22.865  nan      nan    nan   1.198     nan                            Gaia_DR3     -43.508     -27.600     -48.796       0.018     -39.191       0.014
Gaia DR3 1562271818226778624 205.4526463  55.1799262 20.071  3.288       2.045  33.8567  26.3730   -17.44      nan      nan   25.868  nan      nan    nan   1.029     nan                                None    -150.377     111.528    -139.498       0.488     113.990       0.512
Gaia DR3 4431561176003844224 247.2912344   0.2510476  8.076  0.782       0.974  30.7696  26.7136   -38.31    -7.25     0.13   19.248  nan      nan    nan   1.070     nan                            Gaia_DR3     -10.945     -10.076     -14.732       0.025     -11.200       0.020
Gaia DR3 4455900751373434880 240.0430255  10.4572835 18.231  4.195       0.756  18.4711  26.8165   -37.51      nan      nan   14.899  nan      nan    nan   0.954     nan                                None     -23.592      13.292     -23.363       0.157      15.656       0.129
Gaia DR3 1400977688681159424 233.0099754  46.4329662 15.006  2.593       2.285  19.0845  26.9393   -27.04    14.80     4.55   14.976  nan      nan    nan   1.108     nan                            Gaia_DR3     -38.101      77.675     -44.985       0.021      79.827       0.027
Gaia DR3 4431561588320703232 247.3094640   0.2576096  9.628  1.168       2.153  30.7720  26.9895   -38.32    -6.11     0.19   19.016  nan      nan    nan   3.189     nan                            Gaia_DR3     -10.764      -9.937      -4.463       0.053     -15.835       0.043
Gaia DR3 1162705684922028800 232.5462246   7.0368444 12.964  2.330       2.682  20.3280  27.1847   -36.41   -12.89     0.85   15.145  nan      nan    nan   7.539     nan                            Gaia_DR3     -39.475       5.829     -37.443       0.121      14.147       0.097
Gaia DR3 1350943175108801408 268.8120874  46.8192151 13.795  2.916       2.608  34.6596  27.2444   -26.99      nan      nan   23.169  nan      nan    nan   1.372     nan                                None      56.420     121.658      50.201       0.021     132.773       0.022
Gaia DR3 3641954837614817536 218.2949524  -4.7836883 11.010  1.798       1.352  34.8129  27.3475   -31.86   -39.73     0.29   23.207  nan      nan    nan   1.154     nan                            Gaia_DR3    -102.439     -26.069     -97.233       0.021     -21.990       0.020
Gaia DR3 4541749725918229632 258.8548359  13.4763651 12.695  2.289       2.538  28.5335  27.6522   -37.64   -29.49     1.62   17.391  nan      nan    nan   8.690     nan                            Gaia_DR3      18.480      23.092      27.612       0.120      24.880       0.115
Gaia DR3 1200315957619258880 244.6406101  17.6254036 14.525  2.503       0.340  15.0920  27.7726   -37.15   -33.29     1.75   14.168  nan      nan    nan   1.130     nan                            Gaia_DR3     -13.342      26.966     -14.304       0.019      26.644       0.018
Gaia DR3 4541749730213337856 258.8546828  13.4762183 13.351    nan       0.806  28.5335  27.8987   -37.64   -37.63     4.32   17.263  nan      nan    nan   2.658     nan                            Gaia_DR3      18.344      22.922      20.747       0.350      24.606       0.544
Gaia DR3 4579178927092945152 272.2448769  24.1586420  7.283  0.808       2.354  36.1153  27.9686   -33.81    -7.76     0.15   27.638  nan      nan    nan   1.663     nan                            Gaia_DR3      79.965      71.482      87.087       0.021      83.202       0.028
Gaia DR3 4579178858373457152 272.2584139  24.1515712 11.647  2.109       2.700  36.1289  27.9864   -33.81    -8.11     0.25   27.732  nan      nan    nan   1.399     nan                            Gaia_DR3      80.287      71.694      77.067       0.013      87.146       0.018
Gaia DR3 1599270384502442752 229.1543386  53.9304465 13.963  3.180       1.468  26.6597  28.5971   -23.08   -20.72     3.49   43.219  nan      nan    nan   1.406     nan                            Gaia_DR3    -132.058     247.837    -145.274       0.023     249.911       0.023
Gaia DR3 1523469571848025728 195.3779614  38.3184475 17.152  3.788       0.883  32.5153  28.7387   -18.52      nan      nan   18.769  nan      nan    nan   0.992     nan                                None    -125.949      44.565    -125.270       0.068      47.992       0.075
Gaia DR3 4367890618008483968 256.8554679  -1.6360586 19.227  3.783       0.581  37.5076  28.8300   -38.13      nan      nan   25.977  nan      nan    nan   1.068     nan                                None      20.309     -20.492      21.671       0.342     -23.367       0.229
Gaia DR3 1460925227291566080 197.2056648  28.2303960 19.473  3.612       2.598  30.8017  29.0578   -21.09      nan      nan   17.642  nan      nan    nan   1.184     nan                                None    -115.770      30.937    -106.984       0.313      34.959       0.235
Gaia DR3 3737068056616194688 196.6053871  12.2079708 15.691  3.691       1.100  36.5214  29.3286   -22.24     0.01     4.41   21.638  nan      nan    nan   1.289     nan                            Gaia_DR3    -143.064       9.591    -147.372       0.075      12.161       0.076
Gaia DR3 6331268401214695936 217.7344319  -7.1206427 16.926  3.772       2.412  37.1908  29.6192   -31.41      nan      nan   22.036  nan      nan    nan   0.935     nan                                None     -98.731     -30.654    -108.787       0.128     -25.717       0.111
Gaia DR3 1210580792016490880 232.3906916  19.5534503 14.303  2.651       2.847   7.8112  29.6302   -35.11   -11.67     3.34   13.191  nan      nan    nan   1.155     nan                            Gaia_DR3     -34.656      26.880     -31.302       0.021      19.707       0.023
Gaia DR3 1329185592342262528 246.2128036  35.0344347 16.179  3.337       1.231  14.2578  29.9290   -32.84      nan      nan   13.618  nan      nan    nan   6.973     nan                                None      -9.813      56.840      -7.250       0.424      54.405       0.523
