GaiaDR3                               RA         DEC   Gmag  Bp-Rp  Voff(km/s) Sep(deg)   3D(pc) Vr(pred)  Vr(obs)    Vrerr Plx(mas)  SpT    FnuvJ  W1-W3    RUWE  XCrate                               RVsrc    PMRApred   PMDecpred        PMRA     PMRAerr       PMDec    PMDecerr
Gaia DR3 1716345832872291968 194.7395908  77.6617201 14.140  2.475       0.000   0.0000   0.0000   -18.62   -18.62     2.24   17.283  nan      nan    nan   1.141     nan                            Gaia_DR3     -36.035      31.408     -36.035       0.021      31.408       0.018
Gaia DR3 1716417094969787904 191.9403280  77.7663546 15.304  2.855       0.385   0.6047   6.8638   -18.50      nan      nan   15.457  nan      nan    nan   1.069     nan                                None     -34.164      26.616     -34.986       0.029      25.669       0.029
Gaia DR3 1692661733934412160 184.4689613  75.7183375 15.490  2.894       2.598   3.0536   8.1919   -18.42    -6.92     4.73   15.298  nan      nan    nan   1.038     nan                            Gaia_DR3     -38.517      19.614     -44.418       0.030      13.667       0.032
Gaia DR3 1074605872636605440 169.4147137  71.4295857 16.246  3.219       2.876   9.0504  10.3456   -17.72      nan      nan   16.114  nan      nan    nan   1.115     nan                                None     -48.390       4.778     -56.583       0.046      -0.546       0.047
Gaia DR3 1687799521717628032 199.0950236  71.4717687 14.409  2.792       2.188   6.2933  10.3823   -19.67   -19.56     3.07   20.287  nan      nan    nan   1.155     nan                            Gaia_DR3     -38.149      30.961     -29.244       0.021      28.085       0.020
Gaia DR3 1126832434438469632 153.4328047  75.1947986 16.323  3.234       2.202   9.7733  10.3963   -16.52      nan      nan   16.548  nan      nan    nan   0.971     nan                                None     -54.479      -5.180     -54.154       0.059     -12.856       0.066
Gaia DR3 1723959641656055808 244.6829098  84.2913448 20.080  3.055       2.075   9.6887  10.6504   -17.81      nan      nan   18.967  nan      nan    nan   1.129     nan                                None      12.507      55.370       6.590       0.755      49.552       0.562
Gaia DR3 1074561681717471232 170.4165858  71.4180979 18.902  3.880       1.634   8.8761  11.7392   -17.80      nan      nan   15.434  nan      nan    nan   1.009     nan                                None     -45.946       5.330     -40.706       0.216       4.425       0.281
Gaia DR3 1139142841501702400 119.9006599  79.3493292 14.434  2.611       0.513  13.9748  14.0569   -14.90   -24.58     2.28   18.309  nan      nan    nan   1.164     nan                            Gaia_DR3     -56.189     -35.578     -58.006       0.017     -34.789       0.020
Gaia DR3 1676193794240677632 196.9719912  62.9831836  8.349  0.810       1.614  14.6952  16.3006   -20.37    -8.41     0.15   20.459  nan      nan    nan   1.065     nan                            Gaia_DR3     -40.541      17.048     -36.850       0.017      11.149       0.019
Gaia DR3 1676193588077140224 196.9749732  62.9840171 15.657  2.349       1.182  14.6944  16.3316   -20.37      nan      nan   20.489  nan      nan    nan   0.992     nan                                None     -40.599      17.077     -39.455       0.062      12.100       0.069
Gaia DR3 1142213880556340480 104.4882848  80.8849481 18.947  3.862       2.059  15.3301  16.5659   -14.57      nan      nan   16.087  nan      nan    nan   1.047     nan                                None     -41.915     -42.091     -43.862       0.200     -35.386       0.266
Gaia DR3 1712044955701007360 211.7899391  74.9273855 11.914  1.711       2.760   4.8502  17.4782   -19.62   -14.47     0.66   13.435  nan      nan    nan   2.509     nan                            Gaia_DR3     -16.481      28.310     -22.201       0.031      33.640       0.027
Gaia DR3 1641284849807400064 234.2515064  64.4400854  9.137  0.944       2.227  17.7444  17.9282   -21.59      nan      nan   17.141  nan      nan    nan  11.957     nan                                None       0.941      26.201       7.011       0.327      31.487       0.410
Gaia DR3 1616696028895625344 230.7625778  62.5910868 14.888  2.832       2.592  18.7738  18.9839   -21.80   -15.89     4.05   19.572  nan      nan    nan   1.124     nan                            Gaia_DR3      -2.910      26.976       7.519       0.021      29.336       0.023
Gaia DR3 1069346839801673984 138.7669458  67.5576073 14.336  2.785       2.185  18.4565  19.7962   -14.63    31.92     1.82   21.106  nan      nan    nan   1.247     nan                            Gaia_DR3     -70.361     -32.956     -66.449       0.017     -41.856       0.023
Gaia DR3 1066095824436734464 155.3287327  66.6876535 14.310  2.880       1.301  15.7438  19.9653   -16.32    -5.94     4.46   23.064  nan      nan    nan   1.030     nan                            Gaia_DR3     -75.441     -16.729     -81.766       0.040     -16.572       0.042
Gaia DR3 1136124956961520768 112.2620080  74.6336288 16.490  3.288       2.202  18.3060  20.6444   -13.60      nan      nan   15.450  nan      nan    nan   1.020     nan                                None     -44.264     -39.814     -48.109       0.041     -45.869       0.046
Gaia DR3 1124680552743998720 141.6374785  76.0415358  9.159  0.860       2.320  11.7620  21.1616   -15.75     0.58     0.15   13.474  nan      nan    nan   0.886     nan                            Gaia_DR3     -45.041     -12.486     -50.795       0.011      -9.276       0.012
Gaia DR3 1713833586241762816 216.8049544  76.6063924 13.819  2.295       2.025   4.9932  22.2659   -19.42     9.86     1.65   12.605  nan      nan    nan   1.068     nan                            Gaia_DR3     -11.977      29.249     -14.044       0.015      34.215       0.013
 Gaia DR3 566120330777494144  17.5345499  81.0581852 17.663  3.890       0.439  21.2739  22.4393   -14.15      nan      nan   16.170  nan      nan    nan   1.000     nan                                None      31.614     -52.007      30.417       0.126     -51.110       0.129
 Gaia DR3 854244088660543616 162.8783991  57.5775907 14.126  2.931       1.135  22.7905  22.5006   -16.65     0.95     2.29   18.076  nan      nan    nan  18.250     nan                            Gaia_DR3     -56.957     -16.333     -60.365       0.201     -18.993       0.232
Gaia DR3 1126991172133962880 158.9481247  76.1400623 15.256  3.021       2.436   8.1175  23.5375   -16.90      nan      nan   12.601  nan      nan    nan   5.597     nan                                None     -40.582       0.618     -46.614       0.152       2.964       0.197
Gaia DR3 1656418978824924288 257.8556251  75.2026935 14.859  2.691       2.501  14.2613  23.7767   -19.49    27.17     6.64   13.314  nan      nan    nan   1.206     nan                            Gaia_DR3      18.496      27.431      24.209       0.028      31.507       0.027
Gaia DR3 1607673333398399360 221.1564108  56.4094020 16.511  3.611       2.916  23.1252  24.0755   -22.19      nan      nan   22.094  nan      nan    nan   1.136     nan                                None     -15.556      18.013     -29.127       0.046      18.609       0.057
Gaia DR3 1149993440719276032  98.5951347  84.6253740 17.277  3.581       2.757  13.9597  24.5384   -15.23      nan      nan   13.100  nan      nan    nan   0.887     nan                                None     -31.132     -34.920     -23.596       0.098     -36.005       0.101
 Gaia DR3 845177687575929344 179.6991008  57.3857116 15.378  2.729       2.369  20.9186  24.6635   -18.84    -6.92     4.05   14.810  nan      nan    nan   1.023     nan                            Gaia_DR3     -39.872      -2.779     -39.855       0.025       4.616       0.027
 Gaia DR3 570586061676259456  74.1168512  83.8405859 11.938  1.645       0.504  16.3449  25.3753   -14.66   -18.12     0.59   13.336  nan      nan    nan   1.073     nan                            Gaia_DR3     -15.842     -46.384     -15.205       0.014     -45.120       0.014
Gaia DR3 1142900250690159104  99.1920542  80.7204961 16.416  3.058       2.222  16.0982  25.5353   -14.35      nan      nan   13.252  nan      nan    nan   1.043     nan                                None     -31.816     -37.818     -25.753       0.041     -36.486       0.049
Gaia DR3 2294803882408522240 290.9435893  79.7437750 11.114  2.037       0.477  16.8273  25.7093   -17.60   -12.95     0.35   27.870  nan      nan    nan   1.043     nan                            Gaia_DR3      78.724      31.985      81.239       0.020      33.220       0.018
Gaia DR3 2294803603233537664 291.0652478  79.7270300 10.895  1.954       0.559  16.8546  25.7261   -17.59   -12.58     0.34   27.876  nan      nan    nan   1.105     nan                            Gaia_DR3      78.846      31.797      82.110       0.015      32.192       0.015
 Gaia DR3 569345026583048832  51.7378852  82.7363674 14.536  3.047       2.563  18.6507  25.7771   -14.21    -4.13     3.63   27.117  nan      nan    nan   3.236     nan                            Gaia_DR3       2.489    -101.748      16.970       0.063     -99.535       0.066
Gaia DR3 1122235238883725952 133.1660934  72.9073927 15.423  2.972       1.240  15.4955  26.0013   -14.81     9.73     7.14   13.044  nan      nan    nan   1.811     nan                            Gaia_DR3     -42.939     -20.565     -41.249       0.042     -17.603       0.053
 Gaia DR3 547825694242685184  47.9846887  74.3932725  4.813  0.072       2.370  26.7719  26.0738   -11.50      nan      nan   19.641  nan      nan    nan   0.901     nan                                None       6.097     -81.212      14.158       0.065     -86.811       0.072
Gaia DR3 1560376187166459648 202.9740506  53.1595603 17.937  4.110       2.564  24.6840  26.1477   -21.29      nan      nan   15.983  nan      nan    nan   1.140     nan                                None     -26.997       3.870     -35.614       0.107       3.238       0.111
Gaia DR3 1578634647193352832 195.4506565  58.6845759 20.780  2.569       0.316  18.9787  26.2800   -20.47      nan      nan   13.687  nan      nan    nan   1.070     nan                                None     -28.092       6.340     -27.246       1.602       6.683       1.138
Gaia DR3 1556864591841440896 198.4099572  50.8997502 15.783  3.261       1.388  26.7971  26.3073   -20.89      nan      nan   20.729  nan      nan    nan   1.139     nan                                None     -39.663      -0.965     -35.021       0.033      -4.870       0.037
Gaia DR3 2251039952368133760 296.8094079  69.4489589 15.014  2.736       2.491  25.9668  26.7406   -17.79   -13.39     8.01   16.508  nan      nan    nan   1.076     nan                            Gaia_DR3      49.405       3.081      52.139       0.026      -5.147       0.031
Gaia DR3 1566571595887007744 197.7888418  57.7495049 15.389  2.824       2.296  19.9394  26.9280   -20.71    -9.25     7.64   13.752  nan      nan    nan   1.087     nan                            Gaia_DR3     -26.721       6.348     -24.618       0.027      12.663       0.032
Gaia DR3 1021452731770726016 145.5390412  54.7867043 14.854 -0.181       2.671  28.5200  27.6310   -13.71      nan      nan   19.488  nan      nan    nan  15.493     nan                                None     -65.121     -36.683     -65.622       0.312     -25.723       0.307
 Gaia DR3 843796907130286592 166.7945698  54.9076285 13.849  2.527       1.163  24.7902  27.9359   -17.01   -30.38     0.88   15.065  nan      nan    nan   4.502     nan                            Gaia_DR3     -46.207     -13.442     -49.071       0.043     -11.109       0.049
Gaia DR3 1436384952392239616 265.5179202  61.4381024 15.144  3.149       2.949  26.9187  27.9948   -20.77      nan      nan   16.269  nan      nan    nan   1.665     nan                                None      28.998      13.607      27.727       0.049      23.640       0.043
Gaia DR3 1021963317482930944 148.3262521  56.1245780 15.155  2.861       1.269  26.7229  28.1234   -14.35     9.17     7.61   16.037  nan      nan    nan   1.100     nan                            Gaia_DR3     -53.426     -26.935     -49.747       0.024     -24.727       0.029
Gaia DR3 1557427954111868672 194.9463982  50.9543000 14.311  2.353       2.176  26.7075  28.3672   -20.53     7.31     1.96   15.868  nan      nan    nan   1.092     nan                            Gaia_DR3     -32.935      -2.158     -40.168       0.014      -2.971       0.015
 Gaia DR3 556394841192307328  75.0235716  79.8025696 15.756  3.484       2.130  19.4867  28.4224   -13.48      nan      nan   29.688  nan      nan    nan   1.040     nan                                None     -36.730    -108.906     -34.562       0.029     -95.754       0.038
Gaia DR3 1084642214775522816 118.0531334  60.7751064 14.305  2.698       2.382  28.7677  28.4742   -10.96    -1.28     1.80   17.647  nan      nan    nan   1.117     nan                            Gaia_DR3     -53.374     -51.690     -45.671       0.017     -56.071       0.016
Gaia DR3 1704859097458170496 257.5087657  76.8572758 10.105  1.003       1.781  13.2080  28.8491   -19.21    -7.74     0.19   12.199  nan      nan    nan   0.953     nan                            Gaia_DR3      16.722      26.671      20.879       0.013      28.597       0.015
Gaia DR3 1700143837546216832 224.9276213  73.0786578 12.439  1.804       1.570   8.7477  28.9944   -20.21   -10.40     1.19   11.790  nan      nan    nan   2.103     nan                            Gaia_DR3      -5.748      25.484      -4.556       0.032      21.768       0.026
Gaia DR3 1082728205549348736 118.9455963  58.8445844 13.449  2.572       1.576  30.3299  29.4215   -10.61     2.96     5.27   18.730  nan      nan    nan   1.108     nan                            Gaia_DR3     -57.059     -55.533     -55.096       0.012     -49.630       0.013
Gaia DR3 2242375074890952704 295.4297587  64.3194557 19.189  3.529       2.934  30.3186  29.6010   -17.95      nan      nan   18.265  nan      nan    nan   1.085     nan                                None      53.992      -1.555      54.668       0.354       9.724       0.278
Gaia DR3 1050030963121990912 150.1460381  60.0923588 17.574  3.685       2.652  22.6791  29.9071   -15.11      nan      nan   13.642  nan      nan    nan   0.949     nan                                None     -45.296     -18.751     -47.180       0.094     -11.362       0.212
Gaia DR3 1147712984883521792 141.7460567  84.8050301 17.634  3.641       1.270  10.0893  29.9928   -16.24      nan      nan   11.738  nan      nan    nan   1.044     nan                                None     -39.239      -4.733     -42.346       0.111      -4.259       0.101
