GaiaDR3                               RA         DEC   Gmag  Bp-Rp  Voff(km/s) Sep(deg)   3D(pc) Vr(pred)  Vr(obs)    Vrerr Plx(mas)  SpT    FnuvJ  W1-W3    RUWE  XCrate                               RVsrc    PMRApred   PMDecpred        PMRA     PMRAerr       PMDec    PMDecerr
Gaia DR3 2556248536102683008  11.2983672   6.4815882 12.018  0.803       0.000   0.0000   0.0000    -6.78    -6.78     0.65    2.601  nan      nan    nan   1.304     nan                            Gaia_DR3      -4.218       2.818      -4.218       0.025       2.818       0.021
Gaia DR3 2556124536102365184  11.0166130   6.0239257 15.905  1.875       3.335   0.5366   4.3636    -6.78      nan      nan    2.584  nan      nan    nan   1.027     nan                                None      -4.211       2.768      -2.542       0.060       3.488       0.051
Gaia DR3 2556660268847346688  11.7348808   6.9146819 20.041  2.734       4.340   0.6128   7.2484    -6.80      nan      nan    2.561  nan      nan    nan   1.047     nan                                None      -4.124       2.806      -2.083       0.712       1.654       0.692
Gaia DR3 2556633094589867008  13.2509061   7.5841746 17.363  2.295       1.653   2.2295  15.5284    -6.93      nan      nan    2.631  nan      nan    nan   1.017     nan                                None      -4.127       2.942      -4.462       0.126       3.795       0.088
Gaia DR3 2557401515778277376   9.9968444   7.8491680 19.348  2.702       4.673   1.8809  15.6101    -6.48      nan      nan    2.666  nan      nan    nan   1.022     nan                                None      -4.416       2.965      -4.579       0.434       0.344       0.303
Gaia DR3 2554118374058280832   9.9126356   3.8692053 16.009  1.868       4.625   2.9545  21.5714    -6.82      nan      nan    2.663  nan      nan    nan   0.991     nan                                None      -4.418       2.702      -5.495       0.060       0.339       0.045
Gaia DR3 2550839694808532992  11.2186434   3.2164095 17.667  2.729       3.743   3.2661  22.8945    -7.05      nan      nan    2.561  nan      nan    nan   0.980     nan                                None      -4.159       2.561      -2.162       0.140       2.253       0.124
Gaia DR3 2557727589695889280  11.6149518   8.6530144 15.985  1.940       3.969   2.1940  25.0770    -6.62      nan      nan    2.748  nan      nan    nan   1.032     nan                                None      -4.433       3.128      -5.771       0.058       1.258       0.052
Gaia DR3 2557758646603808896  12.0323103   8.8900965 19.234  3.286       4.334   2.5159  26.0189    -6.65      nan      nan    2.476  nan      nan    nan   1.017     nan                                None      -3.966       2.837      -6.013       0.375       1.875       0.299
Gaia DR3 2549999122464424704  12.2716436   2.6946823 14.439  1.221       3.267   3.9092  26.2176    -7.23    29.40     4.24    2.603  nan      nan    nan   1.016     nan                            Gaia_DR3      -4.153       2.572      -4.465       0.030       0.806       0.028
Gaia DR3 2555273582822173440   8.7785070   5.3388173 15.477  1.721       3.669   2.7546  27.9130    -6.53      nan      nan    2.754  nan      nan    nan   0.985     nan                                None      -4.649       2.886      -2.520       0.041       2.945       0.031
Gaia DR3 2552175193414653056  15.0050659   4.6691685 16.584  1.922       4.795   4.1102  28.7323    -7.42      nan      nan    2.664  nan      nan    nan   1.078     nan                                None      -4.046       2.787      -5.946       0.077       4.695       0.054
Gaia DR3 2581701272508405120  12.9448161   8.7181344 12.208  0.807       4.867   2.7686  28.9789    -6.79   -20.56     6.15    2.461  nan      nan    nan   0.990     nan                            Gaia_DR3      -3.881       2.819      -5.544       0.020       0.918       0.014
Gaia DR3 2550637144150958720  10.4098905   3.0915731 18.057  2.378       3.586   3.5037  29.4341    -6.95      nan      nan    2.491  nan      nan    nan   1.010     nan                                None      -4.099       2.480      -4.138       0.213       4.362       0.168
Gaia DR3 2549920885340144512  12.3970971   2.2564930 16.189  2.007       1.582   4.3648  29.5465    -7.28      nan      nan    2.637  nan      nan    nan   1.016     nan                                None      -4.197       2.574      -5.044       0.076       2.813       0.058
Gaia DR3 2553105655129540864  13.7830442   5.6280806 16.040  2.162       4.190   2.6141  29.8055    -7.18      nan      nan    2.778  nan      nan    nan   1.447     nan                                None      -4.315       2.969      -3.832       0.091       0.563       0.054
Gaia DR3 2555786127039352320   8.4301854   7.0070586 13.653  1.008       1.640   2.8964  30.3053    -6.34   -17.04     3.14    2.456  nan      nan    nan   1.232     nan                            Gaia_DR3      -4.167       2.668      -3.469       0.027       3.151       0.020
Gaia DR3 2555484409881761920   9.1490702   6.2288682 19.327  2.802       2.611   2.1510  31.0443    -6.51      nan      nan    2.803  nan      nan    nan   1.056     nan                                None      -4.705       3.001      -6.164       0.399       2.498       0.314
Gaia DR3 2556670993382319232  12.0176697   7.1088121  9.916  1.092       2.247   0.9506  31.4902    -6.82   -10.23     0.29    2.828  nan      nan    nan   1.473     nan                            Gaia_DR3      -4.532       3.115      -3.704       0.033       2.062       0.029
Gaia DR3 2576434062055467520  15.5358076   5.9747801 16.926  2.217       4.178   4.2428  33.0712    -7.37      nan      nan    2.498  nan      nan    nan   1.084     nan                                None      -3.756       2.705      -3.113       0.119       0.601       0.070
Gaia DR3 2554730213624154880   7.3891091   4.2812724 17.589  2.349       2.141   4.4707  33.3567    -6.43      nan      nan    2.513  nan      nan    nan   1.104     nan                                None      -4.330       2.561      -3.661       0.157       1.645       0.102
Gaia DR3 2774630271436643584  10.3809495  11.2110080 18.231  2.462       3.937   4.8155  33.3613    -6.21      nan      nan    2.669  nan      nan    nan   0.923     nan                                None      -4.394       3.183      -2.196       0.168       3.457       0.128
Gaia DR3 2774598385599394816  10.3421321  10.9408736 18.750  2.532       4.061   4.5583  33.4184    -6.23      nan      nan    2.705  nan      nan    nan   1.009     nan                                None      -4.455       3.208      -6.770       0.328       3.273       0.240
Gaia DR3 2581828403540352640  12.5884077   9.5109458 16.111  1.918       4.333   3.2876  33.4742    -6.66      nan      nan    2.445  nan      nan    nan   1.045     nan                                None      -3.879       2.844      -3.311       0.068       0.685       0.053
Gaia DR3 2747337545272383488   6.3571001   5.4673139 16.961  2.500       1.258   5.0179  33.6777    -6.18      nan      nan    2.599  nan      nan    nan   1.036     nan                                None      -4.544       2.713      -5.124       0.101       2.340       0.068
Gaia DR3 2580977278461298816  13.3477415   8.7652342 16.288  1.832       1.712   3.0562  33.9500    -6.83      nan      nan    2.433  nan      nan    nan   1.002     nan                                None      -3.809       2.794      -4.630       0.073       2.482       0.052
Gaia DR3 2581913199079222912  13.0977304   9.5646847 19.305  2.523       1.312   3.5608  34.8699    -6.73      nan      nan    2.444  nan      nan    nan   0.983     nan                                None      -3.844       2.852      -3.452       0.356       2.301       0.271
Gaia DR3 2544525684862065536   8.5013730   2.1599807 11.869  0.683       0.522   5.1431  34.9222    -6.76    27.19     0.78    2.650  nan      nan    nan   0.942     nan                            Gaia_DR3      -4.493       2.570      -4.212       0.026       2.648       0.020
Gaia DR3 2747443957382146432   6.3489574   6.1006313 14.663  1.534       0.735   4.9343  35.0371    -6.12   -27.48     9.90    2.534  nan      nan    nan   1.214     nan                            Gaia_DR3      -4.432       2.682      -4.780       0.038       2.864       0.031
Gaia DR3 2554240827870169728   9.7964849   4.6070233 18.966  2.591       3.319   2.3976  35.2207    -6.74      nan      nan    2.407  nan      nan    nan   0.968     nan                                None      -3.999       2.485      -4.094       0.284       4.167       0.223
Gaia DR3 2749886277649182208   8.5602438   8.7332190 19.917  2.342       3.345   3.5263  35.2989    -6.20      nan      nan    2.439  nan      nan    nan   0.990     nan                                None      -4.131       2.748      -2.412       0.514       2.781       0.446
Gaia DR3 2748086072172824576   6.8807779   7.1550369 12.636  0.827       1.420   4.4377  35.5966    -6.11   -10.94     1.42    2.482  nan      nan    nan   1.143     nan                            Gaia_DR3      -4.309       2.691      -3.951       0.019       3.342       0.015
Gaia DR3 2550839694810097152  11.2178484   3.2161877 18.376  2.516       4.197   3.2664  35.9593    -7.05      nan      nan    2.425  nan      nan    nan   1.071     nan                                None      -3.938       2.425      -1.809       0.217       2.161       0.190
Gaia DR3 2774741738722963712  10.8690023  11.5817217 14.434  1.310       4.719   5.1177  36.0315    -6.24    -9.88     3.30    2.689  nan      nan    nan   0.994     nan                            Gaia_DR3      -4.392       3.237      -4.866       0.029       5.869       0.019
Gaia DR3 2774223039817226368  11.1504031   9.7421345 18.079  2.520       4.846   3.2638  36.0615    -6.45      nan      nan    2.424  nan      nan    nan   1.141     nan                                None      -3.941       2.818      -2.795       0.189       5.013       0.159
Gaia DR3 2774583473472917376  10.3220633  10.8352288 18.320  2.505       3.779   4.4593  36.3772    -6.24      nan      nan    2.758  nan      nan    nan   0.982     nan                                None      -4.545       3.264      -2.358       0.227       3.479       0.150
Gaia DR3 2747904102998249344   7.6696208   6.7035016 16.460  1.781       4.760   3.6116  36.7937    -6.26      nan      nan    2.809  nan      nan    nan   2.080     nan                                None      -4.821       3.024      -7.626       0.139       2.754       0.106
Gaia DR3 2775167623384964480  11.9273924  12.0471059 17.476  2.094       1.906   5.6000  37.7590    -6.33      nan      nan    2.643  nan      nan    nan   1.498     nan                                None      -4.241       3.226      -4.644       0.188       4.208       0.133
Gaia DR3 2552207968309585536  14.5183789   4.6585283 18.398  2.619       3.786   3.6869  38.6469    -7.36      nan      nan    2.825  nan      nan    nan   1.014     nan                                None      -4.330       2.951      -2.724       0.241       1.368       0.148
Gaia DR3 2549513619361312512  11.4029772   1.7082453  8.782  1.268       4.597   4.7745  39.1876    -7.19   -20.14     0.13    2.464  nan      nan    nan   0.925     nan                            Gaia_DR3      -3.990       2.368      -2.001       0.022       1.046       0.022
Gaia DR3 2551473906859336320  15.2871437   3.4401196 18.587  2.422       2.788   5.0038  39.7576    -7.56      nan      nan    2.473  nan      nan    nan   0.900     nan                                None      -3.736       2.504      -2.305       0.243       2.244       0.193
Gaia DR3 2581593314210503808  15.9377941  10.1396785 15.755  1.790       3.240   5.8693  39.8081    -7.02      nan      nan    2.658  nan      nan    nan   0.983     nan                                None      -3.965       3.175      -5.455       0.054       4.212       0.035
