GaiaDR3                               RA         DEC   Gmag  Bp-Rp  Voff(km/s) Sep(deg)   3D(pc) Vr(pred)  Vr(obs)    Vrerr Plx(mas)  SpT    FnuvJ  W1-W3    RUWE  XCrate                               RVsrc    PMRApred   PMDecpred        PMRA     PMRAerr       PMDec    PMDecerr
Gaia DR3 1695343683312903168 223.0926331  70.4765569 11.397  0.852       0.000   0.0000   0.0000   -94.88   -94.88     0.36    3.014  nan      nan    nan   0.940     nan                            Gaia_DR3     -19.046      -2.480     -19.046       0.015      -2.480       0.016
Gaia DR3 1694197408081704704 229.9500910  70.1022015 17.491  2.553       2.573   2.3416  13.7153   -96.00      nan      nan    3.036  nan      nan    nan   0.980     nan                                None     -16.902      -0.862     -16.436       0.102       0.718       0.094
Gaia DR3 1674121975024362880 215.9182884  70.1345848 20.119  2.555       2.231   2.4404  15.3607   -93.51      nan      nan    2.963  nan      nan    nan   1.111     nan                                None     -20.764      -5.120     -22.157       0.593      -5.108       0.508
Gaia DR3 1693600957383162112 226.4112566  68.0189166 15.820  1.989       1.985   2.7235  16.7204   -95.26      nan      nan    2.968  nan      nan    nan   1.029     nan                                None     -17.704      -4.007     -16.481       0.033      -4.220       0.032
Gaia DR3 1693978600971775872 228.9471679  68.7501155 18.058  2.580       2.854   2.6701  17.3836   -95.77      nan      nan    2.947  nan      nan    nan   1.064     nan                                None     -16.745      -2.515     -17.113       0.126      -0.781       0.122
Gaia DR3 1698343254112878208 218.8970836  71.7844260 16.923  2.224       1.372   1.8838  18.1149   -94.23      nan      nan    2.890  nan      nan    nan   0.997     nan                                None     -19.461      -2.369     -18.631       0.065      -2.472       0.067
Gaia DR3 1693978605267374720 228.9483714  68.7462875 12.780  0.881       2.306   2.6731  18.8033   -95.77   -35.32     1.53    2.923  nan      nan    nan   1.110     nan                            Gaia_DR3     -16.611      -2.498     -16.992       0.014      -1.129       0.014
Gaia DR3 1647322203732256128 234.1475696  69.1364443 14.054  1.225       1.564   4.0377  23.3906   -96.62   -29.62     2.63    3.011  nan      nan    nan   0.958     nan                            Gaia_DR3     -15.256      -0.786     -16.223       0.018      -0.562       0.019
Gaia DR3 1693925175874177920 228.0514867  68.3065957 12.141  0.748       1.898   2.7831  23.4424   -95.58   -13.32     0.94    2.870  nan      nan    nan   1.010     nan                            Gaia_DR3     -16.601      -3.137     -16.242       0.014      -4.229       0.015
Gaia DR3 1645601532458594816 230.1102317  67.3479184 19.245  2.944       2.109   4.0154  24.1737   -95.85      nan      nan    2.962  nan      nan    nan   1.001     nan                                None     -16.434      -3.680     -17.343       0.291      -2.727       0.288
Gaia DR3 1694948099644762496 223.0528645  70.1161382 13.633  1.038       2.958   0.3607  24.8475   -94.85   -16.25     2.36    2.805  nan      nan    nan   0.995     nan                            Gaia_DR3     -17.735      -2.672     -18.887       0.015      -1.356       0.014
Gaia DR3 1697995048228472576 217.9211694  70.7358870 18.279  2.567       1.711   1.7362  25.9109   -93.97      nan      nan    2.813  nan      nan    nan   1.093     nan                                None     -19.201      -3.636     -19.401       0.133      -2.641       0.143
Gaia DR3 1695907969000278784 229.6771080  70.5347674 18.036  2.561       0.793   2.1970  26.5906   -95.97      nan      nan    2.818  nan      nan    nan   1.007     nan                                None     -15.777      -0.440     -15.308       0.111      -0.397       0.114
Gaia DR3 1698812741282287232 218.9972403  72.5725986 19.281  2.795       2.646   2.4641  29.0143   -94.30      nan      nan    3.266  nan      nan    nan   1.037     nan                                None     -21.963      -1.748     -20.472       0.381      -2.794       0.323
Gaia DR3 1693984377703424768 228.6589990  68.9063174 16.428  2.660       0.729   2.4880  29.4455   -95.73      nan      nan    3.271  nan      nan    nan   1.011     nan                                None     -18.692      -2.699     -18.369       0.050      -2.313       0.050
Gaia DR3 1645187188373785984 229.1695008  66.5153146 19.217  3.073       2.242   4.5398  29.9542   -95.58      nan      nan    2.898  nan      nan    nan   1.123     nan                                None     -16.391      -4.695     -15.660       0.329      -3.537       0.353
