GaiaDR3                               RA         DEC   Gmag  Bp-Rp  Voff(km/s) Sep(deg)   3D(pc) Vr(pred)  Vr(obs)    Vrerr Plx(mas)  SpT    FnuvJ  W1-W3    RUWE  XCrate                               RVsrc    PMRApred   PMDecpred        PMRA     PMRAerr       PMDec    PMDecerr
Gaia DR3 5772195974332632192 234.5722892 -80.8034149 10.196  1.113       0.000   0.0000   0.0000    32.29      nan      nan   15.377  nan      nan    nan   1.014     nan                                None     -40.148      83.429     -40.148       0.015      83.429       0.015
Gaia DR3 5192072031539574656 143.9624118 -83.1256557 16.766  3.321       2.994  11.5227  12.9947    29.00      nan      nan   15.613  nan      nan    nan   1.047     nan                                None     101.048      28.463     100.038       0.065      18.660       0.054
Gaia DR3 6350098529976886656 355.5255820 -83.7579381 15.887  2.840       2.500  13.5035  17.7829    24.73      nan      nan   13.795  nan      nan    nan   1.003     nan                                None     -57.716     -84.945     -60.048       0.037     -78.059       0.036
Gaia DR3 5800144842678100224 224.1041819 -68.9882078 12.230  1.896       0.948  12.0792  19.1991    37.49      nan      nan   12.964  nan      nan    nan   3.221     nan                                None     -18.106      55.212     -20.477       0.025      54.163       0.035
Gaia DR3 4614617939199059072  83.7048496 -84.5359565 14.386  2.537       2.771  14.2183  19.5099    25.67      nan      nan   13.469  nan      nan    nan   1.083     nan                                None      72.977     -65.944      65.109       0.019     -65.762       0.018
Gaia DR3 5816800176082322176 255.1932776 -64.5491477 13.683  1.623       2.886  17.1320  20.2539    35.48      nan      nan   14.551  nan      nan    nan   1.441     nan                                None     -68.585      30.547     -63.312       0.026      23.436       0.031
Gaia DR3 6357570226884685952 341.3937916 -75.6394770 17.764  4.138       1.319  19.1207  22.2601    21.76      nan      nan   14.726  nan      nan    nan   0.861     nan                                None     -79.715     -83.651     -83.748       0.105     -84.361       0.116
Gaia DR3 5878114201498539904 221.0551302 -60.6584736 15.572  3.059       2.742  20.5028  22.9283    40.17      nan      nan   17.155  nan      nan    nan   1.038     nan                                None     -17.710      53.600      -8.515       0.029      49.892       0.029
Gaia DR3 5856858266595464704 191.0095677 -66.9780053 16.730  3.208       0.966  17.4811  24.2165    37.54      nan      nan   13.099  nan      nan    nan   1.061     nan                                None      33.393      47.990      32.315       0.050      45.549       0.057
Gaia DR3 5794504382369475840 237.0637797 -73.0539967 13.746  2.277       2.464   7.7681  27.1299    35.30      nan      nan   11.099  nan      nan    nan   1.081     nan                                None     -32.059      48.204     -36.063       0.011      44.055       0.012
Gaia DR3 5824203772013641856 233.9886254 -65.5216693 15.710  3.153       2.016  15.2825  27.4672    37.98      nan      nan   24.230  nan      nan    nan   2.668     nan                                None     -61.670      83.898     -68.337       0.030      76.052       0.063
Gaia DR3 5806600865703074560 242.5909591 -72.4613985 11.810  1.553       2.355   8.5260  29.2541    35.07      nan      nan   10.877  nan      nan    nan  12.512     nan                                None     -37.901      43.213     -40.197       0.258      38.325       0.310
Gaia DR3 6631958580574155264 280.9187757 -61.5610488 15.285  2.768       2.423  22.9918  29.4035    30.19      nan      nan   13.391  nan      nan    nan   1.033     nan                                None     -86.574      -7.208     -92.325       0.026     -10.910       0.026
Gaia DR3 6071575608861532672 186.3789595 -57.8245218 13.881  2.422       2.454  26.8394  29.6241    39.26      nan      nan   16.139  nan      nan    nan   1.122     nan                                None      49.436      34.940      43.652       0.014      28.920       0.015
