GaiaDR3                               RA         DEC   Gmag  Bp-Rp  Voff(km/s) Sep(deg)   3D(pc) Vr(pred)  Vr(obs)    Vrerr Plx(mas)  SpT    FnuvJ  W1-W3    RUWE  XCrate                               RVsrc    PMRApred   PMDecpred        PMRA     PMRAerr       PMDec    PMDecerr
Gaia DR3 6284007337003799552 214.0595771 -19.5423071 10.895  0.794       0.000   0.0000   0.0000    23.61      nan      nan    3.565  nan      nan    nan   0.919     nan                                None     -13.420      -6.045     -13.420       0.017      -6.045       0.015
Gaia DR3 6283972221351302272 214.7494682 -19.5278324 15.392  1.922       2.560   0.6503   3.9032    23.40      nan      nan    3.536  nan      nan    nan   1.112     nan                                None     -13.488      -6.056     -11.952       0.047      -7.189       0.037
Gaia DR3 6296598252674409600 215.2622300 -18.0590835 18.773  3.000       2.751   1.8698   9.2133    23.03      nan      nan    3.553  nan      nan    nan   1.032     nan                                None     -13.681      -6.570     -12.847       0.301      -8.454       0.284
Gaia DR3 6296361965049684992 213.6395119 -18.1699916 11.464  0.936       2.539   1.4287  10.1437    23.53      nan      nan    3.662  nan      nan    nan   1.014     nan                                None     -13.674      -6.613     -11.910       0.022      -7.468       0.016
Gaia DR3 6283677861472504320 215.2655819 -20.2218490 18.169  2.712       1.510   1.3221  10.9200    23.35      nan      nan    3.457  nan      nan    nan   0.930     nan                                None     -13.312      -5.754     -12.212       0.196      -5.735       0.177
Gaia DR3 6290280183984293248 212.2076109 -19.2632081 18.271  2.864       0.847   1.7689  11.9168    24.10      nan      nan    3.465  nan      nan    nan   1.134     nan                                None     -12.576      -5.824     -12.145       0.286      -5.381       0.252
Gaia DR3 6296738955803026688 216.0166891 -17.4112854 18.541  2.859       2.834   2.8260  15.0837    22.70      nan      nan    3.494  nan      nan    nan   0.971     nan                                None     -13.638      -6.705     -12.993       0.216      -8.690       0.181
Gaia DR3 6297262460776895232 212.0181422 -17.3331085 18.037  2.267       2.731   2.9378  15.1623    23.88      nan      nan    3.509  nan      nan    nan   1.661     nan                                None     -12.686      -6.483     -14.178       0.307      -5.120       0.222
Gaia DR3 6277410400380585600 211.8201641 -21.2942781 17.974  2.673       2.850   2.7338  15.3639    24.48      nan      nan    3.667  nan      nan    nan   0.979     nan                                None     -13.205      -5.467     -15.371       0.161      -5.876       0.157
Gaia DR3 6276517631298214656 216.4892485 -22.0045918 17.876  2.764       1.834   3.3500  16.7899    23.21      nan      nan    3.525  nan      nan    nan   0.997     nan                                None     -13.875      -5.434     -13.244       0.155      -6.642       0.120
Gaia DR3 6283927583755107840 215.8760499 -18.9084453 13.304  1.174       2.857   1.8285  17.1785    22.97      nan      nan    3.763  nan      nan    nan   0.932     nan                                None     -14.652      -6.737     -12.417       0.019      -7.108       0.017
Gaia DR3 6273469205246440832 215.9902912 -22.6163944 15.788  1.617       2.813   3.5629  17.6887    23.44      nan      nan    3.534  nan      nan    nan   9.278     nan                                None     -13.787      -5.216     -11.704       0.386      -5.449       0.351
Gaia DR3 6297067129960327040 215.5600334 -16.3388913 13.507  1.281       2.289   3.5070  18.1236    22.67      nan      nan    3.498  nan      nan    nan   1.254     nan                                None     -13.544      -6.996     -14.130       0.022      -8.579       0.021
Gaia DR3 6291108670290706816 211.7386632 -18.7509749 15.648  2.198       2.104   2.3309  18.6553    24.16      nan      nan    3.389  nan      nan    nan   1.748     nan                                None     -12.182      -5.818     -10.897       0.078      -5.038       0.068
Gaia DR3 6289684111243032448 210.1518880 -20.4522584 18.601  2.500       1.486   3.7830  19.0662    24.83      nan      nan    3.515  nan      nan    nan   0.900     nan                                None     -12.214      -5.379     -13.274       0.230      -5.084       0.222
Gaia DR3 6276671292344248320 214.5712497 -21.9364414 16.768  2.327       1.553   2.4415  19.2229    23.78      nan      nan    3.386  nan      nan    nan   0.976     nan                                None     -12.871      -5.075     -12.494       0.082      -6.118       0.059
Gaia DR3 6297147153791192192 214.8906684 -15.9586674 17.762  2.780       0.905   3.6700  19.2700    22.81      nan      nan    3.485  nan      nan    nan   0.944     nan                                None     -13.327      -7.036     -13.488       0.134      -7.681       0.108
Gaia DR3 6290659446775517056 210.3541927 -19.2057981 17.620  2.838       2.060   3.5116  19.7037    24.61      nan      nan    3.452  nan      nan    nan   0.934     nan                                None     -12.050      -5.689     -13.543       0.124      -5.551       0.109
Gaia DR3 6289762314006959360 211.2902311 -20.0141892 13.342  1.190       2.926   2.6483  20.1438    24.46      nan      nan    3.382  nan      nan    nan   1.058     nan                                None     -12.044      -5.392     -13.977       0.022      -4.605       0.017
Gaia DR3 6296299838347119104 214.3004159 -17.8876930 18.300  3.304       2.536   1.6703  20.9218    23.29      nan      nan    3.829  nan      nan    nan   1.060     nan                                None     -14.482      -7.060     -12.447       0.215      -6.834       0.203
Gaia DR3 6283640954817921664 218.0873723 -18.4111847 17.018  2.522       2.613   3.9731  21.1798    22.21      nan      nan    3.469  nan      nan    nan   1.016     nan                                None     -14.033      -6.524     -12.163       0.100      -6.916       0.095
Gaia DR3 6283091645680388480 217.9964631 -20.5204738 18.643  2.861       1.773   3.8257  21.9144    22.55      nan      nan    3.433  nan      nan    nan   0.922     nan                                None     -13.865      -5.852     -12.640       0.236      -5.472       0.222
Gaia DR3 6275652904058886784 210.8880806 -22.9318983 13.907  1.284       2.194   4.4971  22.0119    24.92      nan      nan    3.565  nan      nan    nan   0.996     nan                                None     -12.587      -4.705     -13.812       0.021      -3.600       0.018
Gaia DR3 6277934042793311104 213.9948915 -20.0728848 18.452  2.841       2.549   0.5341  22.3713    23.70      nan      nan    3.871  nan      nan    nan   0.982     nan                                None     -14.557      -6.381     -12.521       0.212      -6.808       0.198
Gaia DR3 6287731275511943424 210.3170202 -22.5458185 19.172  2.755       2.504   4.6062  22.5883    25.03      nan      nan    3.555  nan      nan    nan   0.897     nan                                None     -12.399      -4.770     -11.032       0.385      -6.057       0.379
Gaia DR3 6275882663333950336 214.0280618 -23.6980836 17.511  2.795       2.523   4.1559  23.4279    24.14      nan      nan    3.729  nan      nan    nan   1.023     nan                                None     -14.031      -4.959     -15.945       0.120      -5.480       0.094
Gaia DR3 6276201835238921216 213.8072101 -23.0276357 14.434  1.521       2.288   3.4932  23.5497    24.13      nan      nan    3.376  nan      nan    nan   1.083     nan                                None     -12.648      -4.671     -12.342       0.029      -3.071       0.026
Gaia DR3 6273161135832759680 217.6266083 -23.0803763 16.158  2.220       2.978   4.8534  23.7375    23.00      nan      nan    3.573  nan      nan    nan   0.963     nan                                None     -14.344      -5.289     -15.599       0.061      -7.149       0.052
Gaia DR3 6283661025200664704 215.2509049 -20.4394550 17.394  2.695       1.816   1.4346  23.8126    23.38      nan      nan    3.298  nan      nan    nan   1.069     nan                                None     -12.697      -5.427     -12.332       0.111      -4.218       0.093
Gaia DR3 6296274863112780288 214.0883948 -18.0638293 17.078  2.114       1.666   1.4787  23.9799    23.38      nan      nan    3.882  nan      nan    nan   1.068     nan                                None     -14.624      -7.083     -14.456       0.104      -5.729       0.100
Gaia DR3 6290040838341932032 213.2338843 -19.3915995 18.304  3.014       2.841   0.7929  24.3021    23.83      nan      nan    3.898  nan      nan    nan   0.965     nan                                None     -14.443      -6.593     -12.215       0.186      -5.894       0.165
Gaia DR3 6290953359977528320 209.2926770 -18.5333351 18.553  2.831       2.426   4.6175  24.3345    24.81      nan      nan    3.464  nan      nan    nan   1.042     nan                                None     -11.808      -5.849     -13.549       0.285      -6.176       0.223
Gaia DR3 6275722924910275328 210.6107331 -22.5965242 17.647  2.481       1.546   4.4364  24.4720    24.96      nan      nan    3.436  nan      nan    nan   0.998     nan                                None     -12.060      -4.618     -11.622       0.129      -3.587       0.114
Gaia DR3 6294388440461981056 210.0932801 -17.6423367 14.025  1.409       1.339   4.2119  24.7390    24.46      nan      nan    3.758  nan      nan    nan   1.077     nan                                None     -13.042      -6.705     -12.216       0.023      -7.370       0.020
Gaia DR3 6277772655102569216 213.4390285 -20.9590418 19.467  2.683       0.601   1.5317  25.0204    23.98      nan      nan    3.898  nan      nan    nan   0.997     nan                                None     -14.498      -6.071     -14.262       0.423      -6.505       0.356
Gaia DR3 6279603621135194624 218.4351471 -21.5687571 14.022  1.578       0.755   4.5704  25.4497    22.56      nan      nan    3.739  nan      nan    nan   1.809     nan                                None     -15.211      -6.089     -14.620       0.044      -6.160       0.039
Gaia DR3 6284398797503281920 217.8381312 -18.1913530 11.189  0.968       0.641   3.8221  26.6872    22.25      nan      nan    3.833  nan      nan    nan   1.088     nan                                None     -15.442      -7.257     -15.958       0.029      -7.207       0.024
Gaia DR3 6285932027812665344 217.8756702 -17.6932885 19.011  2.735       2.196   4.0614  26.8851    22.16      nan      nan    3.356  nan      nan    nan   1.039     nan                                None     -13.529      -6.493     -13.838       0.302      -8.016       0.282
Gaia DR3 6286370183196243328 218.4074620 -16.3688013 17.669  2.784       0.484   5.2127  28.4163    21.78      nan      nan    3.748  nan      nan    nan   0.957     nan                                None     -15.242      -7.694     -14.865       0.124      -7.628       0.104
Gaia DR3 6272579837779334016 216.4156401 -24.5954867 17.052  2.429       2.145   5.5043  28.4651    23.54      nan      nan    3.466  nan      nan    nan   0.990     nan                                None     -13.625      -4.563     -14.165       0.104      -3.092       0.096
Gaia DR3 6301475072075661184 211.1280136 -14.4441548 18.702  2.809       2.564   5.8176  28.7110    23.66      nan      nan    3.635  nan      nan    nan   1.082     nan                                None     -12.899      -7.579     -12.510       0.317      -5.653       0.249
Gaia DR3 6300779390452984832 211.1548986 -15.5299067 13.282  1.121       0.677   4.8751  29.1075    23.84      nan      nan    3.376  nan      nan    nan   1.039     nan                                None     -11.987      -6.720     -12.311       0.018      -7.076       0.013
Gaia DR3 6282745711835431808 217.1688656 -20.6862144 19.418  2.944       0.375   3.1356  29.5622    22.83      nan      nan    3.275  nan      nan    nan   0.971     nan                                None     -13.042      -5.470     -13.160       0.378      -5.239       0.293
Gaia DR3 6275954543907136640 215.0416406 -23.2992899 19.575  2.504       2.157   3.8666  29.8092    23.80      nan      nan    3.301  nan      nan    nan   1.230     nan                                None     -12.659      -4.594     -11.336       0.617      -3.884       0.409
