GaiaDR3                               RA         DEC   Gmag  Bp-Rp  Voff(km/s) Sep(deg)   3D(pc) Vr(pred)  Vr(obs)    Vrerr Plx(mas)  SpT    FnuvJ  W1-W3    RUWE  XCrate                               RVsrc    PMRApred   PMDecpred        PMRA     PMRAerr       PMDec    PMDecerr
 Gaia DR3 513299860904522752  23.5074176  65.5139578 14.159  2.999       0.000   0.0000   0.0000    21.37      nan      nan   31.072  nan      nan    nan   1.147     nan                                None     306.045    -215.453     306.045       0.014    -215.453       0.019
 Gaia DR3 450244995054087168  53.3631605  59.4154067  7.856  0.997       2.938  14.9054   8.2983    33.95      nan      nan   31.569  nan      nan    nan   0.894     nan                                None     141.136    -306.294     160.681       0.019    -305.820       0.020
Gaia DR3 2281893863552449408 359.4786889  78.6121625 12.769  2.468       1.891  14.7848   9.8771     8.95      nan      nan   39.016  nan      nan    nan   1.224     nan                                None     480.921    -122.847     476.413       0.019    -137.733       0.018
Gaia DR3 2281893657394021376 359.5173644  78.6078141 12.464  2.407       1.845  14.7765   9.8816     8.96      nan      nan   39.037  nan      nan    nan   1.197     nan                                None     481.085    -123.225     474.640       0.017    -136.968       0.016
 Gaia DR3 395893734415173888   1.8331218  52.6918664 11.960  1.974       2.724  16.8033  12.1401    16.02      nan      nan   25.901  nan      nan    nan   1.128     nan                                None     315.318     -62.353     321.808       0.013     -48.967       0.012
 Gaia DR3 395893734415174144   1.8331733  52.6907301 14.889  2.747       2.850  16.8043  12.2095    16.02      nan      nan   25.830  nan      nan    nan   1.262     nan                                None     314.448     -62.179     321.194       0.025     -48.201       0.024
 Gaia DR3 294517800251711616  19.1661037  25.3310215  9.477  1.725       2.070  40.2783  20.8174    34.24      nan      nan   41.876  nan      nan    nan   1.057     nan                                None     437.199     -86.254     429.196       0.019    -102.681       0.017
 Gaia DR3 116037204451525376  43.9140659  26.8723560  7.345  1.066       2.866  40.7237  21.0811    49.57      nan      nan   44.432  nan      nan    nan   1.034     nan                                None     283.461    -174.230     264.596       0.025    -193.329       0.020
 Gaia DR3 116037376250217984  43.9004592  26.8715694 12.485  2.829       0.783  40.7218  21.0845    49.56      nan      nan   44.522  nan      nan    nan   1.224     nan                                None     284.149    -174.544     276.921       0.025    -175.889       0.024
 Gaia DR3 116037371954842240  43.9130832  26.8713585  9.261  1.738       0.856  40.7245  21.0847    49.57      nan      nan   44.505  nan      nan    nan   1.235     nan                                None     283.934    -174.506     282.510       0.033    -166.602       0.025
 Gaia DR3 126342377182577408  39.8335940  26.1651909 15.953  0.892       2.621  40.6854  21.2770    47.74      nan      nan   47.929  nan      nan    nan   1.185     nan                                None     342.847    -171.552     316.417       0.060    -173.152       0.049
 Gaia DR3 314776233274299904  16.6261485  33.6036502 14.482  3.008       1.728  32.1788  21.5510    30.62      nan      nan   24.811  nan      nan    nan   1.279     nan                                None     266.933     -69.906     264.695       0.035     -78.665       0.028
 Gaia DR3 314776233274299648  16.6264543  33.6045382 14.690  3.153       2.158  32.1779  21.5988    30.62      nan      nan   24.763  nan      nan    nan   1.071     nan                                None     266.406     -69.772     260.663       0.035     -79.464       0.027
 Gaia DR3 111731654357442816  46.9463801  24.9648152 13.289  3.072       2.263  43.2105  22.1555    51.54      nan      nan   38.816  nan      nan    nan   1.580     nan                                None     224.493    -143.887     229.490       0.027    -126.057       0.023
 Gaia DR3 397737271810238848  19.1875548  44.6706839 11.372  1.708       1.764  20.9777  22.5751    29.09      nan      nan   20.217  nan      nan    nan   0.985     nan                                None     211.015     -87.706     214.953       0.020     -94.113       0.017
  Gaia DR3 94712996769289856  25.2654680  18.0803592 18.690  4.214       0.975  47.4480  23.7820    40.01      nan      nan   42.307  nan      nan    nan   0.961     nan                                None     405.896     -61.894     410.357       0.245     -54.433       0.207
Gaia DR3 2783610640030934272  15.8062403  15.9381098 13.825  2.955       2.000  49.8459  25.8151    32.53      nan      nan   34.982  nan      nan    nan   7.005     nan                                None     379.789     -23.851     375.706       0.125     -38.028       0.103
 Gaia DR3 123009345122704896  45.5925919  29.4449953 15.506  3.221       1.660  38.5720  25.8924    49.44      nan      nan   24.082  nan      nan    nan   1.279     nan                                None     145.736    -107.794     145.634       0.052    -116.218       0.051
Gaia DR3 3418863344225339520  77.6996902  24.1690747 13.240  2.963       2.258  53.5697  25.9691    57.63      nan      nan   47.426  nan      nan    nan   1.258     nan                                None     -41.271    -194.861     -27.340       0.022    -212.628       0.014
 Gaia DR3 981158276313892608 104.6560368  51.8662765  7.899  0.850       2.626  40.9562  26.4278    36.75      nan      nan   24.861  nan      nan    nan   0.943     nan                                None    -163.231    -196.061    -164.967       0.017    -209.714       0.015
  Gaia DR3 57866609775353728  51.7287405  19.7975367 12.847  2.633       0.473  49.3185  26.7371    54.89      nan      nan   31.350  nan      nan    nan   1.413     nan                                None     150.830     -89.737     153.770       0.041     -90.798       0.027
Gaia DR3 1031735536312319360 122.9461190  53.1967670 11.947  2.463       2.867  46.5307  26.9738    28.45      nan      nan   28.063  nan      nan    nan   2.531     nan                                None    -271.746    -167.532    -280.260       0.044    -182.202       0.040
 Gaia DR3 221921136279779200  52.1223064  35.2551661 12.149  2.200       0.815  34.6723  27.6002    49.41      nan      nan   21.222  nan      nan    nan   1.264     nan                                None     100.368    -124.441      99.231       0.050    -120.975       0.032
  Gaia DR3 76971281438270720  30.0107607  13.5808579 12.956    nan       2.153  52.1215  28.3643    43.95      nan      nan   30.884  nan      nan    nan   1.103     nan                                None     273.628     -30.139     259.643       0.090     -29.217       0.051
  Gaia DR3 76971277144775296  30.0107351  13.5804865 12.771  2.778       2.884  52.1219  28.4381    43.95      nan      nan   30.728  nan      nan    nan   1.308     nan                                None     272.243     -29.985     263.593       0.060     -13.429       0.047
 Gaia DR3 137182114430919808  43.9505893  34.4735592 14.643  2.351       2.746  33.3545  28.6013    46.69      nan      nan   20.262  nan      nan    nan   0.872     nan                                None     129.122    -106.828     136.103       0.069     -97.401       0.064
Gaia DR3 3390818582171735040  82.3584353  15.5787170 13.261  2.979       2.798  63.1970  28.8485    59.37      nan      nan   58.232  nan      nan    nan   1.184     nan                                None    -110.920    -129.076     -80.539       0.018    -113.054       0.012
Gaia DR3 3390818582171734656  82.3621866  15.5767205  9.824  1.994       2.230  63.2003  28.8503    59.37      nan      nan   58.199  nan      nan    nan   1.113     nan                                None    -110.905    -128.975     -83.568       0.020    -127.979       0.013
 Gaia DR3 137182118724228736  43.9504551  34.4724188  9.907  1.254       2.568  33.3556  28.8881    46.69      nan      nan   20.114  nan      nan    nan   1.310     nan                                None     128.179    -106.043     134.339       0.034     -97.063       0.043
Gaia DR3 2035577729682322176 297.6722801  34.9509580  7.772  1.022       2.850  56.9053  29.0621   -32.52      nan      nan   35.187  nan      nan    nan   2.197     nan                                None     312.198     221.480     319.192       0.039     201.530       0.040
Gaia DR3 2511235633868627712  28.3800125   1.7990469 14.176  3.420       1.111  63.8105  29.7021    42.76      nan      nan   47.289  nan      nan    nan   1.277     nan                                None     431.239      44.730     420.201       0.037      45.589       0.028
