GaiaDR3                               RA         DEC   Gmag  Bp-Rp  Voff(km/s) Sep(deg)   3D(pc) Vr(pred)  Vr(obs)    Vrerr Plx(mas)  SpT    FnuvJ  W1-W3    RUWE  XCrate                               RVsrc    PMRApred   PMDecpred        PMRA     PMRAerr       PMDec    PMDecerr
Gaia DR3 2581918597853527424  12.7700114   9.5167683 11.714  0.904       0.000   0.0000   0.0000    13.94    13.94     0.54    4.276  nan      nan    nan   1.312     nan                            Gaia_DR3      30.833      -7.454      30.833       0.029      -7.454       0.020
Gaia DR3 2580959548836709120  13.4973003   8.5918135 11.951  0.965       0.855   1.1711   6.9664    14.50   -14.92     0.65    4.186  nan      nan    nan   6.248     nan                            Gaia_DR3      30.013      -7.154      29.667       0.168      -6.483       0.112
Gaia DR3 2580900411431162752  13.5506255   8.3737414 18.839  3.012       3.130   1.3788   8.1880    14.56      nan      nan    4.171  nan      nan    nan   0.997     nan                                None      29.892      -7.084      28.231       0.310      -4.890       0.239
Gaia DR3 2556623508222865280  13.2816614   7.5004837 17.017  2.675       1.598   2.0788   9.0691    14.53      nan      nan    4.221  nan      nan    nan   0.990     nan                                None      30.314      -6.952      30.162       0.129      -8.365       0.077
Gaia DR3 2581212505230137344  15.2445009   9.0504648 13.352  1.310       4.492   2.4862  10.2607    15.45     7.95     1.27    4.308  nan      nan    nan   0.994     nan                            Gaia_DR3      30.444      -7.616      26.364       0.023      -7.627       0.015
Gaia DR3 2556550665577533824  13.4717669   7.1049428 17.223  2.435       3.305   2.5098  10.3370    14.69      nan      nan    4.306  nan      nan    nan   0.967     nan                                None      30.878      -7.013      27.887       0.111      -7.247       0.084
Gaia DR3 2556490432956353664  12.7797860   7.0038393 17.883  2.970       2.286   2.5129  10.3982    14.30      nan      nan    4.312  nan      nan    nan   0.973     nan                                None      31.089      -6.954      32.826       0.155      -5.813       0.119
Gaia DR3 2582720760305467904  14.7068999  11.4259729 13.262  1.182       2.284   2.6967  11.4402    14.78   -12.58     1.40    4.339  nan      nan    nan   1.062     nan                            Gaia_DR3      30.800      -8.192      29.498       0.019      -6.559       0.015
Gaia DR3 2556550665577533952  13.4717767   7.1042078 14.959  1.861       2.735   2.5105  12.1240    14.69    14.74     6.11    4.164  nan      nan    nan   1.021     nan                            Gaia_DR3      29.864      -6.783      27.469       0.036      -6.607       0.027
Gaia DR3 2580959548836321664  13.4971971   8.5926405 11.038  0.772       2.764   1.1703  12.7345    14.50   -16.11     1.52    4.504  nan      nan    nan   1.265     nan                            Gaia_DR3      32.294      -7.698      30.222       0.036      -6.087       0.025
Gaia DR3 2556351615317978496  11.1405912   6.9911662 16.867  2.438       3.497   2.9964  12.8785    13.32      nan      nan    4.357  nan      nan    nan   1.052     nan                                None      31.802      -6.914      34.644       0.091      -8.410       0.081
Gaia DR3 2774631203444749056  10.5522983  11.1593690 15.839  2.295       3.286   2.7309  13.1352    12.39      nan      nan    4.157  nan      nan    nan   1.002     nan                                None      30.466      -7.367      30.706       0.050      -4.498       0.038
Gaia DR3 2556385051638771712  12.8184412   6.4251387 16.373  2.357       2.455   3.0920  13.2023    14.40      nan      nan    4.355  nan      nan    nan   0.999     nan                                None      31.389      -6.892      31.311       0.090      -4.640       0.072
Gaia DR3 2582265386397401216  14.2140643   9.8974084 18.885  3.268       4.099   1.4734  13.2639    14.73      nan      nan    4.505  nan      nan    nan   1.005     nan                                None      32.113      -8.081      29.953       0.301     -11.319       0.232
Gaia DR3 2582581186752874368  13.9873093  10.8719863 18.433  3.000       2.343   1.8088  13.4229    14.45      nan      nan    4.082  nan      nan    nan   0.911     nan                                None      29.153      -7.515      27.268       0.227      -8.232       0.161
Gaia DR3 2553481305853716352  13.9098369   6.5467120 11.695  0.941       3.058   3.1772  15.5853    15.02    -3.69     0.42    4.447  nan      nan    nan   1.168     nan                            Gaia_DR3      31.780      -7.137      32.703       0.034      -4.422       0.022
Gaia DR3 2581150107944691328  15.2711160   8.7402604 18.324  2.655       2.413   2.5886  15.8949    15.51      nan      nan    4.073  nan      nan    nan   1.098     nan                                None      28.776      -7.130      29.177       0.215      -5.097       0.185
Gaia DR3 2775999507010382208  10.6562997  12.6534634 19.202  2.935       1.511   3.7604  17.1114    12.23      nan      nan    4.150  nan      nan    nan   0.992     nan                                None      30.394      -7.648      29.169       0.350      -7.151       0.236
Gaia DR3 2581644883882212864  15.0940876  10.2518183 18.898  3.122       4.445   2.4047  17.1198    15.19      nan      nan    4.037  nan      nan    nan   1.026     nan                                None      28.566      -7.398      31.098       0.342      -4.586       0.236
Gaia DR3 2557807338648651904  11.0948940   8.2877348 17.723  3.045       4.873   2.0614  17.2378    13.12      nan      nan    4.573  nan      nan    nan   1.038     nan                                None      33.387      -7.541      38.056       0.161      -7.020       0.117
Gaia DR3 2555904324539923840  11.1089272   5.5543334 10.546  0.742       4.601   4.2909  17.7618    13.49    -5.56     0.31    4.344  nan      nan    nan   1.546     nan                            Gaia_DR3      31.717      -6.584      27.797       0.036      -8.132       0.029
Gaia DR3 2581368292283815936  15.7652718   9.7385252 16.628  2.595       2.917   2.9614  18.4791    15.65      nan      nan    4.554  nan      nan    nan   0.970     nan                                None      32.036      -8.278      29.380       0.090      -7.389       0.066
Gaia DR3 2777662557002464768  12.8806702  14.0277311 15.712  2.340       3.610   4.5123  18.7732    13.31      nan      nan    4.222  nan      nan    nan   1.032     nan                                None      30.416      -8.327      27.392       0.052      -9.413       0.043
Gaia DR3 2751600901608857088   8.7744028  11.3168597 17.833  2.973       4.759   4.3222  19.2245    11.30      nan      nan    4.434  nan      nan    nan   1.070     nan                                None      32.880      -7.691      30.284       0.183     -11.303       0.118
Gaia DR3 2557963812897090048  11.4888552   9.0447711 16.046  2.491       3.631   1.3496  19.5258    13.25      nan      nan    4.649  nan      nan    nan   1.046     nan                                None      33.850      -7.874      33.708       0.077      -4.317       0.063
Gaia DR3 2556216031790198656  11.2735157   6.0735751 17.093  2.770       4.231   3.7488  20.5129    13.52      nan      nan    4.048  nan      nan    nan   1.049     nan                                None      29.516      -6.247      27.756       0.117      -9.400       0.090
Gaia DR3 2750262173187001472  10.5126235   9.7549065 18.721  2.949       4.484   2.2382  20.7262    12.57      nan      nan    3.963  nan      nan    nan   1.032     nan                                None      29.056      -6.765      32.136       0.286      -4.631       0.203
Gaia DR3 2577755675032092288  16.8508586   7.3966824 14.139  1.629       3.441   4.5591  21.0512    16.61    -8.02     2.23    4.479  nan      nan    nan   0.952     nan                            Gaia_DR3      31.200      -7.607      34.248       0.025      -6.482       0.020
Gaia DR3 2584586356659427840  16.7857875  12.6591812 19.831  3.368       1.258   5.0399  21.0575    15.77      nan      nan    4.379  nan      nan    nan   0.955     nan                                None      30.522      -8.805      30.772       0.561      -7.671       0.476
Gaia DR3 2778019245446440448  12.6454447  14.5960529 15.397  2.064       3.068   5.0807  21.3697    13.08    13.72     4.46    4.392  nan      nan    nan   0.970     nan                            Gaia_DR3      31.700      -8.752      33.894       0.047      -6.949       0.033
Gaia DR3 2552322596692287360  16.0901344   5.4287765 14.940  1.845       2.140   5.2482  21.4919    16.44    -7.69     6.23    4.332  nan      nan    nan   1.000     nan                            Gaia_DR3      30.386      -6.793      31.832       0.035      -8.108       0.026
Gaia DR3 2751442365775920896   7.5330515  10.5277332 10.795  0.730       2.543   5.2551  21.8335    10.66     2.89     0.24    4.373  nan      nan    nan   1.110     nan                            Gaia_DR3      32.676      -7.313      30.598       0.022      -8.399       0.017
Gaia DR3 2583019346431964928  18.0375412  10.9402972 15.095  1.886       3.891   5.3755  21.9461    16.75   -19.82     6.72    4.272  nan      nan    nan   0.987     nan                            Gaia_DR3      29.423      -8.282      26.983       0.036     -10.798       0.028
Gaia DR3 2554289038878849408  11.0527963   4.6722170 17.772 -0.094       3.957   5.1353  22.6823    13.56      nan      nan    4.138  nan      nan    nan   0.960     nan                                None      30.220      -6.086      33.136       0.184      -4.240       0.170
Gaia DR3 2576438975498057088  15.8192613   6.0788643 16.028  2.545       1.686   4.5764  22.9685    16.20      nan      nan    4.551  nan      nan    nan   1.047     nan                                None      31.998      -7.299      30.580       0.064      -8.078       0.046
Gaia DR3 2751442361480664832   7.5342347  10.5280134 17.085  1.667       1.433   5.2540  23.0067    10.66      nan      nan    4.144  nan      nan    nan   1.193     nan                                None      30.965      -6.930      30.493       0.139      -8.089       0.103
Gaia DR3 2584622674903436672  17.0273935  12.9273607 15.902  2.168       2.165   5.3912  23.6107    15.86      nan      nan    4.141  nan      nan    nan   0.958     nan                                None      28.799      -8.418      27.998       0.069     -10.131       0.041
Gaia DR3 2552322596692287232  16.0899204   5.4294275 17.758    nan       3.785   5.2476  23.8489    16.44      nan      nan    4.108  nan      nan    nan   0.913     nan                                None      28.813      -6.442      31.879       0.151      -7.600       0.108
Gaia DR3 2775945257278909696  11.6889455  12.4897743 17.039  2.519       4.762   3.1567  23.9476    12.86      nan      nan    3.941  nan      nan    nan   1.259     nan                                None      28.654      -7.346      32.535       0.116      -6.571       0.088
Gaia DR3 2754772202381076352   8.0608351  12.3340780 16.698  2.570       4.444   5.4140  24.3397    10.73      nan      nan    4.493  nan      nan    nan   0.946     nan                                None      33.467      -7.894      29.755       0.073      -5.910       0.067
Gaia DR3 2747803287230150784   7.6089555   6.4883701 17.845  2.762       4.049   5.9401  24.4392    11.24      nan      nan    4.237  nan      nan    nan   0.944     nan                                None      31.646      -6.401      28.199       0.161      -7.495       0.126
Gaia DR3 2584750626273762304  17.5250962  13.2955619 16.863  2.704       1.729   5.9997  24.5063    16.07      nan      nan    4.331  nan      nan    nan   1.056     nan                                None      29.981      -8.958      30.267       0.098      -7.405       0.069
Gaia DR3 2776894543835087232  14.1929652  13.4040509 19.189  2.822       2.411   4.1298  24.5436    14.17      nan      nan    4.642  nan      nan    nan   0.965     nan                                None      33.097      -9.191      31.924       0.395      -7.143       0.289
Gaia DR3 2583677885177437184  17.3367463  11.6441044 15.349  2.335       2.277   4.9674  24.8355    16.24   -52.99     3.81    4.042  nan      nan    nan   2.957     nan                            Gaia_DR3      28.031      -7.944      26.280       0.154      -8.779       0.090
Gaia DR3 2578600168681678336  18.9465474   8.0067013 13.762  1.479       1.672   6.2882  25.6698    17.71    -2.37     2.85    4.332  nan      nan    nan   0.989     nan                            Gaia_DR3      29.574      -7.671      30.867       0.024      -8.483       0.017
Gaia DR3 2578600164386976000  18.9472567   8.0063639 15.959  2.238       2.941   6.2890  25.6987    17.71      nan      nan    4.265  nan      nan    nan   1.271     nan                                None      29.111      -7.551      30.922       0.070      -9.478       0.053
Gaia DR3 2557494385856099712  11.5112095   7.5154841 17.821  2.652       0.623   2.3569  25.8387    13.47      nan      nan    3.881  nan      nan    nan   1.057     nan                                None      28.252      -6.282      28.499       0.151      -6.727       0.143
Gaia DR3 2555311378534327168   8.3846351   5.3374475 13.305  1.277       4.332   6.0306  26.0142    11.86   -10.39     1.35    4.147  nan      nan    nan   1.027     nan                            Gaia_DR3      30.829      -6.105      27.941       0.020      -3.654       0.018
Gaia DR3 2777372006759641984  14.8355360  14.4707911 17.441  2.765       4.168   5.3499  26.2571    14.36      nan      nan    4.582  nan      nan    nan   0.998     nan                                None      32.495      -9.417      33.243       0.121      -5.461       0.089
Gaia DR3 2557157870873912448  10.2112703   7.2704436 12.025  0.955       4.560   3.3842  27.2195    12.73    28.86     1.08    4.762  nan      nan    nan  27.888     nan                            Gaia_DR3      34.980      -7.550      30.510       0.619      -8.536       0.394
Gaia DR3 2583527080285762432  19.1711970  11.6140376 12.514  1.243       4.760   6.6325  27.4976    17.27     8.23     1.28    4.402  nan      nan    nan   1.259     nan                            Gaia_DR3      29.980      -8.837      25.821       0.021      -7.349       0.016
Gaia DR3 2776763500088390016  13.6351393  12.9834621 12.179  0.917       1.073   3.5690  27.5441    13.92    17.10     0.74    4.761  nan      nan    nan   1.078     nan                            Gaia_DR3      34.098      -9.247      33.196       0.019      -8.659       0.016
Gaia DR3 2583609062621439616  18.5661529  12.0167904 14.481  1.764       4.081   6.2182  28.0350    16.87    -7.90     3.93    4.535  nan      nan    nan   0.975     nan                            Gaia_DR3      31.077      -9.153      32.214       0.028      -5.420       0.022
Gaia DR3 2582647264825149568  13.5291341  10.9666163 16.355  2.284       2.665   1.6310  28.2684    14.17      nan      nan    4.847  nan      nan    nan   1.023     nan                                None      34.745      -8.895      32.025       0.067      -9.023       0.048
Gaia DR3 2775183536239079040  12.1948292  12.4209222 14.392  1.784       4.611   2.9585  28.9015    13.17   -16.61     3.26    4.824  nan      nan    nan   0.981     nan                            Gaia_DR3      34.937      -9.042      32.274       0.029      -5.183       0.023
Gaia DR3 2581158491721427456  15.3780395   8.9074222 10.558  0.695       4.933   2.6455  29.3914    15.55     3.83     0.44    4.848  nan      nan    nan   1.031     nan                            Gaia_DR3      34.216      -8.542      32.454       0.025     -13.265       0.018
Gaia DR3 2775122547703455872  12.0673751  12.0939224 15.340  1.922       2.269   2.6680  29.3988    13.14   -12.97     7.62    3.832  nan      nan    nan   0.940     nan                            Gaia_DR3      27.783      -7.110      28.646       0.049      -5.492       0.034
Gaia DR3 2549862813086736000  13.6090133   2.7732083 17.402  2.682       3.404   6.7949  29.5332    15.31      nan      nan    4.506  nan      nan    nan   0.966     nan                                None      32.281      -6.268      29.463       0.133      -4.682       0.121
Gaia DR3 2777499240870786176  16.0091314  15.0269234 19.587  2.734       4.294   6.3538  29.6353    14.93      nan      nan    4.051  nan      nan    nan   1.012     nan                                None      28.433      -8.595      28.247       0.527     -12.257       0.347
Gaia DR3 2577841711816896768  16.2156563   7.7968731 16.981  2.703       4.516   3.8158  29.8033    16.19      nan      nan    4.809  nan      nan    nan   0.998     nan                                None      33.694      -8.234      29.616       0.108      -6.154       0.072
Gaia DR3 2556473012569009664  12.9944064   6.8821200 14.583  1.778       2.646   2.6440  30.4804    14.44    18.17     3.22    3.815  nan      nan    nan   1.043     nan                            Gaia_DR3      27.461      -6.140      28.983       0.031      -4.653       0.027
Gaia DR3 2580372237828220800  18.5864358  10.8232020 17.241  2.639       0.715   5.8720  30.7679    17.08      nan      nan    3.968  nan      nan    nan   1.086     nan                                None      27.186      -7.714      26.661       0.111      -8.000       0.083
Gaia DR3 2780470366102508544   8.5592958  15.1599485 15.413  2.029       1.782   6.9821  30.8476    10.60    26.54     7.16    4.542  nan      nan    nan   0.984     nan                            Gaia_DR3      33.727      -8.554      34.710       0.042      -9.948       0.031
Gaia DR3 2783461072089719936  17.0044531  15.7804614 11.160  0.746       4.996   7.5023  30.9392    15.35     5.77     0.65    4.222  nan      nan    nan   0.953     nan                            Gaia_DR3      29.368      -9.272      27.064       0.027      -5.469       0.018
Gaia DR3 2750936796585723136   6.2255889   9.5714114 13.690  1.499       4.465   6.4540  31.0691     9.99     0.51     1.84    4.633  nan      nan    nan   0.969     nan                            Gaia_DR3      34.876      -7.440      32.443       0.021     -11.060       0.016
Gaia DR3 2779712557777192576   9.7307663  14.6801066 17.801  2.987       2.695   5.9569  31.1676    11.37      nan      nan    3.966  nan      nan    nan   0.899     nan                                None      29.226      -7.546      29.144       0.151      -5.295       0.103
Gaia DR3 2589654963530065536  19.3885755  12.6630307 19.463  2.920       0.619   7.2160  31.3331    17.21      nan      nan    4.117  nan      nan    nan   0.966     nan                                None      27.974      -8.561      28.387       0.383      -8.904       0.314
Gaia DR3 2775722709253483264   8.7402288  12.0960071 13.109  1.119       4.364   4.7242  31.7715    11.17   -20.67     1.17    3.871  nan      nan    nan   1.045     nan                            Gaia_DR3      28.710      -6.836      25.156       0.017      -7.061       0.014
Gaia DR3 2551349902563737600  14.2148059   3.0630006 11.076  0.788       4.197   6.6114  32.0731    15.64    -3.74     0.35    4.004  nan      nan    nan   1.302     nan                            Gaia_DR3      28.542      -5.651      31.745       0.033      -7.166       0.030
Gaia DR3 2552321875137782144  16.0585335   5.3846186 17.313  2.443       3.925   5.2633  32.4002    16.43      nan      nan    3.888  nan      nan    nan   1.090     nan                                None      27.282      -6.086      30.462       0.126      -6.575       0.090
Gaia DR3 2564625960008177152  19.0018237   6.1060965 19.186  2.830       0.590   7.0525  32.4639    18.01      nan      nan    4.044  nan      nan    nan   1.038     nan                                None      27.593      -6.659      27.311       0.366      -6.242       0.241
Gaia DR3 2583331019323447680  16.2687996  11.4612457 18.967  3.277       1.048   3.9516  32.5770    15.67      nan      nan    4.878  nan      nan    nan   1.031     nan                                None      34.159      -9.406      35.204       0.504      -9.142       0.273
Gaia DR3 2749400297805393792   4.9610481   8.9597922 17.139  2.657       4.162   7.7276  32.7182     9.29      nan      nan    4.490  nan      nan    nan   0.979     nan                                None      34.021      -6.992      31.405       0.108      -4.048       0.111
Gaia DR3 2576617852295988608  16.7723130   6.9943774 17.295  2.643       2.957   4.6955  33.0632    16.62      nan      nan    3.845  nan      nan    nan   1.038     nan                                None      26.806      -6.431      28.793       0.123      -7.773       0.089
Gaia DR3 2780986410717637760  11.3408311  14.7646059 18.006  3.106       4.110   5.4305  33.1220    12.30      nan      nan    4.803  nan      nan    nan   1.056     nan                                None      35.008      -9.409      31.992       0.177     -12.277       0.116
Gaia DR3 2554729663868329984   7.3406578   4.2462815 18.076  2.575       2.960   7.5373  33.2076    11.35      nan      nan    4.563  nan      nan    nan   0.983     nan                                None      34.134      -6.453      35.233       0.176      -3.826       0.127
Gaia DR3 2591254448005777152  18.2014130  15.5208385 16.633  2.626       4.853   8.0083  33.2254    16.05      nan      nan    4.443  nan      nan    nan   1.018     nan                                None      30.551      -9.863      34.934       0.079     -11.064       0.060
Gaia DR3 2781746619929144576  13.6729367  17.2352894 19.486  2.805       2.912   7.7683  33.2715    13.22      nan      nan    4.130  nan      nan    nan   1.057     nan                                None      29.573      -8.905      27.141       0.567      -8.192       0.357
Gaia DR3 2755736126185841536   5.0716070  12.7295124 18.707  3.078       4.950   8.2074  33.3878     8.86      nan      nan    4.321  nan      nan    nan   0.983     nan                                None      32.721      -7.285      30.309       0.270      -3.476       0.182
Gaia DR3 2781866745870183424  12.3392788  16.9394208 14.367  1.438       4.059   7.4345  33.4827    12.51   -44.93     2.62    4.061  nan      nan    nan  16.121     nan                            Gaia_DR3      29.381      -8.499      27.122       0.497      -5.858       0.356
Gaia DR3 2751625601965286912   8.7533067  11.5901744 17.789  2.594       4.917   4.4598  34.0394    11.25      nan      nan    3.818  nan      nan    nan   1.013     nan                                None      28.314      -6.663      24.565       0.177      -5.396       0.107
Gaia DR3 2553081259715284352  13.6238797   5.5744674 17.265  2.637       1.781   4.0321  34.1227    14.98      nan      nan    3.799  nan      nan    nan   1.021     nan                                None      27.214      -5.879      28.193       0.124      -6.917       0.095
Gaia DR3 2780933604095236736   7.9899531  16.4618269 18.433  2.996       3.075   8.3604  34.2947    10.06      nan      nan    4.240  nan      nan    nan   0.948     nan                                None      31.597      -8.110      34.289       0.208      -7.555       0.146
Gaia DR3 2566432973008658688  20.7981988   7.7823054 15.030  1.992       4.594   8.1237  34.7770    18.77    49.10     5.59    4.126  nan      nan    nan   1.603     nan                            Gaia_DR3      27.625      -7.368      30.877       0.056      -5.044       0.033
Gaia DR3 2755943349767800832   4.8372748  12.9925260 18.434  2.931       3.976   8.5198  34.7914     8.68      nan      nan    4.383  nan      nan    nan   0.947     nan                                None      33.232      -7.397      32.283       0.237      -3.848       0.161
Gaia DR3 2562953602822390144  18.8650327   3.8164831 18.095  3.032       3.966   8.3132  34.9317    18.23      nan      nan    4.164  nan      nan    nan   0.962     nan                                None      28.444      -6.213      27.664       0.260      -2.820       0.169
Gaia DR3 2566431598619155200  20.9897710   7.8386349 15.066  2.024       3.114   8.2967  35.0878    18.86    39.77     6.66    4.508  nan      nan    nan   1.077     nan                            Gaia_DR3      30.118      -8.081      30.260       0.054     -11.036       0.019
Gaia DR3 2779679744227256576   9.3135589  14.6463536 11.986  1.027       4.984   6.1423  35.1948    11.13   -45.20     8.96    3.887  nan      nan    nan   1.136     nan                            Gaia_DR3      28.724      -7.337      31.725       0.023     -10.107       0.016
Gaia DR3 2555274643678184704   8.9865542   5.3000416 18.073  2.930       4.353   5.6436  35.1996    12.23      nan      nan    4.852  nan      nan    nan   0.961     nan                                None      35.933      -7.170      36.068       0.183     -11.620       0.137
Gaia DR3 2554712380919874176   7.5166423   4.1214128 18.558  3.155       4.226   7.5032  35.3158    11.47      nan      nan    4.670  nan      nan    nan   0.923     nan                                None      34.896      -6.587      31.367       0.257      -8.790       0.199
Gaia DR3 2781992433792638592  12.6083162  17.5095419 12.758  1.172       3.463   7.9943  35.3420    12.56     5.17     1.22    4.592  nan      nan    nan   1.500     nan                            Gaia_DR3      33.152      -9.776      30.161       0.029      -8.263       0.021
Gaia DR3 2776134746940434688  11.7541662  13.3700867 16.786  2.662       3.658   3.9798  35.4730    12.76      nan      nan    4.956  nan      nan    nan   1.004     nan                                None      36.013      -9.452      33.011       0.084     -11.818       0.058
Gaia DR3 2563877501827453312  19.2888114   4.8327187 11.396  0.877       3.839   7.9842  35.7340    18.34    -7.73     0.39    4.614  nan      nan    nan   1.663     nan                            Gaia_DR3      31.387      -7.219      34.725       0.047      -5.544       0.031
Gaia DR3 2554274672212712192  10.5841342   4.6312857 19.114  3.159       4.087   5.3451  35.8310    13.28      nan      nan    3.827  nan      nan    nan   1.040     nan                                None      28.041      -5.603      25.140       0.335      -7.170       0.262
Gaia DR3 2781976078557155200  12.5215488  17.1673348 16.638  2.527       0.141   7.6544  35.8676    12.57      nan      nan    4.673  nan      nan    nan   1.116     nan                                None      33.758      -9.859      33.821       0.090      -9.983       0.067
Gaia DR3 2792431570848368640   6.4332537  15.7590068 18.936  0.060       1.015   8.7836  35.9001     9.24      nan      nan    4.396  nan      nan    nan   0.966     nan                                None      33.052      -8.050      33.255       0.336      -7.132       0.227
Gaia DR3 2779679744227987840   9.3133913  14.6479212 17.818  2.318       4.614   6.1437  36.0345    11.13      nan      nan    3.869  nan      nan    nan   0.906     nan                                None      28.593      -7.304      31.439       0.153      -9.767       0.105
Gaia DR3 2564565452508956672  19.6504593   5.9816633 16.613  2.355       2.590   7.6786  36.0504    18.39      nan      nan    4.004  nan      nan    nan   0.977     nan                                None      27.135      -6.591      25.064       0.098      -7.291       0.068
Gaia DR3 2749139056419035520   6.2942879   8.6323944 18.843  2.960       3.463   6.4554  36.5692    10.16      nan      nan    3.879  nan      nan    nan   1.070     nan                                None      29.187      -6.100      26.681       0.328      -4.780       0.255
Gaia DR3 2755818245960322944   6.7673347  13.0505064 17.250  2.778       4.991   6.8649  36.7814     9.84      nan      nan    4.801  nan      nan    nan   1.023     nan                                None      36.030      -8.387      32.926       0.101      -4.402       0.085
Gaia DR3 2776238758164252544  11.0552485  13.3071890  7.983  1.325       2.917   4.1463  36.7848    12.36   -34.38     0.20    3.760  nan      nan    nan   0.995     nan                            Gaia_DR3      27.463      -7.084      28.402       0.027      -9.197       0.019
Gaia DR3 2776546312182161024  13.7406329  12.5197687 16.347  2.328       4.095   3.1505  36.8519    14.05      nan      nan    3.730  nan      nan    nan   0.951     nan                                None      26.695      -7.167      29.047       0.069      -4.967       0.048
Gaia DR3 2755829344155886208   6.7796979  13.2077009 17.783  2.765       2.132   6.9354  36.8572     9.83      nan      nan    3.909  nan      nan    nan   0.995     nan                                None      29.331      -6.852      28.027       0.141      -8.029       0.105
Gaia DR3 2787913819304418048  15.3073617  18.1406044 14.565  1.710       2.895   8.9681  36.9384    13.97    22.27     4.27    4.220  nan      nan    nan   1.057     nan                            Gaia_DR3      29.806      -9.550      27.309       0.035      -8.920       0.028
Gaia DR3 2554729599444238464   7.3399382   4.2372227 11.549  0.785       2.731   7.5442  36.9488    11.35    18.97     0.42    4.733  nan      nan    nan   1.046     nan                            Gaia_DR3      35.402      -6.691      35.064       0.025      -3.987       0.019
Gaia DR3 2783698768464292992  17.3469556  16.4152178 19.379  2.929       3.206   8.2130  37.0452    15.42      nan      nan    4.041  nan      nan    nan   0.995     nan                                None      28.017      -9.066      27.360       0.523     -11.717       0.347
Gaia DR3 2550165698475926912   9.9431342   1.3013455 10.336  0.828       4.374   8.6833  37.3512    13.27    -9.24     0.25    4.109  nan      nan    nan   1.105     nan                            Gaia_DR3      30.239      -5.329      29.218       0.024      -8.977       0.023
Gaia DR3 2583544977414039424  18.9805670  11.7853853 18.585  3.211       4.663   6.5110  37.4185    17.14      nan      nan    4.855  nan      nan    nan   0.966     nan                                None      33.130      -9.777      36.201       0.233     -13.430       0.171
Gaia DR3 2576212819700140544  17.8560249   5.7366927 15.131  2.024       3.513   6.3001  37.5114    17.41    26.12     5.83    4.875  nan      nan    nan   1.005     nan                            Gaia_DR3      33.641      -7.841      36.648       0.043      -9.840       0.031
Gaia DR3 2537398409972356096  15.1320236   1.1003123 16.692  2.258       4.541   8.7383  37.5509    16.40      nan      nan    4.566  nan      nan    nan   1.068     nan                                None      32.297      -5.934      28.178       0.091      -7.398       0.066
Gaia DR3 2784214821670549376  18.2608073  17.1042313 14.765  2.024       2.419   9.2774  37.7455    15.79     4.55     5.26    4.300  nan      nan    nan   2.483     nan                            Gaia_DR3      29.551      -9.953      31.690       0.177     -10.434       0.098
Gaia DR3 2749692523084831744   8.8229551   8.6102953 19.089  3.403       2.908   4.0017  37.7916    11.71      nan      nan    5.020  nan      nan    nan   1.091     nan                                None      37.212      -8.137      36.603       0.347     -11.153       0.275
Gaia DR3 2538247026791114112  17.5122609   1.7687802 18.556  2.603       1.805   9.0702  37.8057    17.70      nan      nan    4.493  nan      nan    nan   1.395     nan                                None      31.101      -6.060      32.461       0.560      -5.025       0.299
Gaia DR3 2566010412650884096  20.8767406   6.5935209 18.337  2.818       4.642   8.5415  37.8285    18.98      nan      nan    4.623  nan      nan    nan   0.857     nan                                None      30.925      -7.878      34.537       0.226     -10.603       0.134
Gaia DR3 2555316429415865344   8.2792619   5.4486587 17.461  2.505       4.089   6.0304  37.9028    11.78      nan      nan    4.909  nan      nan    nan   0.989     nan                                None      36.513      -7.244      34.963       0.108     -11.180       0.092
Gaia DR3 2779217266444199680   8.1290136  13.7101126 17.764  2.796       3.234   6.1838  37.9947    10.56      nan      nan    3.832  nan      nan    nan   1.038     nan                                None      28.531      -6.947      25.927       0.161      -6.729       0.115
Gaia DR3 2566206469318201600  21.7613603   7.7063810 17.950  2.891       3.456   9.0719  38.1841    19.31      nan      nan    4.524  nan      nan    nan   1.026     nan                                None      29.967      -8.122      33.009       0.230      -9.392       0.089
Gaia DR3 2752281426291552384   4.0050871   8.6195448 19.321  3.313       3.083   8.7015  38.4144     8.74      nan      nan    4.063  nan      nan    nan   0.904     nan                                None      30.928      -6.203      29.898       0.474      -8.634       0.312
Gaia DR3 2591691400798639616  19.8571424  15.9748217 15.735  2.372       4.512   9.4566  38.4286    16.87      nan      nan    4.327  nan      nan    nan   1.027     nan                                None      29.260      -9.956      25.157       0.043      -9.643       0.027
Gaia DR3 2591691400798836736  19.8562682  15.9767381 13.771  1.430       4.359   9.4573  38.4292    16.87     3.93     2.33    4.337  nan      nan    nan   1.054     nan                            Gaia_DR3      29.327      -9.979      25.365       0.021      -9.556       0.013
Gaia DR3 2778276943484302208  14.1843626  15.3659793 17.946  2.831       3.171   6.0099  38.4503    13.84      nan      nan    4.927  nan      nan    nan   0.959     nan                                None      35.133     -10.253      36.042       0.159      -7.087       0.121
Gaia DR3 2751840835662844928   3.5945807   7.8531079 13.517  1.339       4.241   9.2210  38.6342     8.58   -17.13     1.70    4.515  nan      nan    nan   0.983     nan                            Gaia_DR3      34.439      -6.748      31.745       0.024      -3.741       0.020
Gaia DR3 2784010239492633984  18.9290083  16.9365760 17.766  2.867       4.746   9.5363  38.7663    16.18      nan      nan    4.313  nan      nan    nan   1.078     nan                                None      29.445     -10.042      26.388       0.234     -13.087       0.088
Gaia DR3 2780805614069969536   7.7295028  16.0173447 17.984  2.650       3.897   8.1482  38.7798     9.97      nan      nan    3.974  nan      nan    nan   0.988     nan                                None      29.658      -7.498      26.417       0.131      -7.888       0.112
Gaia DR3 2563828882797652352  19.1100432   4.4810394 14.868  1.727       2.976   8.0579  38.9548    18.28    -6.30     4.56    3.959  nan      nan    nan   1.098     nan                            Gaia_DR3      26.978      -6.093      24.691       0.040      -7.061       0.026
Gaia DR3 2564159870157348480  18.5946311   5.4906084 14.342  1.642       3.699   7.0387  39.0816    17.86    35.26     2.32    3.866  nan      nan    nan   0.949     nan                            Gaia_DR3      26.481      -6.189      26.974       0.029      -3.215       0.026
Gaia DR3 2747855312169652224   6.4889434   6.7004428 16.127  2.404       2.687   6.8257  39.1434    10.53      nan      nan    4.886  nan      nan    nan   1.034     nan                                None      36.727      -7.341      38.346       0.066      -9.586       0.061
Gaia DR3 2784631330418798848  16.1162475  17.5258601 13.898  1.618       2.972   8.6435  39.2685    14.53     6.33     2.28    4.679  nan      nan    nan   2.015     nan                            Gaia_DR3      32.813     -10.580      30.852       0.040     -12.759       0.035
Gaia DR3 2553993407689962624   8.4793621   4.0594345 15.683  2.377       2.372   6.9225  39.2719    12.07      nan      nan    4.882  nan      nan    nan   1.722     nan                                None      36.271      -6.917      34.957       0.075      -4.859       0.053
Gaia DR3 2780561969164501760   9.4125136  15.3732081 19.879  2.676       4.285   6.7109  39.3477    11.07      nan      nan    3.838  nan      nan    nan   0.972     nan                                None      28.342      -7.371      25.962       0.522      -9.891       0.397
Gaia DR3 2566314221457818368  20.3627501   7.2565395 19.337  2.936       4.320   7.8436  39.4772    18.61      nan      nan    3.923  nan      nan    nan   0.978     nan                                None      26.387      -6.836      25.839       0.398     -10.367       0.356
Gaia DR3 2585123742967963648  22.5638082  10.1669894 15.848  2.317       4.653   9.6711  39.5051    19.35      nan      nan    4.416  nan      nan    nan   1.086     nan                                None      28.986      -8.765      26.551       0.052      -5.183       0.033
Gaia DR3 2564653306064932352  19.1188576   6.4251393 18.131  2.672       3.707   7.0057  39.8830    18.03      nan      nan    3.846  nan      nan    nan   1.018     nan                                None      26.208      -6.420      27.310       0.199      -3.623       0.129
Gaia DR3 2579444662331316992  18.2122092   8.5989577 15.790  2.225       2.669   5.4520  39.9607    17.21      nan      nan    3.759  nan      nan    nan   1.020     nan                                None      25.847      -6.751      24.391       0.048      -8.285       0.041
Gaia DR3 2751645427534182912   8.2983246  11.5114157 18.961  3.098       4.112   4.8277  39.9880    10.99      nan      nan    3.733  nan      nan    nan   1.049     nan                                None      27.767      -6.460      30.499       0.380      -8.196       0.237
