GaiaDR3                               RA         DEC   Gmag  Bp-Rp  Voff(km/s) Sep(deg)   3D(pc) Vr(pred)  Vr(obs)    Vrerr Plx(mas)  SpT    FnuvJ  W1-W3    RUWE  XCrate                               RVsrc    PMRApred   PMDecpred        PMRA     PMRAerr       PMDec    PMDecerr
Gaia DR3 3624969886932157568 199.8315193  -8.5095382 12.313  0.842       0.000   0.0000   0.0000   -14.59   -14.59     1.16    3.139  nan      nan    nan   0.955     nan                            Gaia_DR3       1.125     -12.567       1.125       0.023     -12.567       0.013
Gaia DR3 3628683354310591616 198.7066331  -6.6183952 14.700  1.516       2.513   2.1954  12.3740   -15.24   -15.03     3.61    3.121  nan      nan    nan   1.028     nan                            Gaia_DR3       0.896     -12.175       0.717       0.033     -10.531       0.022
Gaia DR3 3634571681458846464 200.2223826  -6.1626908 18.648  2.705       2.593   2.3786  13.8505   -15.35      nan      nan    3.182  nan      nan    nan   1.004     nan                                None       1.220     -12.330       2.158       0.293     -13.795       0.255
Gaia DR3 3627921766414188032 197.4237125  -7.9870655 16.626  2.246       1.716   2.4395  13.9910   -14.82      nan      nan    3.176  nan      nan    nan   1.095     nan                                None       0.652     -12.631      -0.164       0.082     -11.823       0.056
Gaia DR3 3624422368795721472 199.1937926  -9.9623220 14.281  1.371       1.936   1.5833  19.0100   -14.12    11.67     3.37    3.315  nan      nan    nan   0.997     nan                            Gaia_DR3       1.054     -13.531       2.224       0.027     -12.851       0.019
Gaia DR3 3627875419422512000 197.2647468  -8.3572490 16.159  2.178       2.367   2.5436  19.9131   -14.70      nan      nan    3.286  nan      nan    nan   1.059     nan                                None       0.642     -13.138      -0.996       0.065     -13.220       0.048
Gaia DR3 3629592684786434432 197.5042471  -5.7577304 16.466    nan       2.901   3.5922  22.6771   -15.54      nan      nan    3.042  nan      nan    nan   1.004     nan                                None       0.640     -11.719      -0.823       0.068     -12.868       0.050
Gaia DR3 3629591138598502144 197.4976856  -5.7707172  9.216  1.089       2.165   3.5865  22.7411   -15.54   -41.05     0.23    3.040  nan      nan    nan   2.960     nan                            Gaia_DR3       0.639     -11.715      -0.522       0.061     -12.475       0.041
Gaia DR3 3626175265208335104 195.8800066  -9.7403737 16.465  2.270       1.426   4.0910  23.0150   -14.26      nan      nan    3.183  nan      nan    nan   1.556     nan                                None       0.341     -12.960      -0.580       0.123     -13.220       0.095
Gaia DR3 3628223857234355712 198.5371439  -8.1126476 19.157  2.849       1.461   1.3409  23.5178   -14.76      nan      nan    3.376  nan      nan    nan   1.033     nan                                None       0.933     -13.448       1.967       0.343     -13.551       0.288
Gaia DR3 3626210518299922688 196.1978386  -9.4575363 16.931  2.400       2.316   3.7121  25.3692   -14.35      nan      nan    3.006  nan      nan    nan   0.923     nan                                None       0.383     -12.193       1.701       0.100     -11.550       0.072
Gaia DR3 3623746340943384448 201.5281053 -10.3956981 16.684  2.213       2.525   2.5215  27.3142   -13.90      nan      nan    3.391  nan      nan    nan   0.992     nan                                None       1.580     -13.908       3.382       0.072     -13.791       0.042
Gaia DR3 3610995781337725440 201.1935049 -11.9999265 19.554  2.830       1.245   3.7388  28.9066   -13.37      nan      nan    2.958  nan      nan    nan   1.057     nan                                None       1.316     -12.371       0.540       0.551     -12.393       0.224
