GaiaDR3                               RA         DEC   Gmag  Bp-Rp  Voff(km/s) Sep(deg)   3D(pc) Vr(pred)  Vr(obs)    Vrerr Plx(mas)  SpT    FnuvJ  W1-W3    RUWE  XCrate                               RVsrc    PMRApred   PMDecpred        PMRA     PMRAerr       PMDec    PMDecerr
Gaia DR3 6186950525042445824 195.3597535 -27.5222282 11.682  0.889       0.000   0.0000   0.0000    -2.56    -2.56     0.43    4.650  nan      nan    nan   1.327     nan                            Gaia_DR3     -29.264      -6.196     -29.264       0.027      -6.196       0.018
Gaia DR3 6186917470974015616 195.1921895 -27.8660323  9.421  0.442       1.919   0.3745  12.7491    -2.44    -3.59     0.51    4.941  nan      nan    nan   1.077     nan                            Gaia_DR3     -31.113      -6.557     -31.718       0.024      -4.652       0.016
Gaia DR3 6184243488759506944 195.8652803 -29.9134985 18.037  3.424       1.903   2.4320  14.1100    -2.52      nan      nan    4.900  nan      nan    nan   1.065     nan                                None     -30.786      -6.769     -30.494       0.179      -4.825       0.146
Gaia DR3 3495608976669570176 193.2488681 -27.0674127 18.051  3.118       1.947   1.9302  14.3099    -1.63      nan      nan    4.936  nan      nan    nan   1.071     nan                                None     -31.242      -6.033     -33.021       0.196      -5.064       0.115
Gaia DR3 6184635361575847936 192.8756024 -30.5226740 17.951  2.948       2.902   3.7039  14.3207    -1.11      nan      nan    4.737  nan      nan    nan   0.961     nan                                None     -30.005      -5.778     -32.504       0.126      -4.311       0.080
Gaia DR3 3498338136327538048 193.3549752 -24.9410664 16.734  2.468       2.451   3.1457  14.6984    -1.89      nan      nan    4.855  nan      nan    nan   1.040     nan                                None     -30.722      -5.893     -28.280       0.079      -6.464       0.050
Gaia DR3 6183825781715977600 192.9533151 -31.2180728 15.762  2.323       1.723   4.2490  15.9355    -1.07      nan      nan    4.657  nan      nan    nan   0.982     nan                                None     -29.497      -5.715     -29.011       0.035      -4.095       0.026
Gaia DR3 6181061231526661376 197.1272195 -31.0689916 17.613  2.942       2.202   3.8670  16.8372    -2.95      nan      nan    4.482  nan      nan    nan   1.003     nan                                None     -28.042      -6.558     -28.437       0.119      -4.515       0.098
Gaia DR3 3497192926248107136 194.7494408 -26.3782505 17.501  3.053       1.080   1.2667  17.1893    -2.40      nan      nan    5.038  nan      nan    nan   0.978     nan                                None     -31.764      -6.507     -31.251       0.119      -5.481       0.082
Gaia DR3 6160839249891233664 191.5947754 -30.6854203 14.650  1.792       2.185   4.5630  17.2619    -0.51   -28.90     2.60    4.615  nan      nan    nan   0.984     nan                            Gaia_DR3     -29.315      -5.299     -27.266       0.022      -5.866       0.014
Gaia DR3 6181702934000361984 199.2340147 -30.7530914 17.086  2.836       2.257   4.6779  17.5931    -3.92      nan      nan    4.696  nan      nan    nan   1.018     nan                                None     -29.138      -7.405     -28.712       0.082      -5.212       0.066
Gaia DR3 3495100280742182016 190.3305659 -28.8865214 16.166  2.343       1.063   4.6368  17.6456    -0.10      nan      nan    4.600  nan      nan    nan   1.021     nan                                None     -29.281      -4.952     -28.925       0.060      -5.919       0.045
Gaia DR3 3495100177662965760 190.3247891 -28.8890721 17.509  2.800       0.894   4.6424  17.7681    -0.10      nan      nan    4.589  nan      nan    nan   0.996     nan                                None     -29.208      -4.938     -28.974       0.121      -5.771       0.091
Gaia DR3 6181702865280881408 199.2413638 -30.7713357 11.179  0.790       2.753   4.6949  18.1362    -3.92    19.87    36.30    4.573  nan      nan    nan   0.986     nan                            Gaia_DR3     -28.371      -7.214     -28.449       0.020      -4.561       0.017
Gaia DR3 3501702813707261440 192.0736624 -23.6771971 17.900  2.998       0.397   4.8539  18.4332    -1.40      nan      nan    4.732  nan      nan    nan   1.039     nan                                None     -30.026      -5.430     -29.663       0.176      -5.272       0.084
Gaia DR3 6185082244332805760 192.2241650 -29.2916061 19.892  0.477       2.726   3.2766  18.8670    -0.93      nan      nan    4.990  nan      nan    nan   1.038     nan                                None     -31.657      -5.885     -28.920       0.527      -6.739       0.295
Gaia DR3 6182989190806204032 199.7804030 -29.0755377 10.897  0.842       1.851   4.1904  18.9986    -4.38    -7.42     0.31    4.907  nan      nan    nan   1.031     nan                            Gaia_DR3     -30.374      -7.756     -29.631       0.020      -5.992       0.013
Gaia DR3 6181745329621896704 199.7448045 -30.2675710 18.081  2.719       2.615   4.7190  19.1429    -4.21      nan      nan    4.512  nan      nan    nan   1.094     nan                                None     -27.934      -7.209     -28.056       0.165      -9.693       0.137
Gaia DR3 6187185403917777664 194.4857349 -27.3078453 12.053  1.081       2.638   0.8049  21.1499    -2.18    52.35     0.47    5.152  nan      nan    nan   2.057     nan                            Gaia_DR3     -32.505      -6.627     -29.916       0.031      -5.400       0.025
Gaia DR3 3495889386493822208 192.6184925 -26.4324798 19.221  3.224       2.999   2.6749  21.1846    -1.40      nan      nan    4.283  nan      nan    nan   1.011     nan                                None     -27.148      -5.086     -29.781       0.393      -5.717       0.237
Gaia DR3 6186847411467437568 195.4971971 -28.1824775 14.805  2.013       1.969   0.6713  21.4699    -2.55    -0.43     3.49    5.162  nan      nan    nan   1.104     nan                            Gaia_DR3     -32.473      -6.947     -30.478       0.029      -6.165       0.021
Gaia DR3 6189076774372181504 201.0581197 -28.4788680 16.175  2.353       2.499   5.1209  22.4425    -5.03      nan      nan    4.428  nan      nan    nan   1.057     nan                                None     -27.249      -7.248     -24.948       0.052      -7.634       0.045
Gaia DR3 3495572074310162688 192.9136457 -27.4902273 17.533  2.917       1.803   2.1698  23.1288    -1.43      nan      nan    4.228  nan      nan    nan   1.110     nan                                None     -26.778      -5.106     -25.539       0.148      -6.129       0.082
Gaia DR3 3497233367660903936 195.3588396 -25.9389298 18.269  2.985       2.392   1.5833  24.0841    -2.73      nan      nan    4.196  nan      nan    nan   0.988     nan                                None     -26.408      -5.526     -28.483       0.238      -5.111       0.201
Gaia DR3 3500167002121794048 188.8923200 -24.8621926 12.280  1.008       1.840   6.3826  24.2173     0.23     4.40     0.77    4.596  nan      nan    nan   0.973     nan                            Gaia_DR3     -29.306      -4.619     -28.262       0.014      -6.064       0.010
Gaia DR3 6193925311412966912 197.9047303 -24.4262952 18.891  3.351       1.262   3.8493  24.3943    -4.10      nan      nan    5.131  nan      nan    nan   1.123     nan                                None     -32.008      -7.268     -31.534       0.280      -8.548       0.187
Gaia DR3 3498425375703176576 193.2992455 -24.3675980 12.288  0.973       1.867   3.6583  24.7824    -1.92    20.23     1.10    4.251  nan      nan    nan   1.056     nan                            Gaia_DR3     -26.901      -5.131     -26.242       0.020      -6.669       0.013
Gaia DR3 3503801987563077632 196.8169799 -24.5313698 17.390  2.587       2.446   3.2648  24.9530    -3.57      nan      nan    4.229  nan      nan    nan   1.005     nan                                None     -26.490      -5.789     -25.037       0.108      -4.163       0.067
Gaia DR3 6167640485222558336 199.2328800 -33.3667882 12.496  1.169       1.519   6.7296  25.2805    -3.58    -2.45     1.89    4.639  nan      nan    nan   4.258     nan                            Gaia_DR3     -28.783      -7.482     -29.131       0.059      -6.038       0.054
Gaia DR3 3508499002453887488 194.8798063 -20.8273140 11.555  0.947       1.704   6.7092  25.3355    -3.04     1.46     0.41    4.755  nan      nan    nan   1.309     nan                            Gaia_DR3     -29.966      -5.904     -29.219       0.027      -7.440       0.027
Gaia DR3 3496686433640481664 192.2907808 -25.8169923 16.430  2.520       2.796   3.2292  25.3847    -1.30      nan      nan    4.219  nan      nan    nan   1.600     nan                                None     -26.761      -4.930     -24.568       0.114      -6.103       0.073
Gaia DR3 6169314392892971392 200.9380809 -32.0185745 16.411  2.542       2.800   6.6057  25.5970    -4.49      nan      nan    4.830  nan      nan    nan   1.042     nan                                None     -29.737      -8.173     -32.407       0.056      -7.174       0.044
Gaia DR3 6189646763776036224 202.7893659 -26.9240780 11.089  0.750       2.344   6.6326  26.5770    -6.03    -3.99     0.48    4.483  nan      nan    nan   1.013     nan                            Gaia_DR3     -27.341      -7.581     -26.469       0.025      -9.618       0.014
Gaia DR3 3500226032152627584 188.8497902 -24.6472192 18.051  3.143       2.864   6.5140  26.7304     0.23      nan      nan    4.932  nan      nan    nan   0.980     nan                                None     -31.453      -4.948     -28.874       0.202      -6.436       0.108
Gaia DR3 3494860930804945536 191.5163975 -29.1302539 17.092    nan       2.630   3.7455  26.9287    -0.62      nan      nan    4.209  nan      nan    nan   1.058     nan                                None     -26.740      -4.801     -25.085       0.104      -6.447       0.075
Gaia DR3 6156234907510305024 192.8061190 -34.1617775 18.143  3.083       1.475   6.9914  27.1342    -0.71      nan      nan    4.847  nan      nan    nan   1.047     nan                                None     -30.711      -5.952     -30.317       0.136      -4.497       0.089
Gaia DR3 3499157994044678784 194.0953781 -23.2042132 19.034  3.162       2.007   4.4665  27.3292    -2.42      nan      nan    4.237  nan      nan    nan   0.929     nan                                None     -26.763      -5.226     -27.974       0.319      -3.904       0.308
Gaia DR3 6195855568499512576 201.0624328 -22.8768169 16.443  2.660       0.980   6.9409  27.4209    -5.77      nan      nan    4.500  nan      nan    nan   1.856     nan                                None     -27.690      -6.864     -28.596       0.128      -7.070       0.075
Gaia DR3 6179120795367258624 197.8671043 -34.3764142 19.057  2.881       2.323   7.1828  27.4569    -2.86      nan      nan    4.812  nan      nan    nan   1.010     nan                                None     -30.025      -7.421     -32.342       0.266      -7.849       0.233
Gaia DR3 3496246182312925824 189.6277680 -27.3598557 14.560  1.747       2.724   5.0892  27.5567     0.09    14.67     6.21    4.272  nan      nan    nan   1.123     nan                            Gaia_DR3     -27.216      -4.441     -24.787       0.027      -4.781       0.017
Gaia DR3 3506133609344718080 199.5040056 -21.3974070 13.666  1.562       1.713   7.1917  27.6657    -5.21    -4.46     2.09    4.831  nan      nan    nan   1.356     nan                            Gaia_DR3     -29.942      -6.919     -30.397       0.023      -5.235       0.017
Gaia DR3 6188590167461847680 203.7361756 -27.9637901 16.538  2.655       0.772   7.4252  28.2563    -6.30      nan      nan    4.804  nan      nan    nan   1.031     nan                                None     -29.147      -8.460     -28.894       0.077      -9.201       0.059
Gaia DR3 3502785768236889728 189.7143586 -22.5158213 16.330  2.764       0.358   7.1556  28.3233    -0.37      nan      nan    4.493  nan      nan    nan   5.727     nan                                None     -28.621      -4.678     -28.848       0.401      -4.929       0.262
Gaia DR3 3502051363188986496 191.0637195 -22.7548888 11.445  0.847       0.619   6.1512  28.4010    -1.00    14.11     0.92    5.071  nan      nan    nan   1.504     nan                            Gaia_DR3     -32.237      -5.575     -32.130       0.041      -6.228       0.029
Gaia DR3 6189795953759966464 203.1757609 -26.2838218 18.662  3.180       2.306   7.0779  28.4410    -6.29      nan      nan    4.469  nan      nan    nan   1.112     nan                                None     -27.200      -7.575     -26.758       0.233      -5.448       0.180
Gaia DR3 6193838995455233280 199.1304575 -24.1857523 20.039  2.927       1.464   4.7582  28.6605    -4.70      nan      nan    4.224  nan      nan    nan   1.020     nan                                None     -26.221      -6.198     -25.466       0.543      -5.135       0.343
Gaia DR3 6156314656463205248 194.0490862 -33.5808484 17.559  3.084       2.068   6.1627  28.7858    -1.31      nan      nan    5.086  nan      nan    nan   1.008     nan                                None     -32.127      -6.623     -34.294       0.109      -7.094       0.083
Gaia DR3 6195911265635599488 200.8329848 -22.6845454 18.769  3.233       1.905   6.9239  28.8509    -5.69      nan      nan    4.980  nan      nan    nan   1.092     nan                                None     -30.675      -7.528     -31.157       0.278      -9.468       0.172
Gaia DR3 6159129955986555264 191.5940435 -33.8535760 12.220  0.962       2.306   7.1099  28.9505    -0.21     1.26     1.04    4.449  nan      nan    nan   0.974     nan                            Gaia_DR3     -28.256      -5.126     -29.139       0.013      -7.101       0.009
Gaia DR3 6192534046951249920 199.4828760 -26.5932122 18.000  2.952       1.509   3.7873  29.0614    -4.57      nan      nan    4.168  nan      nan    nan   1.034     nan                                None     -25.833      -6.355     -25.080       0.178      -5.264       0.150
Gaia DR3 3509220140347054080 194.3955250 -19.7168891 19.292  3.101       1.404   7.8551  29.4414    -2.92      nan      nan    4.733  nan      nan    nan   1.020     nan                                None     -29.866      -5.731     -29.763       0.497      -4.334       0.418
Gaia DR3 6167640489517622400 199.2329498 -33.3670539 13.540    nan       2.406   6.7299  29.4988    -3.58    -6.32     3.96    4.369  nan      nan    nan   1.053     nan                            Gaia_DR3     -27.107      -7.046     -28.848       0.122      -8.418       0.033
Gaia DR3 3471624577914055552 187.2491109 -29.4413519 19.205 -0.204       2.906   7.3809  29.6431     1.36      nan      nan    4.464  nan      nan    nan   1.021     nan                                None     -28.501      -4.053     -30.871       0.353      -5.419       0.256
Gaia DR3 6185834997480882304 197.6137367 -29.2743813 18.121  3.007       2.774   2.6459  29.6631    -3.39      nan      nan    5.351  nan      nan    nan   0.981     nan                                None     -33.421      -7.861     -36.302       0.166      -9.083       0.153
Gaia DR3 3499977817402120448 190.0550942 -24.9563369 17.464  2.877       2.095   5.4049  29.8586    -0.32      nan      nan    5.204  nan      nan    nan   0.972     nan                                None     -33.137      -5.514     -34.415       0.129      -3.604       0.075
Gaia DR3 6187990010207616384 203.0538817 -29.4541487 14.515  1.895       2.307   7.0313  29.8703    -5.78   -13.14     3.61    5.017  nan      nan    nan   1.138     nan                            Gaia_DR3     -30.554      -8.827     -31.989       0.030     -10.800       0.029
Gaia DR3 6191741165924127616 203.2770923 -24.0990546 17.382  3.005       0.495   7.9043  29.8876    -6.64      nan      nan    4.601  nan      nan    nan   1.029     nan                                None     -27.987      -7.581     -28.422       0.110      -7.377       0.085
