GaiaDR3                               RA         DEC   Gmag  Bp-Rp  Voff(km/s) Sep(deg)   3D(pc) Vr(pred)  Vr(obs)    Vrerr Plx(mas)  SpT    FnuvJ  W1-W3    RUWE  XCrate                               RVsrc    PMRApred   PMDecpred        PMRA     PMRAerr       PMDec    PMDecerr
Gaia DR3 2790691147020786816  18.9953155  21.6169051 10.653  0.662       0.000   0.0000   0.0000    -4.83      nan      nan    3.527  nan      nan    nan   1.015     nan                                None      21.760      -9.197      21.760       0.020      -9.197       0.013
Gaia DR3 2787001735754086144  17.7590989  19.7918404 19.296  2.694       0.710   2.1605  11.4136    -5.03      nan      nan    3.580  nan      nan    nan   1.000     nan                                None      22.083      -9.285      22.405       0.371      -8.856       0.219
Gaia DR3 2786950715837884160  17.9044807  19.6486367 12.708  1.075       2.491   2.2172  11.4913    -4.93      nan      nan    3.572  nan      nan    nan   1.040     nan                                None      22.039      -9.294      22.427       0.021      -7.458       0.011
Gaia DR3 2790009660265585152  16.9274664  19.9165753 16.782  2.649       1.824   2.5747  13.1307    -5.45      nan      nan    3.491  nan      nan    nan   1.002     nan                                None      21.527      -8.940      22.788       0.105      -9.401       0.067
Gaia DR3 2791254131333932800  16.1952132  21.6359147 18.316  3.119       2.795   2.6030  13.5320    -6.16      nan      nan    3.479  nan      nan    nan   2.484     nan                                None      21.444      -8.685      19.896       0.573     -10.028       0.396
Gaia DR3 2791168236283575808  15.8826735  21.4691166 15.076  1.838       2.834   2.8989  14.3489    -6.27      nan      nan    3.525  nan      nan    nan   1.008     nan                                None      21.722      -8.770      22.269       0.042     -10.804       0.030
 Gaia DR3 289614489492662528  22.0848628  22.3628029 18.430  2.787       1.461   2.9602  14.6483    -3.53      nan      nan    3.536  nan      nan    nan   1.007     nan                                None      21.782      -9.620      20.849       0.206      -9.058       0.142
Gaia DR3 2791134838617856640  15.5355519  21.1922890 13.045  1.075       1.566   3.2489  16.2811    -6.38      nan      nan    3.500  nan      nan    nan   0.983     nan                                None      21.560      -8.682      21.932       0.017      -9.776       0.015
Gaia DR3 2791560383977486848  15.3371098  22.5151611 12.929  1.088       2.651   3.5071  17.5131    -6.75      nan      nan    3.563  nan      nan    nan   0.923     nan                                None      21.946      -8.698      20.224       0.021      -7.697       0.016
 Gaia DR3 289900023213913088  21.3246999  23.0504542 16.964  2.511       1.597   2.5879  18.0620    -4.04      nan      nan    3.696  nan      nan    nan   1.027     nan                                None      22.787      -9.905      24.030       0.078      -9.964       0.063
 Gaia DR3 294436195873209856  19.8021287  24.9124601 15.087  1.857       1.201   3.3778  18.8646    -5.16      nan      nan    3.427  nan      nan    nan   1.080     nan                                None      21.141      -8.846      22.005       0.032      -8.766       0.023
Gaia DR3 2786071480197388544  20.9446528  18.6718260 18.906  3.045       1.508   3.4672  18.9615    -3.24      nan      nan    3.637  nan      nan    nan   1.036     nan                                None      22.427      -9.907      22.025       0.271     -10.991       0.194
 Gaia DR3 293197458585633152  19.9658956  23.8276052 13.273  1.121       2.047   2.3851  19.2839    -4.85      nan      nan    3.349  nan      nan    nan   3.250     nan                                None      20.663      -8.738      21.536       0.056      -9.889       0.050
Gaia DR3 2788569677990366592  16.0178043  19.9656798 17.328  2.684       2.585   3.2364  20.3343    -5.90      nan      nan    3.696  nan      nan    nan   0.985     nan                                None      22.777      -9.338      23.593       0.109     -11.179       0.098
Gaia DR3 2786581516154412160  21.1594729  20.4087845 19.120  2.910       2.746   2.3539  20.7995    -3.53      nan      nan    3.758  nan      nan    nan   1.006     nan                                None      23.170     -10.184      21.572       0.344      -8.709       0.201
Gaia DR3 2785550831377220992  19.4385094  17.4779369 15.467  1.921       2.898   4.1600  21.1412    -3.71      nan      nan    3.598  nan      nan    nan   1.008     nan                                None      22.200      -9.674      24.000       0.039     -10.936       0.026
Gaia DR3 2788445635039611776  16.3196457  19.1329489 18.587  3.082       1.215   3.5299  21.4783    -5.58      nan      nan    3.697  nan      nan    nan   0.993     nan                                None      22.787      -9.445      22.951       0.335      -8.513       0.241
 Gaia DR3 293833693566008448  21.2774387  25.4926031 18.006  2.460       1.032   4.4039  21.7744    -4.60      nan      nan    3.537  nan      nan    nan   1.022     nan                                None      21.806      -9.334      21.441       0.152     -10.011       0.107
 Gaia DR3 294747769980701696  19.3469957  25.8743140 14.532  1.667       1.530   4.2696  21.8568    -5.57      nan      nan    3.467  nan      nan    nan   1.008     nan                                None      21.392      -8.811      22.147       0.029      -9.637       0.021
Gaia DR3 2786622168019563008  18.1953716  18.4757609 11.758  0.764       1.232   3.2298  21.9391    -4.53      nan      nan    3.354  nan      nan    nan   1.554     nan                                None      20.694      -8.829      19.828       0.037      -8.920       0.017
Gaia DR3 2786483453461259392  20.9975153  19.8413269 18.723  2.989       2.007   2.5805  22.4092    -3.48      nan      nan    3.315  nan      nan    nan   0.945     nan                                None      20.438      -8.987      20.839       0.227      -7.643       0.156
 Gaia DR3 288807104360292736  24.0541860  21.0471419 17.991  2.634       2.088   4.7464  23.5695    -2.30      nan      nan    3.511  nan      nan    nan   0.990     nan                                None      21.575      -9.877      21.362       0.225     -11.407       0.185
Gaia DR3 2593906534476606080  21.9602127  18.3965976 18.825  2.834       1.834   4.2578  24.0890    -2.69      nan      nan    3.396  nan      nan    nan   0.977     nan                                None      20.922      -9.378      21.877       0.289      -8.477       0.184
Gaia DR3 2787716693189854848  19.4099870  21.7254162 18.815  3.012       1.651   0.4003  24.5870    -4.66      nan      nan    3.860  nan      nan    nan   0.943     nan                                None      23.818     -10.123      23.101       0.255     -11.259       0.177
Gaia DR3 2788569673694708736  16.0240183  19.9581788 10.371  0.629       1.060   3.2353  24.8934    -5.89      nan      nan    3.787  nan      nan    nan   1.110     nan                                None      23.340      -9.570      24.011       0.025     -10.085       0.019
  Gaia DR3 95785024901130880  23.8199804  18.9112585 15.878  2.154       0.480   5.2725  26.1600    -1.91      nan      nan    3.513  nan      nan    nan   0.997     nan                                None      21.594      -9.910      21.624       0.048     -10.264       0.041
Gaia DR3 2804117455306501888  15.8175844  24.1182024 19.153  3.043       1.552   3.8506  26.5465    -6.84      nan      nan    3.782  nan      nan    nan   1.084     nan                                None      23.302      -9.156      24.503       0.323      -8.862       0.238
 Gaia DR3 290438886990068992  22.2204183  24.0440231 19.610  3.024       0.704   3.8372  26.5798    -3.84      nan      nan    3.783  nan      nan    nan   0.990     nan                                None      23.305     -10.229      23.268       0.433     -10.789       0.347
Gaia DR3 2804428827551024896  14.1453347  24.6217375 15.800  2.040       1.492   5.3774  26.6111    -7.72      nan      nan    3.525  nan      nan    nan   1.031     nan                                None      21.675      -8.225      20.782       0.051      -8.882       0.047
Gaia DR3 2783703750626830848  17.1064108  16.3817671 17.943  2.653       1.305   5.5311  27.5749    -4.61      nan      nan    3.498  nan      nan    nan   1.018     nan                                None      21.572      -9.208      20.611       0.210      -9.171       0.140
 Gaia DR3 288700765265606912  23.0787366  21.4262196 12.695  0.985       0.420   3.8034  27.7456    -2.85      nan      nan    3.809  nan      nan    nan   1.031     nan                                None      23.439     -10.557      23.109       0.017     -10.627       0.012
 Gaia DR3 290771897279370880  24.6096150  22.9283448 18.896  2.886       3.000   5.3579  28.6319    -2.47      nan      nan    3.410  nan      nan    nan   1.057     nan                                None      20.938      -9.614      22.848       0.396      -8.612       0.245
Gaia DR3 2783999587974078592  18.6833564  16.7375043 19.481  2.637       1.192   4.8883  29.2397    -3.91      nan      nan    3.344  nan      nan    nan   1.034     nan                                None      20.637      -8.948      19.799       0.477      -9.018       0.301
