GaiaDR3                               RA         DEC   Gmag  Bp-Rp  Voff(km/s) Sep(deg)   3D(pc) Vr(pred)  Vr(obs)    Vrerr Plx(mas)  SpT    FnuvJ  W1-W3    RUWE  XCrate                               RVsrc    PMRApred   PMDecpred        PMRA     PMRAerr       PMDec    PMDecerr
Gaia DR3 1291955578869575552 226.3371383  36.7869806 14.649  2.514       0.000   0.0000   0.0000    -6.04      nan      nan    9.184  nan      nan    nan   1.102     nan                                None     -48.951      42.647     -48.951       0.016      42.647       0.020
Gaia DR3 1291955574574621056 226.3368082  36.7878498 19.084  0.557       1.246   0.0009   1.5324    -6.04      nan      nan    9.057  nan      nan    nan   1.024     nan                                None     -48.272      42.055     -50.379       0.163      40.950       0.212
Gaia DR3 1276767028323177856 227.7504660  32.6338895 19.401  3.346       2.917   4.3124  10.6072    -8.14      nan      nan    8.672  nan      nan    nan   1.036     nan                                None     -45.392      39.971     -50.578       0.211      41.215       0.260
Gaia DR3 1375790763505665152 233.3660431  37.9000921 18.604  3.569       2.768   5.6964  12.3156    -7.94      nan      nan    9.762  nan      nan    nan   0.996     nan                                None     -47.099      49.303     -48.881       0.126      54.712       0.187
Gaia DR3 1585317032190194304 225.3933319  42.6398285 17.483  3.266       1.782   5.8976  12.9970    -3.45      nan      nan    9.834  nan      nan    nan   1.043     nan                                None     -53.021      46.114     -52.928       0.090      49.808       0.099
Gaia DR3 1387381024813904640 231.1549187  37.6882422  9.342  0.803       2.864   3.9395  13.6839    -7.32      nan      nan   10.292  nan      nan    nan   1.029     nan                                None     -51.374      50.722     -52.471       0.014      44.606       0.018
Gaia DR3 1387736029629732992 232.5014036  38.0850375 16.687  3.298       1.879   5.0627  15.3642    -7.59      nan      nan    8.303  nan      nan    nan   1.058     nan                                None     -40.607      41.601     -42.998       0.044      43.858       0.055
Gaia DR3 1479485670764815488 216.7465265  33.3852255  8.961  0.816       2.745   8.5480  16.6707    -3.61      nan      nan    9.646  nan      nan    nan   0.988     nan                                None     -56.800      38.987     -60.326       0.006      43.315       0.014
Gaia DR3 1390852423539881856 231.1220654  41.8441954 16.769  3.206       2.862   6.2650  17.8711    -5.60      nan      nan   10.539  nan      nan    nan   0.957     nan                                None     -52.636      52.965     -48.082       0.044      48.527       0.063
Gaia DR3 1588085946066374272 229.7447412  46.8056218 12.158  1.499       1.994  10.3330  20.3685    -3.12      nan      nan    9.869  nan      nan    nan   1.085     nan                                None     -50.276      49.544     -50.404       0.011      45.398       0.014
Gaia DR3 1587830825008931840 227.4499112  46.4347744 12.031  1.467       1.236   9.6833  20.4301    -2.60      nan      nan   10.176  nan      nan    nan   1.046     nan                                None     -53.472      49.512     -53.369       0.011      46.863       0.012
Gaia DR3 1589840182508765056 222.2968983  46.0907320 16.172  2.829       2.309   9.7808  21.3419    -1.13      nan      nan   10.346  nan      nan    nan   1.008     nan                                None     -57.778      46.673     -61.695       0.038      43.507       0.044
Gaia DR3 1372043834037834624 240.6081369  35.4901086 14.164  2.299       1.622  11.5869  21.8743   -11.15      nan      nan    9.334  nan      nan    nan   1.070     nan                                None     -39.469      49.547     -39.369       0.013      46.357       0.017
Gaia DR3 1478106745745995136 214.3375628  32.7463768 11.705  1.455       1.727  10.6434  22.4282    -2.83      nan      nan   10.301  nan      nan    nan   5.020     nan                                None     -61.844      40.152     -63.782       0.041      36.941       0.055
Gaia DR3 1384269991022042496 238.2359558  42.9697938 12.644  1.699       2.178  11.0106  22.6009    -7.16      nan      nan   10.202  nan      nan    nan   1.132     nan                                None     -45.210      55.568     -41.030       0.010      57.680       0.013
Gaia DR3 1320733921337429632 237.8737071  29.1997040  9.047  0.711       0.461  12.2796  23.7834   -12.99      nan      nan    9.904  nan      nan    nan   0.902     nan                                None     -44.192      48.701     -44.305       0.009      49.656       0.012
Gaia DR3 1293736993865010688 220.4636961  34.8779261 17.141  3.460       1.870   5.1290  23.9026    -4.57      nan      nan   11.545  nan      nan    nan   1.264     nan                                None     -65.703      49.359     -68.473       0.098      45.749       0.119
Gaia DR3 1383762630829219712 237.6031146  40.8175526 17.828  3.719       1.898   9.6508  24.9989    -7.95      nan      nan   11.079  nan      nan    nan   1.051     nan                                None     -49.686      59.321     -52.090       0.096      55.596       0.114
Gaia DR3 1293736993863407616 220.4638081  34.8777274 17.102  3.379       2.605   5.1290  25.4138    -4.57      nan      nan   11.769  nan      nan    nan   1.486     nan                                None     -66.975      50.315     -63.351       0.100      44.963       0.131
Gaia DR3 1377582898740712192 236.7490486  39.3141242 18.678  3.272       1.088   8.5738  25.7587    -8.37      nan      nan    7.833  nan      nan    nan   0.983     nan                                None     -35.681      41.247     -35.548       0.144      43.038       0.194
Gaia DR3 1221780554900277632 233.2139129  24.4806224 17.466  0.204       0.879  13.6444  25.7595   -13.23      nan      nan    9.279  nan      nan    nan   1.021     nan                                None     -44.876      41.926     -43.156       0.072      41.946       0.069
Gaia DR3 1603566691828916480 217.6694517  49.1421835 17.094  3.258       2.941  13.8666  26.5300     1.44      nan      nan    9.050  nan      nan    nan   0.987     nan                                None     -52.870      37.723     -51.538       0.058      43.173       0.058
Gaia DR3 1489843169079067008 221.3536459  42.3875138 11.974  1.620       1.199   6.7879  26.6345    -2.19      nan      nan   11.793  nan      nan    nan   1.142     nan                                None     -66.509      52.168     -65.829       0.011      55.070       0.013
Gaia DR3 1370956932434288640 236.9413493  34.0762752 17.401  3.052       1.893   9.0497  26.6608   -10.67      nan      nan    7.815  nan      nan    nan   1.006     nan                                None     -35.475      39.788     -36.961       0.067      42.530       0.077
Gaia DR3 1594750051682780928 232.0633040  50.3882284 16.906  3.155       2.876  14.2087  26.7373    -2.24      nan      nan    9.403  nan      nan    nan   0.997     nan                                None     -46.301      48.970     -51.648       0.053      50.947       0.064
Gaia DR3 1594750017323042176 232.0635072  50.3847749 16.947  3.144       2.955  14.2055  26.8330    -2.24      nan      nan    9.258  nan      nan    nan   0.944     nan                                None     -45.585      48.213     -50.778       0.055      50.722       0.065
Gaia DR3 1396437976968402432 236.1536578  43.2396502 13.286  1.999       2.465   9.8955  27.4324    -6.47      nan      nan   11.468  nan      nan    nan   0.999     nan                                None     -52.795      61.256     -51.619       0.010      67.099       0.013
Gaia DR3 1222943322803483392 236.5203062  25.7664166 15.904  2.884       1.526  14.0233  27.6773   -13.90      nan      nan   10.280  nan      nan    nan   1.000     nan                                None     -47.021      48.296     -44.354       0.020      46.342       0.033
Gaia DR3 1224588432716924544 236.9195939  28.4696742  7.327  0.613       1.816  12.1750  27.7789   -12.97      nan      nan   11.013  nan      nan    nan   3.439     nan                                None     -50.013      53.372     -52.279       0.050      49.816       0.069
Gaia DR3 1260110079995903232 212.8138239  27.3811013 16.228  2.450       2.610  14.7965  27.8886    -3.86      nan      nan    9.696  nan      nan    nan   1.022     nan                                None     -58.862      36.371     -56.775       0.050      41.281       0.045
Gaia DR3 1373950971316019456 232.3576882  33.9522078 16.386  2.906       2.891   5.6673  28.2711    -9.24      nan      nan    7.435  nan      nan    nan   0.997     nan                                None     -36.446      36.249     -32.647       0.035      38.720       0.043
Gaia DR3 1268295016352068864 225.0872621  26.8097773 13.698  2.215       1.723  10.0333  28.4796    -9.27      nan      nan   11.632  nan      nan    nan   1.086     nan                                None     -62.944      50.012     -61.594       0.013      46.010       0.015
Gaia DR3 1478061493970597248 214.7570084  32.5236498 14.693  2.422       1.227  10.4265  28.6145    -3.07      nan      nan   11.583  nan      nan    nan   1.089     nan                                None     -69.316      45.395     -72.107       0.017      46.481       0.020
Gaia DR3 1284574969627879552 218.4320985  30.8073186 19.408  3.662       0.666   8.8768  28.8579    -5.17      nan      nan   11.889  nan      nan    nan   1.110     nan                                None     -68.977      48.643     -67.307       0.319      48.643       0.301
Gaia DR3 1213629428522682368 228.2621678  21.4038484 14.261  2.196       1.618  15.4738  29.0581   -12.44      nan      nan    9.465  nan      nan    nan   1.070     nan                                None     -49.209      39.788     -48.744       0.020      36.593       0.019
Gaia DR3 1454043315292573440 209.3304429  30.6908182 15.383  2.597       1.959  15.3712  29.1760    -1.31      nan      nan    9.929  nan      nan    nan   1.180     nan                                None     -61.646      35.760     -57.554       0.037      36.015       0.026
Gaia DR3 1219627023933819520 238.2325007  25.0771224 11.512  1.268       2.679  15.5042  29.4210   -14.75      nan      nan    9.156  nan      nan    nan   3.592     nan                                None     -40.578      43.210     -38.052       0.027      38.698       0.036
Gaia DR3 1399718503053169536 240.0026426  48.1231269 11.980  1.520       1.915  15.1254  29.5183    -5.24      nan      nan   10.299  nan      nan    nan   1.043     nan                                None     -44.089      58.299     -40.316       0.011      56.550       0.015
Gaia DR3 1219627023935333120 238.2324084  25.0767799 12.360  1.429       2.398  15.5044  29.5924   -14.75      nan      nan    9.069  nan      nan    nan   1.818     nan                                None     -40.193      42.799     -37.612       0.035      39.011       0.038
