GaiaDR3                               RA         DEC   Gmag  Bp-Rp  Voff(km/s) Sep(deg)   3D(pc) Vr(pred)  Vr(obs)    Vrerr Plx(mas)  SpT    FnuvJ  W1-W3    RUWE  XCrate                               RVsrc    PMRApred   PMDecpred        PMRA     PMRAerr       PMDec    PMDecerr
Gaia DR3 5271055243163629056 124.5328961 -68.3145130 10.606  2.504       0.000   0.0000   0.0000    -6.10    -6.10     0.19   94.266  nan      nan    nan   1.272     nan                            Gaia_DR3      94.794    -340.084      94.794       0.018    -340.084       0.020
Gaia DR3 6364795328244240256 272.8164300 -78.9886078 12.733    nan       2.072  31.5613   6.1430     4.07    16.13     3.71   85.712  nan      nan    nan   2.204     nan                            Gaia_DR3      99.147     316.144      97.701       0.100     278.729       0.128
Gaia DR3 6364795328246346112 272.8149505 -78.9883353 11.241  3.099       2.157  31.5615   6.1475     4.07    12.78     3.32   85.634  nan      nan    nan  20.175     nan                            Gaia_DR3      99.065     315.854      64.591       0.409     297.742       0.485
Gaia DR3 4822636399484228224  79.3442524 -35.3659231 10.349  2.811       2.740  41.3923   7.9510   -12.81    -1.98     1.06   85.452  nan      nan    nan  17.883     nan                            Gaia_DR3    -171.469    -178.339    -219.383       0.309    -166.468       0.332
Gaia DR3 5645479806157346688 129.6409930 -28.7246301 10.765  2.514       1.391  39.7054   8.7142   -15.16    22.27     0.18   73.316  nan      nan    nan   2.247     nan                            Gaia_DR3      98.418    -140.066      77.628       0.025    -145.529       0.033
Gaia DR3 5164707970261890560  53.2282934  -9.4581682  3.466  1.140       2.777  74.3637  10.2220   -10.08      nan      nan  310.577  nan      nan    nan   2.717     nan                                None   -1025.896    -153.599    -974.758       0.160      20.876       0.120
Gaia DR3 3838384617141390208 140.4513283  -2.3286763 11.036  2.419       1.751  66.8709  12.4802   -16.10   -58.22     0.24   83.678  nan      nan    nan   1.118     nan                            Gaia_DR3     168.761     -23.140     176.974       0.024       6.635       0.018
Gaia DR3 5220893216305190528 122.0706103 -73.0285168 12.904  2.974       1.277   4.7829  12.5170    -4.72    12.12     2.09   43.371  nan      nan    nan  30.758     nan                            Gaia_DR3      36.441    -162.167      26.676       0.660    -168.559       0.783
Gaia DR3 3531296963739811200 169.2823078 -27.8138699  9.109  1.791       1.655  48.2652  13.2132    -8.12   -20.70     0.14   56.686  nan      nan    nan   0.957     nan                            Gaia_DR3     193.227     -60.106     204.835       0.012     -76.123       0.012
Gaia DR3 5796351145286316160 218.0437524 -73.9605536 13.045  2.982       2.065  27.5260  14.9370     2.25    59.98     0.79   42.523  nan      nan    nan   1.136     nan                            Gaia_DR3     159.830      48.972     151.270       0.012      65.384       0.017
Gaia DR3 3837746380705638656 142.2890689  -2.7508698  6.949  1.039       1.816  66.6654  16.9665   -15.78    11.62     0.12   55.268  nan      nan    nan   1.105     nan                            Gaia_DR3     117.441     -16.490     138.579       0.031     -17.301       0.034
Gaia DR3 3837697972130323456 142.2877319  -2.7690784  4.465  0.617       1.280  66.6472  17.0574   -15.78     9.93     0.17   54.919  nan      nan    nan   3.144     nan                            Gaia_DR3     116.695     -16.444     116.374       0.517     -31.265       0.546
Gaia DR3 5044165796088003584  45.0853919 -40.5001482 16.292    nan       1.638  49.0847  17.2030    -5.66      nan      nan   45.108  nan      nan    nan   0.918     nan                                None    -161.424     -54.240    -146.147       0.070     -51.203       0.090
Gaia DR3 5044165727370002304  45.0858737 -40.5000142 16.044  4.363       2.185  49.0846  17.2917    -5.66      nan      nan   44.905  nan      nan    nan   1.001     nan                                None    -160.697     -53.997    -144.405       0.061     -66.745       0.071
Gaia DR3 1355264565043431040 257.3834721  43.6801058 10.453  2.877       2.436 145.4362  17.4081    11.00   -22.00    12.65  131.600  nan      nan    nan  23.182     nan                            Gaia_DR3     279.273    -316.748     332.032       0.514    -274.501       0.492
Gaia DR3 3181197137010596480  71.7147024 -11.2800511 12.225  2.771       1.093  66.3743  17.5978   -14.35    13.41     0.72   52.849  nan      nan    nan   2.094     nan                            Gaia_DR3    -129.042     -39.362    -140.901       0.036     -42.141       0.035
Gaia DR3 3181197137010596608  71.7151177 -11.2801600 11.400  2.661       2.053  66.3741  17.6207   -14.35    12.61     0.45   52.772  nan      nan    nan   1.564     nan                            Gaia_DR3    -128.853     -39.306    -142.551       0.032     -57.583       0.028
Gaia DR3 2161121135533953536 270.5711928  64.2605836 11.758  3.259       2.324 165.9592  18.2674     7.10      nan      nan  128.306  nan      nan    nan   1.448     nan                                None     167.326    -439.531     196.394       0.041    -383.789       0.040
Gaia DR3 5808812121015148160 246.7607328 -69.7362981 12.568    nan       2.063  36.5376  18.2739     5.36    21.95     0.59   38.954  nan      nan    nan  29.123     nan                            Gaia_DR3     105.236     103.810      88.306       0.569     103.124       0.748
Gaia DR3 4062783361232757632 269.9823375 -27.6380761 19.557    nan       1.947  80.7094  18.3798    15.94      nan      nan   59.455  nan      nan    nan   1.326     nan                                None      79.816      95.389     103.409       1.187      89.134       0.863
Gaia DR3 1471777269618346240 204.3716201  35.7175016  8.358  1.800       2.673 119.3107  18.5990     0.83   -15.08     0.12   91.388  nan      nan    nan   1.037     nan                            Gaia_DR3     360.510     -27.045     319.901       0.009     -58.705       0.013
Gaia DR3 4310275491469537152 283.8646201   8.4022017  9.030  2.538       2.893 118.5417  18.6816    18.36      nan      nan   89.906  nan      nan    nan   1.259     nan                                None      36.867     -64.010      91.478       0.026     -69.022       0.025
Gaia DR3 4775347916201249792  66.0499997 -57.0716709  6.707  0.780       2.124  27.7548  18.7992    -6.81    -4.59     0.14   36.329  nan      nan    nan   0.979     nan                            Gaia_DR3     -99.439     -89.882    -105.673       0.019     -74.857       0.022
 Gaia DR3 939599584345993984 105.8462275  34.6982333 11.760  2.873       2.638 103.9563  18.8837   -15.76     2.95     0.36   75.346  nan      nan    nan   1.125     nan                            Gaia_DR3     -20.623     160.763     -57.348       0.031     140.588       0.027
Gaia DR3 4269379774976572160 286.9503883   4.2877812 20.029    nan       2.844 114.8812  18.9404    18.63      nan      nan   84.388  nan      nan    nan   2.214     nan                                None      16.674     -36.576     -19.260       1.947      -0.963       1.528
Gaia DR3 5400741883744783616 166.5809733 -35.7436935 11.745  2.276       1.905  40.0463  19.8374    -7.96    22.88     0.23   37.387  nan      nan    nan   1.586     nan                            Gaia_DR3     123.759     -51.562     138.700       0.024     -50.045       0.024
Gaia DR3 5400694978404706560 166.5962086 -35.7486004  9.389  1.505       0.790  40.0465  19.8441    -7.96      nan      nan   37.377  nan      nan    nan   1.144     nan                                None     123.748     -51.534     128.549       0.018     -47.573       0.019
Gaia DR3 5320436784269889792 122.1415463 -53.0170341 17.810  1.458       1.641  15.3395  20.0035   -10.50      nan      nan   33.293  nan      nan    nan   0.904     nan                                None      28.134    -105.590      21.891       0.087    -115.269       0.102
Gaia DR3 2110165780975185792 278.6530518  40.1230780 10.168  2.770       1.825 148.5436  20.6966    13.65    12.57     0.16   91.800  nan      nan    nan   1.109     nan                            Gaia_DR3      70.308    -239.394      57.531       0.023    -206.467       0.022
Gaia DR3 2894711926334634880  96.7575582 -31.0339367 14.503  3.162       1.965  40.6064  21.1395   -15.32   -21.26     3.78   35.671  nan      nan    nan   1.123     nan                            Gaia_DR3     -31.886     -75.123     -29.920       0.020     -89.766       0.022
Gaia DR3 4410702581435191296 237.5475233   0.9588820 11.354  2.521       2.984  99.2067  21.3553    11.47   -12.71     0.26   59.121  nan      nan    nan   1.562     nan                            Gaia_DR3     185.030     -10.572     183.515       0.036     -47.738       0.030
Gaia DR3 4255771256961780480 284.2068295  -3.3326984 20.120    nan       2.651 106.9716  21.3686    18.68      nan      nan   63.655  nan      nan    nan   1.508     nan                                None      24.606       5.785      -8.714       1.809      -6.668       1.633
Gaia DR3 2052891361294411520 289.7444382  38.7215145 14.469  0.638       2.372 149.3172  21.6801    14.23      nan      nan   84.244  nan      nan    nan   0.991     nan                                None       0.394    -217.635      25.200       0.018    -251.677       0.020
Gaia DR3 3073123351683582720 128.0191052  -1.4766305 18.978  4.272       2.578  66.8805  21.9710   -17.80      nan      nan   41.926  nan      nan    nan   1.096     nan                                None      51.841      -9.858      61.476       0.342      10.787       0.245
Gaia DR3 4617960488907213184  24.6751173 -83.4259223 15.694  0.419       2.453  23.6699  22.0251     0.47      nan      nan   31.923  nan      nan    nan   1.041     nan                                None    -125.877     -11.144    -121.184       0.034     -26.969       0.036
 Gaia DR3 952326504452337792 101.6847206  43.5781558  5.106  0.736       2.520 113.1957  22.9621   -13.91   -23.86     0.12   60.202  nan      nan    nan   1.149     nan                            Gaia_DR3     -33.682     156.550      -2.705       0.080     164.523       0.074
Gaia DR3 3299496547982121216  66.7796088   8.9841018 17.381  5.116       1.120  87.1552  23.4909   -13.65      nan      nan   46.528  nan      nan    nan   0.975     nan                                None    -125.652      14.662    -128.873       0.173       4.161       0.110
Gaia DR3 1573086507223498496 183.0899280  54.4901731 12.097  2.790       2.555 130.1240  23.5230    -3.67   -17.81     0.41   65.601  nan      nan    nan   1.500     nan                            Gaia_DR3     248.627      55.535     239.392       0.021      89.639       0.022
Gaia DR3 1573086442800134272 183.0886932  54.4861659  9.043  1.889       2.892 130.1201  23.5273    -3.67   -17.46     0.15   65.579  nan      nan    nan   0.906     nan                            Gaia_DR3     248.544      55.517     232.525       0.011      92.148       0.011
Gaia DR3 4315860014088228864 290.4381164  11.6026278 20.840    nan       2.801 122.5444  23.5737    18.24      nan      nan   62.093  nan      nan    nan   1.476     nan                                None      -2.684     -57.830       2.014       2.000     -21.469       1.704
Gaia DR3 5308891980919491072 145.1502229 -53.8678823 15.578  3.429       2.961  17.3644  24.0343    -8.49      nan      nan   29.455  nan      nan    nan   1.056     nan                                None      67.422     -79.202      49.037       0.033     -79.521       0.031
Gaia DR3 2985445481282657024  81.7579082 -13.4637624 14.891  3.661       1.723  61.3062  24.1003   -15.95      nan      nan   36.597  nan      nan    nan   5.217     nan                                None     -68.114     -34.681     -81.337       0.143     -36.020       0.139
Gaia DR3 5583279333855503488 102.6136548 -32.0553154 13.774  3.045       2.782  38.3984  24.1060   -15.43    30.46    10.00   31.744  nan      nan    nan   1.242     nan                            Gaia_DR3     -15.742     -69.869     -26.325       0.015     -54.548       0.015
Gaia DR3 6169506807428205440 202.3912977 -31.5257880 14.639  3.182       1.221  56.4872  24.7199     1.06    26.05     4.18   34.554  nan      nan    nan   1.204     nan                            Gaia_DR3     136.603      -0.856     127.864       0.030      -2.505       0.024
Gaia DR3 6496915737814691840 357.7349255 -55.0259960 13.295  2.714       2.171  50.6135  25.1031     4.58    19.63     0.87   32.832  nan      nan    nan   1.195     nan                            Gaia_DR3    -120.402      37.413    -114.689       0.012      23.518       0.013
Gaia DR3 1193465794018333824 233.7227283  12.3302213 20.558  2.672       0.647 108.4869  25.4075    10.08      nan      nan   50.083  nan      nan    nan   1.155     nan                                None     164.485     -30.379     170.287       1.693     -33.985       1.431
Gaia DR3 4056264008976922368 269.7131942 -29.7431182 19.309  0.288       2.348  78.6026  25.5714    15.62      nan      nan   39.281  nan      nan    nan   1.971     nan                                None      53.419      67.706      43.483       1.435      50.994       0.874
Gaia DR3 4314774727403233664 292.3479179  10.7253761 20.034  2.423       1.114 121.8574  25.8156    18.29      nan      nan   53.784  nan      nan    nan   3.411     nan                                None      -9.416     -46.880      -6.431       2.086     -34.603       1.578
Gaia DR3 4105385244858190848 280.3065971 -13.4483216 20.245  1.887       1.201  96.4088  25.9255    18.15      nan      nan   44.442  nan      nan    nan   2.197     nan                                None      29.045      34.363      18.146       2.567      37.155       1.686
Gaia DR3 4254909720964689536 282.6360970  -4.9632065 20.005  2.136       2.862 105.1398  26.1300    18.60      nan      nan   47.016  nan      nan    nan   1.745     nan                                None      23.243       9.493      -2.525       1.879      -2.365       1.385
Gaia DR3 5757303295492786176 135.1179236  -6.8730360 12.689  2.851       1.822  61.8479  26.2181   -16.76    16.76     1.22   33.901  nan      nan    nan   3.011     nan                            Gaia_DR3      57.345     -19.169      44.498       0.104     -17.066       0.075
Gaia DR3 3134656768313842304 113.4022603   0.8716430 20.174  1.805       0.612  69.6116  26.4726   -18.73      nan      nan   35.424  nan      nan    nan   1.764     nan                                None       8.778      -2.770       7.362       1.562      -7.119       1.165
Gaia DR3 1683677624423753472 181.7353285  70.1304228 10.892  2.845       2.474 143.6953  26.6659    -2.60      nan      nan   57.582  nan      nan    nan   1.101     nan                                None     216.624      63.791     229.216       0.027      36.532       0.026
Gaia DR3 1683677624423753600 181.7392915  70.1312557 12.969  3.001       0.587 143.6967  26.6907    -2.59   -19.04     0.59   57.497  nan      nan    nan   1.178     nan                            Gaia_DR3     216.312      63.684     223.358       0.024      64.667       0.023
Gaia DR3 4265415520171267968 283.8072754  -0.5947991 20.367    nan       2.794 109.6293  26.9159    18.66      nan      nan   46.666  nan      nan    nan   1.390     nan                                None      19.320      -4.547      -8.127       2.065      -3.025       1.459
Gaia DR3 2871730307948650368 355.9602000  32.5460473 12.967 -0.043       1.989 133.9567  27.0636     6.04      nan      nan   53.762  nan      nan    nan   0.952     nan                                None    -194.585     -52.552    -215.905       0.033     -59.871       0.021
Gaia DR3 2019504931247253632 293.5188745  23.3786428 20.443  2.007       2.160 134.5596  27.2935    16.92      nan      nan   53.240  nan      nan    nan   1.495     nan                                None     -13.621     -90.188     -10.444       1.159    -114.219       3.136
Gaia DR3 5343571127413772160 179.6148690 -56.6066959 12.269  2.250       2.236  26.8447  27.8032    -3.02    20.71     0.47   27.135  nan      nan    nan   1.002     nan                            Gaia_DR3     100.781     -33.020     108.588       0.011     -43.151       0.012
Gaia DR3 5590588199964257792 107.9965213 -35.1711725 13.247    nan       2.813  34.4305  28.6217   -14.95    -3.61     5.23   27.221  nan      nan    nan   1.110     nan                            Gaia_DR3      -3.413     -65.098     -18.463       0.092     -59.264       0.095
Gaia DR3 4314851212200995968 291.9360579  11.1481577 19.916  2.260       2.535 122.2405  28.7501    18.27      nan      nan   46.179  nan      nan    nan   2.219     nan                                None      -6.772     -41.576       0.608       1.007     -18.025       1.115
  Gaia DR3 19523203341631104  36.8046801   7.2777820 14.941  3.719       1.577  95.9226  29.1080    -5.52   -43.68     4.30   38.412  nan      nan    nan   8.691     nan                            Gaia_DR3    -145.374       0.358    -137.449       0.383      -9.660       0.338
Gaia DR3 1312891585932617344 252.6696032  30.7617335 14.683  3.496       2.000 132.1716  29.1348    12.51    -7.03     4.44   47.774  nan      nan    nan   1.156     nan                            Gaia_DR3     114.153     -82.758      95.824       0.028     -74.407       0.029
Gaia DR3 4255120964566522240 282.3089684  -4.6421444 20.019  3.085       2.860 105.4106  29.1404    18.59      nan      nan   40.870  nan      nan    nan   1.418     nan                                None      21.120       7.344      -0.361       1.363      -4.734       1.237
Gaia DR3 4264353838563541504 289.6725736   0.2348149 19.244  1.388       0.805 111.1590  29.1934    18.76      nan      nan   42.307  nan      nan    nan   1.967     nan                                None       0.408      -6.537      -5.596       0.893      -2.594       0.629
Gaia DR3 5756707978666319744 136.5494662  -6.1944680 19.824  3.079       2.444  62.6406  29.1978   -16.59      nan      nan   30.759  nan      nan    nan   1.148     nan                                None      54.763     -15.959      38.913       0.546     -15.914       0.383
Gaia DR3 4042561933559490048 271.3063105 -33.9585015 18.531  1.454       1.991  74.7710  29.3577    15.12      nan      nan   33.001  nan      nan    nan   2.663     nan                                None      41.452      65.393      46.057       1.310      52.332       0.872
Gaia DR3 3049894214342755072 104.8350229  -9.3811383 14.464  2.990       2.293  60.3500  29.5522   -18.33    -8.53     4.24   30.007  nan      nan    nan   1.205     nan                            Gaia_DR3     -10.303     -23.378      -4.738       0.025     -36.775       0.025
Gaia DR3 4263234054691798016 291.2133832  -0.8948560 19.886  0.948       0.500 110.1827  29.5848    18.76      nan      nan   41.324  nan      nan    nan   2.379     nan                                None      -3.999      -3.161      -7.287       1.724      -6.018       1.738
Gaia DR3 3557665241141608576 161.9846358 -15.5211153 12.224  2.191       2.202  57.9067  29.6763   -10.91      nan      nan   29.482  nan      nan    nan   1.923     nan                                None      92.154     -23.076      78.750       0.031     -20.328       0.030
