GaiaDR3                               RA         DEC   Gmag  Bp-Rp  Voff(km/s) Sep(deg)   3D(pc) Vr(pred)  Vr(obs)    Vrerr Plx(mas)  SpT    FnuvJ  W1-W3    RUWE  XCrate                               RVsrc    PMRApred   PMDecpred        PMRA     PMRAerr       PMDec    PMDecerr
 Gaia DR3 102461087706561024  35.2135627  23.5204287 13.119  2.411       0.000   0.0000   0.0000    -3.47      nan      nan   16.450  nan      nan    nan   1.140     nan                                None      42.116     -86.609      42.116       0.021     -86.609       0.017
 Gaia DR3 102461087706561280  35.2131661  23.5196674 14.583  2.780       0.246   0.0008   0.7352    -3.47      nan      nan   16.253  nan      nan    nan   1.788     nan                                None      41.613     -85.574      41.583       0.058     -84.732       0.042
 Gaia DR3 110177662172926976  44.4782356  23.6498079 12.583  2.113       0.883   8.4903   9.1986    -1.82      nan      nan   17.209  nan      nan    nan   1.251     nan                                None      39.524     -93.293      38.791       0.029     -96.412       0.025
  Gaia DR3 96582853730510592  24.9612759  20.5371762 12.558  2.008       0.539   9.9578  10.5535    -4.29      nan      nan   16.445  nan      nan    nan   1.314     nan                                None      45.616     -84.331      47.459       0.025     -84.014       0.019
 Gaia DR3 289229321120918912  24.0458820  22.3304479 15.850  3.202       1.235  10.3514  11.7186    -5.25      nan      nan   15.614  nan      nan    nan   1.028     nan                                None      43.543     -79.325      45.086       0.054     -83.086       0.042
 Gaia DR3 116020471258976000  43.7753962  26.4539581 16.727  3.569       2.482   8.2939  11.9866    -3.19      nan      nan   19.237  nan      nan    nan   1.107     nan                                None      44.609    -103.560      34.663       0.114    -102.020       0.083
Gaia DR3 2589195578123246208  26.6611247  15.7598874 15.879  3.177       1.326  11.1784  12.2532    -1.88      nan      nan   17.767  nan      nan    nan   1.236     nan                                None      48.762     -92.531      52.986       0.110     -89.921       0.099
Gaia DR3 2589195578123069056  26.6624592  15.7595589 15.409  3.022       0.797  11.1777  12.3409    -1.88      nan      nan   17.866  nan      nan    nan   1.075     nan                                None      49.031     -93.043      50.700       0.051     -90.550       0.045
 Gaia DR3 288450488931235584  23.0394988  20.6217317 14.325  2.697       1.387  11.6437  15.1104    -4.74      nan      nan   14.629  nan      nan    nan   1.174     nan                                None      41.021     -74.515      44.950       0.027     -72.821       0.016
 Gaia DR3 103430101047966080  35.5701188  26.2688730  8.276  0.871       0.399   2.7674  15.2003    -4.60      nan      nan   13.222  nan      nan    nan   0.896     nan                                None      33.733     -69.160      34.807       0.024     -68.872       0.020
 Gaia DR3 326715520804342400  37.7164423  34.3489591 14.997  2.730       1.493  11.0466  16.0418    -7.67      nan      nan   14.145  nan      nan    nan   1.162     nan                                None      35.298     -72.085      35.324       0.041     -67.631       0.034
Gaia DR3 2573661334248407168  24.6335713  11.2726560 13.600  2.441       0.789  15.8559  16.6126    -0.40      nan      nan   17.001  nan      nan    nan   1.291     nan                                None      47.249     -88.469      49.288       0.090     -86.507       0.061
 Gaia DR3 118985235644116224  51.6711939  28.6978952  9.639  1.168       0.661  15.6414  17.7626    -2.94      nan      nan   19.345  nan      nan    nan   1.193     nan                                None      39.664    -106.351      41.164       0.019    -104.112       0.016
 Gaia DR3 118986060277836160  51.6476358  28.7146057  6.325  1.205       2.050  15.6260  18.2227    -2.95      nan      nan   19.784  nan      nan    nan   5.544     nan                                None      40.580    -108.751      46.794       0.153    -102.876       0.112
   Gaia DR3 7001556902355840  45.3446980   6.2487378  8.650  0.907       2.964  19.8313  20.7256     6.11      nan      nan   18.139  nan      nan    nan  41.479     nan                                None      41.156     -95.986      36.591       0.782     -85.613       0.572
  Gaia DR3 61019498025728256  51.2015990  20.6789864 17.438  3.506       1.660  15.0745  20.7896     0.65      nan      nan   13.851  nan      nan    nan   1.018     nan                                None      28.636     -76.515      24.409       0.141     -74.140       0.129
 Gaia DR3 343477266329836544  26.3910832  37.8131557 17.816  3.886       2.771  16.1624  20.8272   -11.06      nan      nan   14.178  nan      nan    nan   0.926     nan                                None      38.980     -66.215      44.961       0.151     -71.944       0.165
 Gaia DR3 323552328929019520  20.2816653  39.2561511 14.764  2.712       1.931  20.1908  21.2687   -12.71      nan      nan   16.519  nan      nan    nan   1.122     nan                                None      46.950     -73.031      41.184       0.033     -69.568       0.025
 Gaia DR3 323552328929019648  20.2794388  39.2548402 12.151  2.047       2.403  20.1910  21.3374   -12.71      nan      nan   16.411  nan      nan    nan  10.253     nan                                None      46.645     -72.556      45.072       0.133     -64.392       0.105
  Gaia DR3 70410942235044864  58.0080504  26.5030707 18.028  0.694       2.418  20.8428  21.6319    -1.03      nan      nan   17.504  nan      nan    nan   1.017     nan                                None      31.620     -98.244      34.217       0.147    -106.780       0.100
  Gaia DR3 28999211160988416  44.3543151  12.8548629 13.207  2.570       2.627  13.7427  22.4698     3.00      nan      nan   23.903  nan      nan    nan   1.223     nan                                None      54.992    -128.980      48.630       0.021    -140.590       0.016
  Gaia DR3 24372294433029248  37.0915065  10.5671480 11.274  1.452       1.560  13.0764  22.5808     2.60      nan      nan   12.966  nan      nan    nan   1.020     nan                                None      32.572     -68.856      36.438       0.022     -70.653       0.022
Gaia DR3 2567126932352071680  27.6637048   5.2064018 12.681  2.361       2.501  19.7065  22.8738     2.90      nan      nan   21.240  nan      nan    nan   1.395     nan                                None      57.900    -110.380      46.969       0.028    -112.808       0.022
 Gaia DR3 135490004687281664  43.9752927  31.5823941 12.705  2.012       0.269  11.1863  23.9051    -5.43      nan      nan   12.433  nan      nan    nan   1.323     nan                                None      28.753     -65.968      29.078       0.042     -66.595       0.032
 Gaia DR3 135490004688728064  43.9750363  31.5787288  7.956  0.577       1.470  11.1836  24.1129    -5.43      nan      nan   12.396  nan      nan    nan   0.958     nan                                None      28.668     -65.772      31.587       0.028     -63.274       0.023
  Gaia DR3 25625428450975104  40.3575024  11.6846931 16.350  3.240       1.056  12.8067  24.1279     2.76      nan      nan   12.611  nan      nan    nan   1.281     nan                                None      30.542     -67.453      29.622       0.117     -64.800       0.074
  Gaia DR3 37637077589965184  55.0850686  12.7140349 12.653  2.187       1.976  21.7191  24.1517     4.90      nan      nan   20.970  nan      nan    nan   1.108     nan                                None      40.302    -114.953      32.216       0.026    -118.261       0.019
 Gaia DR3 135490004688727936  43.9750769  31.5826480 12.794  1.968       1.869  11.1863  24.2853    -5.43      nan      nan   12.366  nan      nan    nan   1.263     nan                                None      28.599     -65.612      28.072       0.048     -60.768       0.036
Gaia DR3 2586518503532804736  20.9619432  11.9491594 16.016  2.627       1.921  17.8114  24.4311    -1.52      nan      nan   13.564  nan      nan    nan   1.078     nan                                None      38.434     -70.063      43.890       0.057     -70.690       0.035
  Gaia DR3 69408561289137792  54.0286872  25.7006101 12.145  1.617       1.692  17.2293  24.7167    -1.22      nan      nan   13.334  nan      nan    nan   1.145     nan                                None      26.167     -74.115      26.295       0.017     -78.869       0.013
 Gaia DR3 434225248074740224  46.2492843  46.5845731  8.084  0.800       1.423  24.7130  25.5822   -11.46      nan      nan   17.199  nan      nan    nan   1.070     nan                                None      38.512     -84.171      35.461       0.032     -88.330       0.039
 Gaia DR3 373777745209479808  18.3442367  44.6102899 10.865  1.563       2.844  25.1863  25.8897   -14.93      nan      nan   18.516  nan      nan    nan   1.165     nan                                None      53.049     -75.618      45.878       0.015     -67.145       0.017
Gaia DR3 2498551839529273600  41.9473000  -0.1129040 12.848  2.210       2.828  24.5216  27.0037     8.20      nan      nan   21.890  nan      nan    nan   1.023     nan                                None      51.988    -111.998      38.938       0.020    -112.156       0.018
 Gaia DR3 336292267081867392  43.9581401  41.4267444 15.665    nan       2.016  19.3402  27.0414    -9.65      nan      nan   13.260  nan      nan    nan   1.004     nan                                None      30.673     -66.717      36.125       0.134     -68.145       0.127
 Gaia DR3 231258395184913408  57.7618761  42.2619034 13.548  2.733       0.672  26.4782  27.2008    -8.25      nan      nan   19.187  nan      nan    nan  52.839     nan                                None      34.849    -102.406      36.502       0.838    -100.249       0.621
 Gaia DR3 288454539085208064  23.1156594  20.7994191 12.160  2.411       1.998  11.5255  27.2731    -4.80      nan      nan   28.453  nan      nan    nan   1.990     nan                                None      79.756    -144.883      84.589       0.035    -155.852       0.020
Gaia DR3 2514573029615880960  32.5471440   2.7666381 13.616  2.547       0.260  20.9135  27.3053     5.03      nan      nan   24.869  nan      nan    nan   1.365     nan                                None      65.256    -128.744      66.193       0.035    -127.751       0.024
Gaia DR3 2493190483393215232  33.5915330  -3.1918133 15.934  2.884       0.896  26.7590  27.9208     7.77      nan      nan   16.723  nan      nan    nan   1.099     nan                                None      43.475     -84.221      41.228       0.059     -86.441       0.045
 Gaia DR3 318370051453834496  25.9294443  35.3836156 16.483  2.909       1.337  14.3387  29.0154   -10.20      nan      nan   11.947  nan      nan    nan   0.993     nan                                None      32.944     -56.773      30.127       0.064     -54.926       0.055
 Gaia DR3 120390514583691264  55.0730937  30.7572254 14.353  2.659       2.170  19.0606  29.7950    -3.39      nan      nan   12.551  nan      nan    nan   1.426     nan                                None      24.127     -69.433      19.249       0.038     -72.460       0.032
 Gaia DR3 171217982198981632  67.3004146  30.6607731 13.306  2.538       0.527  29.3361  29.9779    -1.89      nan      nan   20.168  nan      nan    nan   1.263     nan                                None      28.431    -115.267      28.225       0.025    -113.034       0.019
