GaiaDR3                               RA         DEC   Gmag  Bp-Rp  Voff(km/s) Sep(deg)   3D(pc) Vr(pred)  Vr(obs)    Vrerr Plx(mas)  SpT    FnuvJ  W1-W3    RUWE  XCrate                               RVsrc    PMRApred   PMDecpred        PMRA     PMRAerr       PMDec    PMDecerr
Gaia DR3 2501948402746099456  40.1799002   1.1997078  9.038  1.494       0.000   0.0000   0.0000    72.93      nan      nan   41.822  nan      nan    nan   1.254     nan                                None     283.915     231.745     283.915       0.024     231.745       0.022
 Gaia DR3 105449766468765952  32.0784575  25.7146422 18.790  3.760       1.128  25.7282  10.5119    72.51      nan      nan   43.099  nan      nan    nan   1.050     nan                                None     382.376     -37.077     374.513       0.338     -30.506       0.335
 Gaia DR3 117709729140217216  52.2076480  26.4861695 12.138  2.765       0.046  27.8052  12.5698    81.74      nan      nan   65.132  nan      nan    nan   1.476     nan                                None     225.274    -133.015     225.899       0.037    -133.004       0.033
 Gaia DR3 126144258931133568  39.7417987  25.2211218 14.728  3.257       2.461  24.0251  14.6594    77.08      nan      nan   30.488  nan      nan    nan   1.179     nan                                None     210.525     -35.938     208.525       0.039     -51.629       0.035
 Gaia DR3 126144258931133440  39.7412693  25.2216873 17.014  3.829       2.220  24.0257  14.7327    77.08      nan      nan   30.398  nan      nan    nan   1.156     nan                                None     209.904     -35.835     211.976       0.121     -49.911       0.111
 Gaia DR3 139844448691710464  42.4337806  34.2706306 15.401  3.590       2.791  33.1380  17.0040    76.44      nan      nan   32.365  nan      nan    nan   1.360     nan                                None     200.113    -126.050     219.125       0.056    -127.105       0.054
 Gaia DR3 388443168737947264   8.4641655  43.6694103 19.324  3.771       2.621  50.9764  20.7643    51.48      nan      nan   41.095  nan      nan    nan   1.000     nan                                None     567.089     -92.935     545.423       0.339     -86.134       0.329
Gaia DR3 2485471465089628928  23.0964888  -1.7996191 12.994  2.339       2.731  17.3426  22.0207    58.81      nan      nan   22.905  nan      nan    nan   1.168     nan                                None     251.338     143.264     243.152       0.029     132.925       0.014
Gaia DR3 4900108950849461248   5.0356095 -64.8696171  4.074  0.769       1.983  70.8386  22.5987    -7.90      nan      nan  116.183  nan      nan    nan   3.211     nan                                None    1665.797    1191.081    1706.747       0.162    1164.959       0.156
 Gaia DR3 329592805293905024  33.0152687  36.0853503 12.893  2.504       0.783  35.5127  23.5098    71.14      nan      nan   26.020  nan      nan    nan   1.457     nan                                None     224.800     -95.865     224.207       0.027     -91.614       0.029
 Gaia DR3 355896834283580416  29.6466244  46.0346356 12.868  2.604       1.555  45.7776  24.3549    65.30      nan      nan   29.426  nan      nan    nan   1.576     nan                                None     278.504    -171.807     282.372       0.037    -180.646       0.043
 Gaia DR3 157075097273503872  76.2503220  30.3730815 13.134  2.439       0.925  44.9446  26.3900    80.86      nan      nan   26.882  nan      nan    nan   1.140     nan                                None     -94.088     -86.073     -93.159       0.016     -91.235       0.012
 Gaia DR3 530438704553073280   3.3250060  69.3256804 12.048  2.550       2.325  72.4206  26.3902    39.63      nan      nan   48.731  nan      nan    nan   2.269     nan                                None     710.849    -270.362     734.300       0.267    -274.918       0.238
Gaia DR3 1118916397395366656 133.8353488  70.7929509  8.274  1.792       1.309  90.0687  26.5798    35.29      nan      nan   86.354  nan      nan    nan   1.766     nan                                None   -1352.826    -306.570   -1329.023       0.031    -307.495       0.034
 Gaia DR3 116422961234175744  43.5858342  27.8001171 16.206  3.306       2.309  26.7996  29.9052    78.55      nan      nan   20.310  nan      nan    nan   1.140     nan                                None     119.215     -42.836     109.359       0.084     -43.614       0.067
